/*--------------------------------*- C++ -*----------------------------------*\
  =========                 |
  \\      /  F ield         | OpenFOAM: The Open Source CFD Toolbox
   \\    /   O peration     | Website:  https://openfoam.org
    \\  /    A nd           | Version:  10
     \\/     M anipulation  |
\*---------------------------------------------------------------------------*/
FoamFile
{
    format      ascii;
    class       volVectorField;
    location    "0.00023";
    object      U;
}
// * * * * * * * * * * * * * * * * * * * * * * * * * * * * * * * * * * * * * //

dimensions      [0 1 -1 0 0 0 0];

internalField   nonuniform List<vector> 
100
(
(0.9101884226697 -6.8178824181441e-23 -6.8178824181441e-23)
(0.91017562828786 7.874057368251e-23 7.874057368251e-23)
(0.9101731283796 3.1005603553011e-22 3.1005603553011e-22)
(0.91016374204046 3.8282793583847e-22 3.8282793583847e-22)
(0.91015088391836 3.0538239708835e-22 3.0538239708835e-22)
(0.9101337155126 -1.2340697592022e-22 -1.2340697592022e-22)
(0.9101208692473 -1.8219293616948e-22 -1.8219293616948e-22)
(0.91011403704373 4.3831904533142e-23 4.3831904533142e-23)
(0.91011102358839 -1.4752022389774e-22 -1.4752022389774e-22)
(0.91010988461612 9.1965612203976e-23 9.1965612203976e-23)
(0.91010950781119 3.5853754688646e-22 3.5853754688646e-22)
(0.9101093968162 -3.5999329131598e-23 -3.5999329131598e-23)
(0.9101093673291 -2.5943367240879e-22 -2.5943367240879e-22)
(0.9101093601913 1.845586462556e-22 1.845586462556e-22)
(0.91010935860375 2.0820951208618e-22 2.0820951208618e-22)
(0.9101093582771 -2.2056485173914e-23 -2.2056485173914e-23)
(0.91010935821449 1.7390154153354e-22 1.7390154153354e-22)
(0.91010935820324 -5.5545150472214e-23 -5.5545150472214e-23)
(0.91010935820134 -1.9224806366536e-22 -1.9224806366536e-22)
(0.91010935820107 -9.263771563113e-24 -9.263771563113e-24)
(0.91010935820105 -1.6082270922595e-22 -1.6082270922595e-22)
(0.91010935820104 -8.8763958864246e-23 -8.8763958864246e-23)
(0.91010935820104 2.7031503383393e-22 2.7031503383393e-22)
(0.91010935820105 5.3389481753413e-23 5.3389481753413e-23)
(0.91010935820104 -4.0041267233218e-22 -4.0041267233218e-22)
(0.91010935820105 -2.7730044998672e-22 -2.7730044998672e-22)
(0.91010935820105 -8.0494187727246e-24 -8.0494187727246e-24)
(0.91010935820105 1.9129658365252e-23 1.9129658365252e-23)
(0.91010935820102 3.1638298298322e-23 3.1638298298322e-23)
(0.91010935820104 7.087067108399e-23 7.087067108399e-23)
(0.91010935820104 1.2763551615566e-22 1.2763551615566e-22)
(0.91010935820105 -6.5012346736641e-23 -6.5012346736641e-23)
(0.91010935820104 1.2271068384215e-22 1.2271068384215e-22)
(0.91010935820105 1.8700437818754e-22 1.8700437818754e-22)
(0.91010935820103 -2.5210189803348e-22 -2.5210189803348e-22)
(0.91010935820105 -1.2738451764306e-22 -1.2738451764306e-22)
(0.91010935820104 2.3479212070069e-22 2.3479212070069e-22)
(0.91010935820105 1.5063330427566e-22 1.5063330427566e-22)
(0.91010935820104 6.1146689298377e-23 6.1146689298377e-23)
(0.91010935820106 3.0342521447168e-22 3.0342521447168e-22)
(0.91010935820104 1.6708102647582e-22 1.6708102647582e-22)
(0.91010935820104 -4.4954740411539e-22 -4.4954740411539e-22)
(0.91010935820104 -2.0601745801084e-22 -2.0601745801084e-22)
(0.91010935820105 1.5590961412896e-22 1.5590961412896e-22)
(0.91010935820104 -9.9032446016723e-23 -9.9032446016723e-23)
(0.91010935820105 -2.0452376289294e-22 -2.0452376289294e-22)
(0.91010935820104 -1.1822450691006e-22 -1.1822450691006e-22)
(0.91010935820104 2.5181721540184e-23 2.5181721540184e-23)
(0.91010935820105 2.8167054462275e-22 2.8167054462275e-22)
(0.91010935820104 -2.3880495002188e-23 -2.3880495002188e-23)
(0.91010935820105 -2.688839067944e-22 -2.688839067944e-22)
(0.91010935820105 2.2720932142996e-23 2.2720932142996e-23)
(0.91010935820105 4.4438725748276e-22 4.4438725748276e-22)
(0.91010935820105 4.4928406936914e-22 4.4928406936914e-22)
(0.91010935820104 1.2103433588692e-22 1.2103433588692e-22)
(0.91010935820105 -3.2475068046568e-22 -3.2475068046568e-22)
(0.91010935820104 -4.5977490823338e-22 -4.5977490823338e-22)
(0.91010935820104 -1.9690737192813e-22 -1.9690737192813e-22)
(0.91010935820103 -6.5481311933612e-23 -6.5481311933612e-23)
(0.91010935820104 5.3723493239574e-23 5.3723493239574e-23)
(0.91010935820103 -6.2138792173906e-23 -6.2138792173906e-23)
(0.91010935820104 -1.7287788395767e-22 -1.7287788395767e-22)
(0.91010935820102 4.2555444612202e-23 4.2555444612202e-23)
(0.91010935820104 2.961191959007e-22 2.961191959007e-22)
(0.91010935820103 -7.9545790196399e-23 -7.9545790196399e-23)
(0.91010935820104 -2.9320158279668e-22 -2.9320158279668e-22)
(0.91010935820102 5.5972208108596e-23 5.5972208108596e-23)
(0.91010935820103 -1.9563061835162e-22 -1.9563061835162e-22)
(0.91010935820102 -2.2187613552356e-22 -2.2187613552356e-22)
(0.91010935820104 4.5830737188331e-22 4.5830737188331e-22)
(0.91010935820102 5.1702032883181e-22 5.1702032883181e-22)
(0.91010935820104 -1.8654586283715e-24 -1.8654586283715e-24)
(0.91010935820105 -1.5677203117789e-22 -1.5677203117789e-22)
(0.91010935820104 -7.5138674539336e-23 -7.5138674539336e-23)
(0.91010935820103 1.717638552384e-22 1.717638552384e-22)
(0.91010935820104 3.6663981496864e-22 3.6663981496864e-22)
(0.91010935820105 -2.5995184916522e-23 -2.5995184916522e-23)
(0.91010935820104 -2.8400303211525e-22 -2.8400303211525e-22)
(0.91010935820103 -1.570629912391e-23 -1.570629912391e-23)
(0.91010935820103 3.3282300292509e-23 3.3282300292509e-23)
(0.91010935820085 -6.3794152585801e-23 -6.3794152585801e-23)
(0.91010935819936 -5.666321883887e-23 -5.666321883887e-23)
(0.91010935818992 -2.1496283523094e-22 -2.1496283523094e-22)
(0.91010935813343 -1.1950705221586e-22 -1.1950705221586e-22)
(0.91010935781449 6.8180458380673e-23 6.8180458380673e-23)
(0.91010935612845 -1.3809392257911e-23 -1.3809392257911e-23)
(0.91010934783158 2.4494302722771e-23 2.4494302722771e-23)
(0.91010931003886 4.6588828283612e-23 4.6588828283612e-23)
(0.91010915175817 -8.431113795447e-23 -8.431113795447e-23)
(0.91010854699822 -6.7641005987298e-23 -6.7641005987298e-23)
(0.91010645830355 -1.1828894962955e-22 -1.1828894962955e-22)
(0.91010000662989 1.1284224255427e-23 1.1284224255427e-23)
(0.91008241126387 2.384601959154e-22 2.384601959154e-22)
(0.91004057812297 1.7169145337252e-22 1.7169145337252e-22)
(0.90995532623273 -4.6103115891507e-23 -4.6103115891507e-23)
(0.90980696530362 4.3889511906053e-23 4.3889511906053e-23)
(0.90959540621646 3.1463300216743e-23 3.1463300216743e-23)
(0.90932013855933 -1.7530492293948e-22 -1.7530492293948e-22)
(0.90915944867453 -3.4760829200594e-22 -3.4760829200594e-22)
(0.90846505331042 -4.351080162862e-22 -4.351080162862e-22)
)
;

boundaryField
{
    left
    {
        type            zeroGradient;
    }
    right
    {
        type            zeroGradient;
    }
    sides
    {
        type            empty;
    }
}


// ************************************************************************* //
