/*--------------------------------*- C++ -*----------------------------------*\
  =========                 |
  \\      /  F ield         | OpenFOAM: The Open Source CFD Toolbox
   \\    /   O peration     | Website:  https://openfoam.org
    \\  /    A nd           | Version:  10
     \\/     M anipulation  |
\*---------------------------------------------------------------------------*/
FoamFile
{
    format      ascii;
    class       volVectorField;
    location    "0.00023";
    object      Us;
}
// * * * * * * * * * * * * * * * * * * * * * * * * * * * * * * * * * * * * * //

dimensions      [0 1 -1 0 0 0 0];

internalField   nonuniform List<vector> 
100
(
(0.89978444991405 -5.1942036647962e-23 -5.1942036647962e-23)
(0.89976489997283 7.3701563523206e-23 7.3701563523206e-23)
(0.89976037029351 1.731615865017e-22 1.731615865017e-22)
(0.89974814924101 2.4375747890922e-22 2.4375747890922e-22)
(0.89973597690388 2.5014854914337e-22 2.5014854914337e-22)
(0.89972590186782 9.6212109621459e-24 9.6212109621459e-24)
(0.89972029242255 -6.5440377690599e-23 -6.5440377690599e-23)
(0.89971776017503 -1.2085091282689e-22 -1.2085091282689e-22)
(0.89971678444864 -1.7029384218003e-22 -1.7029384218003e-22)
(0.89971645573198 1.1704386487396e-22 1.1704386487396e-22)
(0.89971635732085 1.8685863215499e-22 1.8685863215499e-22)
(0.89971633078763 -1.2411760199206e-22 -1.2411760199206e-22)
(0.89971632427755 -1.6777492611722e-22 -1.6777492611722e-22)
(0.8997163228115 1.4028056155662e-22 1.4028056155662e-22)
(0.8997163225063 1.6935740079515e-22 1.6935740079515e-22)
(0.89971632244722 1.2667571914976e-22 1.2667571914976e-22)
(0.89971632243651 1.2780716916221e-22 1.2780716916221e-22)
(0.89971632243469 -5.2427252714431e-23 -5.2427252714431e-23)
(0.8997163224344 -1.5044925374141e-22 -1.5044925374141e-22)
(0.89971632243437 -1.3549516710702e-22 -1.3549516710702e-22)
(0.89971632243437 -1.6062358648517e-23 -1.6062358648517e-23)
(0.89971632243437 6.0071720873806e-23 6.0071720873806e-23)
(0.89971632243437 5.0147308151891e-23 5.0147308151891e-23)
(0.89971632243437 4.8110685914124e-23 4.8110685914124e-23)
(0.89971632243437 -1.3095566557233e-22 -1.3095566557233e-22)
(0.89971632243437 -2.10924920833e-22 -2.10924920833e-22)
(0.89971632243437 4.7308326871147e-23 4.7308326871147e-23)
(0.89971632243437 6.5262442001329e-23 6.5262442001329e-23)
(0.89971632243435 -6.1462978997652e-23 -6.1462978997652e-23)
(0.89971632243436 4.7794180061728e-23 4.7794180061728e-23)
(0.89971632243437 1.2164814445116e-22 1.2164814445116e-22)
(0.89971632243437 3.0785411827065e-24 3.0785411827065e-24)
(0.89971632243437 -1.5533007555359e-23 -1.5533007555359e-23)
(0.89971632243438 -4.7296527946706e-23 -4.7296527946706e-23)
(0.89971632243435 -2.15723630605e-22 -2.15723630605e-22)
(0.89971632243437 -1.1174913288921e-22 -1.1174913288921e-22)
(0.89971632243436 2.6459116651292e-22 2.6459116651292e-22)
(0.89971632243437 2.2271091492869e-22 2.2271091492869e-22)
(0.89971632243436 1.6797154584856e-23 1.6797154584856e-23)
(0.89971632243438 2.437883716967e-22 2.437883716967e-22)
(0.89971632243436 1.9852605518515e-22 1.9852605518515e-22)
(0.89971632243437 -2.7790934644626e-22 -2.7790934644626e-22)
(0.89971632243437 -2.2153321666373e-22 -2.2153321666373e-22)
(0.89971632243437 -8.0600321836747e-23 -8.0600321836747e-23)
(0.89971632243436 -4.8538792515836e-23 -4.8538792515836e-23)
(0.89971632243437 -6.837950783029e-23 -6.837950783029e-23)
(0.89971632243436 -4.169864269642e-23 -4.169864269642e-23)
(0.89971632243437 1.3244805285484e-22 1.3244805285484e-22)
(0.89971632243437 1.4377561703564e-22 1.4377561703564e-22)
(0.89971632243437 -3.1943684831294e-23 -3.1943684831294e-23)
(0.89971632243437 -8.3958395766501e-23 -8.3958395766501e-23)
(0.89971632243437 3.4436525703074e-23 3.4436525703074e-23)
(0.89971632243437 1.8698496932476e-22 1.8698496932476e-22)
(0.89971632243437 2.5978120267983e-22 2.5978120267983e-22)
(0.89971632243437 1.0240979794209e-22 1.0240979794209e-22)
(0.89971632243437 -1.0810399093483e-22 -1.0810399093483e-22)
(0.89971632243437 -3.141488179168e-22 -3.141488179168e-22)
(0.89971632243437 -3.3093145969828e-22 -3.3093145969828e-22)
(0.89971632243436 -1.6507365631279e-22 -1.6507365631279e-22)
(0.89971632243437 2.5340566587457e-23 2.5340566587457e-23)
(0.89971632243435 1.1311383919691e-22 1.1311383919691e-22)
(0.89971632243436 -5.6005236569906e-23 -5.6005236569906e-23)
(0.89971632243435 -1.4817319831358e-23 -1.4817319831358e-23)
(0.89971632243436 1.0335841900198e-22 1.0335841900198e-22)
(0.89971632243435 -5.2642179173318e-23 -5.2642179173318e-23)
(0.89971632243436 -1.8623768735116e-22 -1.8623768735116e-22)
(0.89971632243435 -1.3175969630641e-22 -1.3175969630641e-22)
(0.89971632243436 -1.5431837972375e-22 -1.5431837972375e-22)
(0.89971632243435 -9.9164345937277e-23 -9.9164345937277e-23)
(0.89971632243437 3.1170071661787e-22 3.1170071661787e-22)
(0.89971632243435 3.5307416688849e-22 3.5307416688849e-22)
(0.89971632243436 6.2281859716986e-23 6.2281859716986e-23)
(0.89971632243437 -3.3824828024482e-23 -3.3824828024482e-23)
(0.89971632243437 2.4209975355264e-24 2.4209975355264e-24)
(0.89971632243436 1.7261220699236e-22 1.7261220699236e-22)
(0.89971632243437 1.6608167403739e-22 1.6608167403739e-22)
(0.89971632243437 -7.0747392795963e-23 -7.0747392795963e-23)
(0.89971632243437 -7.5550414833094e-23 -7.5550414833094e-23)
(0.89971632243436 8.6965637506037e-23 8.6965637506037e-23)
(0.89971632243437 3.4676324752958e-23 3.4676324752958e-23)
(0.89971632243435 -8.852182653532e-23 -8.852182653532e-23)
(0.89971632243414 -1.0886043281982e-22 -1.0886043281982e-22)
(0.89971632243269 -1.4155731386083e-22 -1.4155731386083e-22)
(0.89971632242358 -1.3159383285271e-22 -1.3159383285271e-22)
(0.89971632236943 -7.8658621586578e-23 -7.8658621586578e-23)
(0.89971632206648 2.023787083973e-24 2.023787083973e-24)
(0.89971632048231 3.453967760296e-24 3.453967760296e-24)
(0.89971631277615 5.7770131076578e-23 5.7770131076578e-23)
(0.89971627811104 2.8085669950693e-23 2.8085669950693e-23)
(0.89971613488135 -7.371650939192e-23 -7.371650939192e-23)
(0.89971559564052 -9.9635811729489e-23 -9.9635811729489e-23)
(0.89971376281265 4.5633275546405e-23 4.5633275546405e-23)
(0.89970820014579 6.2187678296018e-23 6.2187678296018e-23)
(0.89969329875293 -5.6282531166644e-23 -5.6282531166644e-23)
(0.89965859646333 6.3482624010714e-23 6.3482624010714e-23)
(0.89958857702511 2.108035338513e-22 2.108035338513e-22)
(0.8994711409852 4.1783848307131e-23 4.1783848307131e-23)
(0.8992915778107 -2.1474488320513e-22 -2.1474488320513e-22)
(0.89917991239889 -2.2419369744376e-22 -2.2419369744376e-22)
(0.88456351537124 -2.1589744324541e-22 -2.1589744324541e-22)
)
;

boundaryField
{
    left
    {
        type            zeroGradient;
    }
    right
    {
        type            zeroGradient;
    }
    sides
    {
        type            empty;
    }
}


// ************************************************************************* //
