/*--------------------------------*- C++ -*----------------------------------*\
  =========                 |
  \\      /  F ield         | OpenFOAM: The Open Source CFD Toolbox
   \\    /   O peration     | Website:  https://openfoam.org
    \\  /    A nd           | Version:  10
     \\/     M anipulation  |
\*---------------------------------------------------------------------------*/
FoamFile
{
    format      ascii;
    class       volScalarField;
    location    "0.10999998";
    object      epsilonS;
}
// * * * * * * * * * * * * * * * * * * * * * * * * * * * * * * * * * * * * * //

dimensions      [0 0 0 0 0 0 0];

internalField   nonuniform List<scalar> 
7600
(
0.0026925515237737
0
0.0026925515237737
0
0
0.0026925515237737
0
0.0026925515237737
0
0.0026925515237737
0
0.0026925515237737
0
0.0026925515237737
0.0026925515237737
0
0.0026925515237737
0
0
0.0026925515237737
0
0
0.0026925515237737
0
0
0.0026925515237737
0
0
0.0026925515237737
0
0
0
0.0026925515237737
0
0
0.0026925515237737
0
0.0026925515237737
0
0.0026925515237737
0.0026925515237737
0
0.0026925515237737
0.0026925515237737
0.0026925515237737
0.0026925515237737
0
0.0026925515237737
0
0
0
0.0026925515237737
0
0
0
0.0026925515237737
0
0
0
0.0026925515237737
0
0
0.0026925515237737
0
0
0.0026925515237737
0
0.0026925515237737
0
0.0053851030475474
0.0026925515237737
0.0026925515237737
0.0026925515237737
0
0
0.0026925515237737
0
0
0.0026925515237737
0
0.0009886391909098
0.0009886391909098
0.0009886391909098
0.0009886391909098
0.0009886391909098
0.0019772783818196
0.0009886391909098
0.0019772783818196
0.0009886391909098
0.0009886391909098
0.0009886391909098
0.0029659175727294
0.0009886391909098
0.0009886391909098
0.0019772783818196
0.0009886391909098
0.0009886391909098
0.0019772783818196
0.0009886391909098
0.0009886391909098
0
0.0009886391909098
0.0009886391909098
0.0009886391909098
0
0.0019772783818196
0
0
0.00098863919090981
0.0019772783818196
0.0009886391909098
0
0.0019772783818196
0
0.0019772783818196
0.0009886391909098
0.0009886391909098
0.0009886391909098
0.0009886391909098
0.0019772783818196
0.0029659175727294
0.0009886391909098
0.0019772783818196
0.0039545567636392
0.0019772783818196
0.0009886391909098
0
0
0
0.0009886391909098
0.0009886391909098
0.0009886391909098
0.0009886391909098
0.0019772783818196
0.0009886391909098
0.0009886391909098
0.00098863919090981
0
0.00098863919090979
0
0
0.0029659175727294
0.0019772783818196
0.0019772783818196
0.0029659175727294
0.0019772783818196
0.0019772783818196
0.0019772783818196
0.00098863919090981
0.0009886391909098
0.0009886391909098
0.0019772783818196
0.0009886391909098
0.0009886391909098
0.0009886391909098
0.0019772783818196
0.0009886391909098
0
0.00098863919090979
0
0.00065959221157542
0.0013191844231508
0.0013191844231508
0.0013191844231508
0.0013191844231508
0.0013191844231508
0.0013191844231508
0.00065959221157542
0.0013191844231508
0.0013191844231508
0.0013191844231508
0.0013191844231508
0.00065959221157542
0.0013191844231508
0.0013191844231508
0.00065959221157542
0.0013191844231508
0.00065959221157542
0.0013191844231508
0.0013191844231508
0.00065959221157542
0.0013191844231508
0.00065959221157542
0.0013191844231508
0.0013191844231508
0.00065959221157542
0.0013191844231508
0.0013191844231508
0.00065959221157542
0.0013191844231508
0.0013191844231508
0.0013191844231508
0.0013191844231508
0.0013191844231508
0.0013191844231508
0.00065959221157542
0.0013191844231508
0.0013191844231508
0.0013191844231508
0.0013191844231508
0.0013191844231508
0.0013191844231508
0.0013191844231508
0.00065959221157542
0.0013191844231508
0.0013191844231508
0.0013191844231508
0.00065959221157542
0.0013191844231508
0.0013191844231508
0.0013191844231508
0.00065959221157542
0.0013191844231508
0.0013191844231508
0.00065959221157541
0.0013191844231508
0.0013191844231508
0
0.00065959221157542
0.0013191844231508
0.00065959221157541
0.00065959221157542
0.00065959221157541
0.0013191844231508
0.0013191844231508
0.00065959221157542
0
0
0.00065959221157542
0.0013191844231508
0.00065959221157541
0.0013191844231508
0.0013191844231508
0.0013191844231508
0.00065959221157541
0.0013191844231508
0.0013191844231508
0.0013191844231508
0.00065959221157541
0.0013191844231508
0.0010487663906385
0.0010487663906385
0.0010487663906385
0.0010487663906385
0.0015731495859578
0.0010487663906385
0.0010487663906385
0.0015731495859578
0.0010487663906385
0.0015731495859578
0.0010487663906385
0.0015731495859578
0.0015731495859578
0.0015731495859578
0.0015731495859578
0.0015731495859578
0.0015731495859578
0.0010487663906385
0.0010487663906385
0.0010487663906385
0.00052438319531926
0.0010487663906385
0.00052438319531925
0.0010487663906385
0.0010487663906385
0.00052438319531925
0.0010487663906385
0.00052438319531925
0.0010487663906385
0.00052438319531925
0.0010487663906385
0.0010487663906385
0.00052438319531925
0.0010487663906385
0.0010487663906385
0.0010487663906385
0.0010487663906385
0.0010487663906385
0.0015731495859578
0.0015731495859578
0.002097532781277
0.002097532781277
0.002097532781277
0.0026219159765963
0.0015731495859578
0.002097532781277
0.0015731495859578
0.0010487663906385
0.0010487663906385
0.00052438319531925
0.0010487663906385
0.00052438319531925
0.00052438319531925
0.00052438319531925
0.0010487663906385
0.00052438319531925
0.00052438319531926
0.0010487663906385
0.00052438319531925
0.0010487663906385
0.00052438319531925
0.0010487663906385
0.0010487663906385
0.00052438319531926
0.0010487663906385
0.0010487663906385
0.0015731495859578
0.0015731495859578
0.002097532781277
0.0026219159765963
0.0031462991719155
0.0031462991719155
0.0015731495859578
0.0015731495859578
0.0010487663906385
0.0010487663906385
0.00052438319531926
0.0010487663906385
0.00052438319531925
0.00052438319531925
0.0009079156872004
0.0013618735308006
0.0009079156872004
0.0013618735308006
0.0009079156872004
0.0013618735308006
0.0013618735308006
0.0009079156872004
0.0013618735308006
0.0013618735308006
0.0013618735308006
0.0018158313744008
0.0013618735308006
0.0013618735308006
0.0018158313744008
0.0018158313744008
0.0013618735308006
0.0009079156872004
0.0009079156872004
0.0009079156872004
0.0009079156872004
0.0009079156872004
0.0009079156872004
0.0009079156872004
0.0004539578436002
0.0009079156872004
0.0009079156872004
0.0013618735308006
0.0004539578436002
0.0004539578436002
0.0009079156872004
0.0009079156872004
0.0009079156872004
0.0009079156872004
0.00090791568720041
0.0013618735308006
0.0009079156872004
0.0013618735308006
0.0013618735308006
0.0013618735308006
0.002269789218001
0.0018158313744008
0.002269789218001
0.0027237470616012
0.002269789218001
0.0018158313744008
0.0013618735308006
0.0009079156872004
0.0009079156872004
0.0009079156872004
0.0004539578436002
0.0009079156872004
0.0004539578436002
0.0009079156872004
0.0004539578436002
0.0004539578436002
0.00090791568720041
0.0009079156872004
0.0004539578436002
0.0004539578436002
0.0009079156872004
0.0009079156872004
0.0004539578436002
0.0009079156872004
0.0013618735308006
0.0009079156872004
0.0013618735308006
0.0013618735308006
0.002269789218001
0.002269789218001
0.0040856205924018
0.0027237470616012
0.0013618735308006
0.0018158313744008
0.0009079156872004
0.0013618735308006
0.0004539578436002
0.0009079156872004
0.0009079156872004
0.00090791568720039
0.0012399321500135
0.0012399321500135
0.0012399321500135
0.0012399321500135
0.00082662143334237
0.0012399321500136
0.0012399321500135
0.0012399321500136
0.0012399321500135
0.0016532428666847
0.0012399321500136
0.0016532428666847
0.0016532428666847
0.0012399321500135
0.0020665535833559
0.0012399321500135
0.0016532428666847
0.00082662143334237
0.0012399321500135
0.00082662143334236
0.00082662143334237
0.00082662143334237
0.00082662143334236
0.00082662143334237
0.00082662143334236
0.00082662143334237
0.00082662143334237
0.00082662143334237
0.00082662143334237
0.00082662143334237
0.00082662143334237
0.00082662143334237
0.00082662143334236
0.00082662143334237
0.0012399321500136
0.00082662143334236
0.0012399321500136
0.0012399321500135
0.0016532428666847
0.0012399321500135
0.0020665535833559
0.0020665535833559
0.0024798643000271
0.0024798643000271
0.0020665535833559
0.0016532428666847
0.0016532428666847
0.00082662143334236
0.0012399321500135
0.00041331071667118
0.00082662143334237
0.00041331071667118
0.0012399321500135
0.00041331071667118
0.00041331071667118
0.00041331071667118
0.00082662143334237
0.00041331071667118
0.00082662143334236
0.00082662143334237
0.00082662143334237
0.00082662143334237
0.00082662143334236
0.00082662143334237
0.0012399321500135
0.0012399321500135
0.0012399321500135
0.0012399321500135
0.0020665535833559
0.0028931750166983
0.0037197964500406
0.0024798643000271
0.0016532428666847
0.0016532428666847
0.0012399321500135
0.00082662143334237
0.00082662143334237
0.00082662143334237
0.00082662143334236
0.00041331071667118
0.001167123479395
0.001167123479395
0.001167123479395
0.001167123479395
0.001167123479395
0.001167123479395
0.001167123479395
0.001167123479395
0.001167123479395
0.0015561646391933
0.001167123479395
0.0015561646391933
0.0015561646391933
0.0015561646391933
0.0019452057989916
0.0015561646391933
0.001167123479395
0.001167123479395
0.001167123479395
0.00077808231959664
0.00077808231959664
0.00077808231959664
0.001167123479395
0.00077808231959664
0.00077808231959664
0.00077808231959664
0.00077808231959664
0.00077808231959664
0.00077808231959664
0.00077808231959664
0.00077808231959664
0.001167123479395
0.00077808231959664
0.00077808231959664
0.001167123479395
0.00077808231959664
0.001167123479395
0.001167123479395
0.0015561646391933
0.0015561646391933
0.0015561646391933
0.0027232881185882
0.0019452057989916
0.0023342469587899
0.0027232881185882
0.0015561646391933
0.0015561646391933
0.00077808231959664
0.001167123479395
0.001167123479395
0.00038904115979832
0.00077808231959664
0.00038904115979832
0.00038904115979832
0.00077808231959664
0.00077808231959664
0.00038904115979832
0.00077808231959665
0.00077808231959664
0.00077808231959664
0.00077808231959664
0.00038904115979832
0.001167123479395
0.00077808231959664
0.00077808231959664
0.001167123479395
0.0015561646391933
0.001167123479395
0.0023342469587899
0.0019452057989916
0.0038904115979832
0.0027232881185882
0.0023342469587899
0.001167123479395
0.001167123479395
0.001167123479395
0.00077808231959665
0.00077808231959664
0.00077808231959663
0.00077808231959664
0.0011248057724671
0.0011248057724671
0.0011248057724671
0.0011248057724671
0.0014997410299561
0.0011248057724671
0.0011248057724671
0.0011248057724671
0.0014997410299561
0.0011248057724671
0.0014997410299561
0.0014997410299561
0.0014997410299561
0.0014997410299561
0.0018746762874452
0.0014997410299561
0.0014997410299561
0.0011248057724671
0.0011248057724671
0.00074987051497807
0.0011248057724671
0.00037493525748903
0.0011248057724671
0.00074987051497807
0.00074987051497807
0.00074987051497807
0.00074987051497807
0.00074987051497806
0.0011248057724671
0.00074987051497807
0.00074987051497807
0.00074987051497807
0.0011248057724671
0.00074987051497807
0.0011248057724671
0.0011248057724671
0.0011248057724671
0.0011248057724671
0.0011248057724671
0.0014997410299561
0.0018746762874452
0.0026245468024232
0.0018746762874452
0.0022496115449342
0.0026245468024232
0.0014997410299561
0.0018746762874452
0.0011248057724671
0.00074987051497807
0.00074987051497807
0.00074987051497807
0.00074987051497807
0.00074987051497807
0.00037493525748903
0.00037493525748903
0.0011248057724671
0.00074987051497807
0.00037493525748903
0.00037493525748903
0.00074987051497807
0.0011248057724671
0.00074987051497807
0.00074987051497806
0.00074987051497807
0.0011248057724671
0.0011248057724671
0.0011248057724671
0.0014997410299561
0.0018746762874452
0.0022496115449342
0.0037493525748903
0.0026245468024232
0.0022496115449342
0.0018746762874452
0.00074987051497807
0.0011248057724671
0.0011248057724671
0.00074987051497806
0.00074987051497807
0.00074987051497807
0.0011032091245186
0.0011032091245186
0.0011032091245186
0.0014709454993582
0.0011032091245186
0.0011032091245186
0.0011032091245186
0.0014709454993582
0.0011032091245186
0.0014709454993582
0.0014709454993582
0.0011032091245186
0.0018386818741977
0.0014709454993582
0.0018386818741977
0.0014709454993582
0.0014709454993582
0.0011032091245186
0.0011032091245186
0.00073547274967909
0.0011032091245186
0.00036773637483955
0.0011032091245186
0.00073547274967909
0.00073547274967909
0.00073547274967909
0.0011032091245186
0.00073547274967909
0.0007354727496791
0.00073547274967909
0.0011032091245186
0.00073547274967909
0.0011032091245186
0.00073547274967909
0.0011032091245186
0.0011032091245186
0.0011032091245186
0.0011032091245186
0.0014709454993582
0.0014709454993582
0.0018386818741977
0.0022064182490373
0.0022064182490373
0.0025741546238768
0.0022064182490373
0.0018386818741977
0.0014709454993582
0.0011032091245186
0.0011032091245186
0.00073547274967909
0.00036773637483955
0.0011032091245186
0.00036773637483954
0.00036773637483955
0.00073547274967909
0.00073547274967909
0.0007354727496791
0.00036773637483955
0.00073547274967909
0.00073547274967909
0.00073547274967909
0.00073547274967909
0.00073547274967909
0.0011032091245186
0.0011032091245186
0.0011032091245186
0.0011032091245186
0.0014709454993582
0.0014709454993582
0.0025741546238768
0.0036773637483954
0.0033096273735559
0.0018386818741977
0.0011032091245186
0.0014709454993582
0.0011032091245186
0.00073547274967909
0.00073547274967909
0.0011032091245186
0.00073547274967909
0.0010967691301986
0.0010967691301986
0.0014623588402648
0.0010967691301986
0.0010967691301986
0.0010967691301986
0.0014623588402648
0.0010967691301986
0.0014623588402648
0.0010967691301986
0.0014623588402648
0.0014623588402648
0.0014623588402648
0.0014623588402648
0.001827948550331
0.0014623588402648
0.001827948550331
0.0010967691301986
0.0010967691301986
0.00073117942013239
0.0007311794201324
0.00073117942013239
0.0010967691301986
0.00073117942013239
0.00073117942013239
0.00073117942013239
0.00073117942013239
0.0010967691301986
0.0007311794201324
0.00073117942013239
0.0010967691301986
0.00073117942013239
0.00073117942013239
0.0010967691301986
0.0010967691301986
0.00073117942013239
0.0010967691301986
0.0014623588402648
0.0010967691301986
0.001827948550331
0.0014623588402648
0.0021935382603972
0.0021935382603972
0.0025591279704634
0.001827948550331
0.0021935382603972
0.0014623588402648
0.0014623588402648
0.0007311794201324
0.0010967691301986
0.0003655897100662
0.0010967691301986
0.0003655897100662
0.0010967691301986
0.00073117942013239
0.0007311794201324
0.0007311794201324
0.0003655897100662
0.00073117942013239
0.0003655897100662
0.00073117942013239
0.0007311794201324
0.0010967691301986
0.0007311794201324
0.0010967691301986
0.0010967691301986
0.0014623588402648
0.0010967691301986
0.001827948550331
0.001827948550331
0.0040214868107281
0.0032903073905958
0.0021935382603972
0.0010967691301986
0.0014623588402648
0.0010967691301986
0.00073117942013239
0.0007311794201324
0.0010967691301986
0.00036558971006619
0.00146950660443
0.0011021299533225
0.0011021299533225
0.0011021299533225
0.0011021299533225
0.0011021299533225
0.00146950660443
0.0011021299533225
0.00146950660443
0.0011021299533225
0.00146950660443
0.00146950660443
0.00146950660443
0.00146950660443
0.0018368832555375
0.00146950660443
0.0018368832555375
0.0011021299533225
0.00073475330221499
0.0011021299533225
0.000734753302215
0.00073475330221499
0.00073475330221499
0.0011021299533225
0.0003673766511075
0.0011021299533225
0.00073475330221499
0.00073475330221499
0.0011021299533225
0.0003673766511075
0.00146950660443
0.000734753302215
0.000734753302215
0.0011021299533225
0.0011021299533225
0.00073475330221499
0.0011021299533225
0.0011021299533225
0.00146950660443
0.0018368832555375
0.00146950660443
0.002204259906645
0.002204259906645
0.0025716365577525
0.0018368832555375
0.002204259906645
0.00146950660443
0.0011021299533225
0.00073475330221499
0.0011021299533225
0.000734753302215
0.0003673766511075
0.0011021299533225
0.0003673766511075
0.0003673766511075
0.0003673766511075
0.000734753302215
0.00073475330221499
0.00073475330221499
0.00073475330221499
0.00073475330221499
0.00073475330221499
0.00073475330221499
0.000734753302215
0.0011021299533225
0.00146950660443
0.0011021299533225
0.0011021299533225
0.0018368832555375
0.002204259906645
0.0033063898599675
0.003673766511075
0.0018368832555375
0.00146950660443
0.00146950660443
0.0011021299533225
0.00073475330221499
0.000734753302215
0.00073475330221499
0.0011021299533225
0.0011171907088611
0.0011171907088611
0.0014895876118148
0.0011171907088611
0.0011171907088611
0.0011171907088611
0.0011171907088611
0.0014895876118148
0.0011171907088611
0.0014895876118148
0.0011171907088611
0.0014895876118148
0.0018619845147685
0.0011171907088611
0.0018619845147685
0.0014895876118148
0.0014895876118148
0.0014895876118148
0.0011171907088611
0.0007447938059074
0.00074479380590741
0.00074479380590741
0.0007447938059074
0.0011171907088611
0.0007447938059074
0.0007447938059074
0.0007447938059074
0.0011171907088611
0.0003723969029537
0.0011171907088611
0.0007447938059074
0.0007447938059074
0.0011171907088611
0.0007447938059074
0.0011171907088611
0.0011171907088611
0.0007447938059074
0.0014895876118148
0.0011171907088611
0.0018619845147685
0.0014895876118148
0.0022343814177222
0.0026067783206759
0.0018619845147685
0.0018619845147685
0.0022343814177222
0.0018619845147685
0.0011171907088611
0.0011171907088611
0.0003723969029537
0.0011171907088611
0.0007447938059074
0.0003723969029537
0.0007447938059074
0.0003723969029537
0.0011171907088611
0.00037239690295371
0.0007447938059074
0.0003723969029537
0.00074479380590741
0.0007447938059074
0.00074479380590741
0.0011171907088611
0.00074479380590741
0.0011171907088611
0.0011171907088611
0.0003723969029537
0.0014895876118148
0.0022343814177222
0.0022343814177222
0.0029791752236296
0.003723969029537
0.0022343814177222
0.0014895876118148
0.0014895876118148
0.0007447938059074
0.0011171907088611
0.00074479380590741
0.0007447938059074
0.0007447938059074
0.0011406105246719
0.0011406105246719
0.0011406105246719
0.0011406105246719
0.0011406105246719
0.0011406105246719
0.0011406105246719
0.0015208140328959
0.0011406105246719
0.0015208140328959
0.0011406105246719
0.0015208140328959
0.0015208140328959
0.0015208140328959
0.0019010175411199
0.0015208140328959
0.0015208140328959
0.0011406105246719
0.00076040701644796
0.0011406105246719
0.00076040701644796
0.0011406105246719
0.00038020350822398
0.00076040701644796
0.0011406105246719
0.00076040701644796
0.00076040701644796
0.00076040701644796
0.00076040701644796
0.0011406105246719
0.00076040701644796
0.00076040701644796
0.00076040701644796
0.0011406105246719
0.00076040701644797
0.0011406105246719
0.0011406105246719
0.0011406105246719
0.0011406105246719
0.0011406105246719
0.0022812210493439
0.0019010175411199
0.0026614245575679
0.0022812210493439
0.0022812210493439
0.0011406105246719
0.0022812210493439
0.0011406105246719
0.0011406105246719
0.00076040701644796
0.00076040701644796
0.00076040701644796
0.00076040701644796
0.00038020350822398
0.00038020350822398
0.00076040701644796
0.00076040701644797
0.00076040701644796
0.00038020350822398
0.00076040701644796
0.00076040701644796
0.00076040701644796
0.00076040701644795
0.0011406105246719
0.00076040701644796
0.0011406105246719
0.0011406105246719
0.0015208140328959
0.0019010175411199
0.0019010175411199
0.0026614245575679
0.0034218315740158
0.0022812210493439
0.0019010175411199
0.0015208140328959
0.0011406105246719
0.00076040701644797
0.0011406105246719
0.00076040701644796
0.00076040701644796
0.0011715343374504
0.0011715343374504
0.0011715343374504
0.0011715343374504
0.0011715343374504
0.0011715343374504
0.0011715343374504
0.0011715343374504
0.0015620457832672
0.0011715343374504
0.0015620457832672
0.0011715343374504
0.0015620457832672
0.0015620457832672
0.0015620457832672
0.0019525572290839
0.0011715343374504
0.0015620457832672
0.00078102289163358
0.0011715343374504
0.00078102289163358
0.00078102289163358
0.00078102289163358
0.00078102289163358
0.00078102289163358
0.00078102289163358
0.00078102289163358
0.00078102289163358
0.0011715343374504
0.00078102289163358
0.00078102289163358
0.00078102289163358
0.00078102289163358
0.0011715343374504
0.00078102289163358
0.00078102289163357
0.0011715343374504
0.0011715343374504
0.0015620457832672
0.0011715343374504
0.0015620457832672
0.0023430686749007
0.0023430686749007
0.001952557229084
0.0027335801207175
0.0019525572290839
0.0015620457832672
0.0015620457832672
0.00078102289163358
0.00078102289163358
0.00078102289163358
0.00078102289163358
0.00078102289163358
0.00039051144581679
0.00078102289163358
0.00039051144581679
0.00078102289163359
0.00078102289163358
0.00039051144581679
0.00078102289163358
0.00078102289163357
0.00078102289163358
0.00078102289163358
0.00078102289163358
0.0011715343374504
0.00078102289163358
0.0011715343374504
0.0011715343374504
0.001952557229084
0.0011715343374504
0.0039051144581679
0.0035146030123511
0.001952557229084
0.001952557229084
0.0015620457832672
0.0011715343374504
0.00078102289163358
0.0011715343374504
0.00039051144581679
0.00078102289163357
0.00080628856280179
0.0012094328442027
0.0012094328442027
0.0012094328442027
0.0012094328442027
0.0012094328442027
0.0012094328442027
0.0012094328442027
0.0012094328442027
0.0016125771256036
0.0012094328442027
0.0016125771256036
0.0012094328442027
0.0016125771256036
0.0016125771256036
0.0016125771256036
0.0016125771256036
0.0012094328442027
0.0012094328442027
0.00080628856280178
0.00080628856280179
0.00080628856280178
0.00080628856280178
0.00080628856280179
0.00080628856280178
0.00080628856280178
0.00080628856280179
0.00080628856280178
0.00080628856280179
0.00080628856280178
0.0012094328442027
0.00040314428140089
0.0012094328442027
0.00080628856280178
0.0012094328442027
0.00080628856280178
0.0012094328442027
0.0012094328442027
0.0012094328442027
0.0016125771256036
0.0012094328442027
0.0024188656884054
0.0020157214070045
0.0024188656884054
0.0020157214070045
0.0024188656884054
0.0016125771256036
0.0012094328442027
0.0012094328442027
0.00080628856280179
0.00080628856280178
0.00080628856280178
0.00040314428140089
0.00080628856280179
0.00040314428140089
0.00040314428140089
0.00080628856280179
0.00080628856280179
0.00040314428140089
0.00080628856280178
0.00080628856280178
0.00080628856280179
0.00080628856280178
0.00080628856280179
0.00080628856280178
0.0012094328442027
0.0012094328442027
0.0012094328442027
0.0016125771256036
0.0020157214070045
0.0028220099698063
0.0040314428140089
0.0020157214070045
0.0016125771256036
0.0016125771256036
0.0012094328442027
0.0012094328442027
0.00080628856280179
0.00080628856280179
0.00040314428140089
0.00125400507527
0.00083600338351334
0.00125400507527
0.00125400507527
0.00125400507527
0.00125400507527
0.00083600338351334
0.00125400507527
0.00125400507527
0.0016720067670267
0.00125400507527
0.0016720067670267
0.00125400507527
0.0016720067670267
0.0016720067670267
0.0016720067670267
0.00125400507527
0.00125400507527
0.00125400507527
0.00083600338351335
0.00083600338351335
0.00083600338351335
0.00083600338351334
0.00083600338351335
0.00083600338351334
0.00083600338351334
0.00083600338351335
0.00083600338351334
0.00083600338351335
0.00083600338351334
0.00083600338351334
0.00083600338351334
0.00083600338351334
0.00083600338351334
0.00083600338351335
0.00125400507527
0.00083600338351335
0.00125400507527
0.00125400507527
0.0016720067670267
0.0016720067670267
0.0020900084587834
0.0020900084587834
0.0020900084587834
0.00250801015054
0.0020900084587834
0.0016720067670267
0.00125400507527
0.00125400507527
0.00083600338351334
0.00083600338351334
0.00041800169175667
0.00083600338351335
0.00041800169175667
0.00083600338351334
0.00041800169175667
0.00083600338351335
0.00041800169175667
0.00083600338351334
0.00041800169175667
0.00083600338351334
0.00083600338351334
0.00083600338351334
0.00083600338351334
0.00083600338351334
0.00125400507527
0.00125400507527
0.00083600338351334
0.0016720067670267
0.0020900084587834
0.0020900084587834
0.00376201522581
0.0029260118422967
0.0020900084587834
0.00125400507527
0.00125400507527
0.00125400507527
0.00083600338351334
0.00083600338351335
0.00041800169175667
0.0013051170589855
0.00087007803932366
0.0013051170589855
0.0013051170589855
0.00087007803932366
0.0013051170589855
0.0013051170589855
0.0013051170589855
0.0013051170589855
0.0013051170589855
0.0013051170589855
0.0017401560786473
0.0013051170589855
0.0017401560786473
0.0013051170589855
0.0017401560786473
0.0013051170589855
0.0013051170589855
0.0013051170589855
0.00087007803932366
0.00087007803932366
0.00087007803932366
0.00087007803932366
0.00043503901966183
0.00087007803932366
0.00087007803932365
0.00087007803932366
0.00087007803932366
0.00087007803932366
0.00087007803932366
0.00087007803932365
0.00087007803932366
0.00087007803932366
0.00087007803932366
0.00087007803932366
0.00087007803932365
0.0013051170589855
0.0013051170589855
0.00087007803932366
0.0013051170589855
0.0017401560786473
0.0021751950983091
0.0021751950983091
0.0021751950983091
0.002610234117971
0.0017401560786473
0.0017401560786473
0.0013051170589855
0.0017401560786473
0.00087007803932366
0.00043503901966183
0.00087007803932365
0.00043503901966183
0.00087007803932366
0.00043503901966183
0.00087007803932366
0.00043503901966183
0.00087007803932366
0.00043503901966183
0.00087007803932366
0.00043503901966182
0.00087007803932366
0.00043503901966183
0.0013051170589855
0.00087007803932365
0.00087007803932366
0.0013051170589855
0.0013051170589855
0.0013051170589855
0.0017401560786473
0.0017401560786473
0.0043503901966182
0.002610234117971
0.0021751950983091
0.0013051170589855
0.0013051170589855
0.0013051170589855
0.00087007803932366
0.00087007803932366
0.00087007803932365
0.0013627621864705
0.00090850812431369
0.0013627621864705
0.00090850812431368
0.0013627621864705
0.0013627621864705
0.00090850812431369
0.0013627621864705
0.0013627621864705
0.0013627621864705
0.0013627621864705
0.0013627621864705
0.0013627621864705
0.0018170162486274
0.0013627621864705
0.0018170162486274
0.0013627621864705
0.0013627621864705
0.00090850812431369
0.00090850812431369
0.00090850812431369
0.00090850812431369
0.00090850812431369
0.00090850812431369
0.00045425406215684
0.00090850812431368
0.00090850812431369
0.00090850812431369
0.00090850812431369
0.00090850812431369
0.00090850812431369
0.00045425406215684
0.00090850812431369
0.00090850812431369
0.00090850812431369
0.00090850812431368
0.0013627621864705
0.00090850812431368
0.0013627621864705
0.0013627621864705
0.0018170162486274
0.0018170162486274
0.0022712703107842
0.0022712703107842
0.0018170162486274
0.0022712703107842
0.0022712703107842
0.0013627621864705
0.00090850812431368
0.00090850812431369
0.00090850812431368
0.00090850812431369
0.00045425406215684
0.00090850812431368
0.00045425406215684
0.00045425406215684
0.00090850812431369
0.00045425406215684
0.00045425406215684
0.00090850812431369
0.00090850812431369
0.00090850812431369
0.00045425406215684
0.00090850812431369
0.00090850812431368
0.00090850812431369
0.00090850812431368
0.0013627621864705
0.0013627621864705
0.0018170162486274
0.0022712703107842
0.0031797784350979
0.0027255243729411
0.0027255243729411
0.0018170162486274
0.0013627621864705
0.00090850812431369
0.00090850812431369
0.00090850812431368
0.00090850812431368
0.0009513567438633
0.001427035115795
0.0009513567438633
0.001427035115795
0.0009513567438633
0.001427035115795
0.0009513567438633
0.001427035115795
0.001427035115795
0.0009513567438633
0.001427035115795
0.001427035115795
0.0014270351157949
0.0019027134877266
0.001427035115795
0.0014270351157949
0.0019027134877266
0.00095135674386331
0.0014270351157949
0.0009513567438633
0.00047567837193165
0.0009513567438633
0.0009513567438633
0.0009513567438633
0.00047567837193165
0.0009513567438633
0.0009513567438633
0.0009513567438633
0.00047567837193165
0.0009513567438633
0.0009513567438633
0.0009513567438633
0.00047567837193165
0.0009513567438633
0.00095135674386331
0.0009513567438633
0.0014270351157949
0.0009513567438633
0.001427035115795
0.0014270351157949
0.001427035115795
0.0014270351157949
0.0019027134877266
0.0028540702315899
0.0023783918596583
0.0019027134877266
0.0019027134877266
0.0014270351157949
0.001427035115795
0.0009513567438633
0.0009513567438633
0.0009513567438633
0.00047567837193165
0.00047567837193165
0.0009513567438633
0.00047567837193165
0.00047567837193166
0.0009513567438633
0.00047567837193165
0.00047567837193165
0.0009513567438633
0.00047567837193165
0.00095135674386329
0.0009513567438633
0.0009513567438633
0.0009513567438633
0.0009513567438633
0.0014270351157949
0.00095135674386332
0.001427035115795
0.0014270351157949
0.0038054269754532
0.0033297486035216
0.0019027134877266
0.0019027134877266
0.0019027134877266
0.0009513567438633
0.001427035115795
0.00047567837193165
0.0009513567438633
0.001498114408648
0.00099874293909865
0.00099874293909865
0.001498114408648
0.00099874293909865
0.00099874293909865
0.001498114408648
0.00099874293909865
0.001498114408648
0.001498114408648
0.00099874293909865
0.001498114408648
0.001498114408648
0.001498114408648
0.001498114408648
0.0019974858781973
0.001498114408648
0.00099874293909865
0.001498114408648
0.00049937146954933
0.00099874293909865
0.00099874293909865
0.00049937146954933
0.00099874293909865
0.00099874293909865
0.00049937146954933
0.00099874293909865
0.00099874293909865
0.00049937146954933
0.00099874293909865
0.00099874293909865
0.00099874293909865
0.00049937146954933
0.00099874293909865
0.00099874293909866
0.00099874293909865
0.00099874293909865
0.00099874293909865
0.001498114408648
0.00099874293909865
0.001498114408648
0.0019974858781973
0.0019974858781973
0.0019974858781973
0.0024968573477466
0.0024968573477466
0.001498114408648
0.0019974858781973
0.001498114408648
0.00049937146954932
0.00099874293909865
0.00099874293909865
0.00049937146954932
0.00049937146954933
0.00099874293909865
0.00049937146954933
0.00049937146954933
0.00049937146954933
0.00099874293909865
0.00049937146954933
0.00049937146954933
0.00099874293909865
0.00049937146954933
0.00099874293909865
0.00099874293909865
0.00099874293909865
0.00049937146954933
0.001498114408648
0.001498114408648
0.001498114408648
0.001498114408648
0.0029962288172959
0.0029962288172959
0.002996228817296
0.0019974858781973
0.001498114408648
0.001498114408648
0.00099874293909866
0.00049937146954933
0.00099874293909865
0
0
0
0
0.0041261131407608
0
0
0
0
0
0.0045685780742357
0
0
0
0
0
0.0050862268359195
0
0
0
0
0.005587896697353
0
0
0
0.0060446739040753
0.0061676209336372
0.012588715044694
0.019275123073069
0
0
0.0068424735325798
0
0
0
0
0
0.007809307205616
0
0
0
0
0
0
0
0
0
0
0
0
0
0
0
0
0
0
0
0.013093689778753
0
0
0.014333592184411
0.059144978656734
0.091564095342665
0.06303330643542
0.081403576497101
0.050488550242722
0.12184579431226
0.090068801065442
0.13057320519704
0.13529280774224
0.14027299704674
0.083161894849515
0.12951014949199
0.067278028846052
0.11658558812154
0.097049650700399
0.050532757668613
0.026333973772837
0.082412070254714
0.028682626072443
0.0014194688374122
0
0.0014660717821939
0
0.0015150080215983
0
0
0
0
0
0
0
0
0.001768681031114
0.0018007428676512
0
0.0018675383328597
0.0019023384435212
0.0019381204017596
0.0019749214934917
0.002012780791601
0.0020517392595708
0.0020918398624118
0
0.0043513001186837
0.0044389133987398
0.0022645998473312
0.0069334032867105
0.0070773546620711
0
0
0
0
0
0
0
0
0
0
0
0
0
0
0
0
0.003470902576856
0
0
0
0
0
0
0
0.0042871236732467
0.0044090363713518
0.0045362241903852
0.0046689959136677
0
0.0049526429229726
0.015312776807935
0.0052629451488328
0.016287444268718
0.01120670020447
0.017358218549707
0.011955762449806
0.018538163159163
0
0.026456852045455
0.068490419271042
0.049676216332896
0.036789157337528
0.045802526551092
0.055478459616281
0.024702849849702
0.042807381955193
0.026725696973489
0.027831592570186
0.019338384647009
0.050432834022619
0.021063120228566
0.00094702961235989
0.00096238738245006
0.00097812178399479
0.0019884904673387
0.0010107706640691
0.0010277115496743
0.0010450819343441
0.0010628964603609
0.0010811703993586
0.0021998393700669
0.0011191609479461
0.001138911552289
0.0011591896352016
0.0011800141483507
0.0012014049022841
0.0024467652269646
0.0012459689545983
0.0012691866078791
0.0012930593221979
0.0026352239473357
0.0013428706306159
0.0013688626227171
0.0027912332300873
0.0014231626869744
0.0029030648338651
0.0029615179456646
0.0045326316274999
0.0046257713124009
0.0047218116139653
0.0016069580793298
0
0
0.0017125041283372
0
0.0017887525273819
0.0018288006927192
0.0018702090154361
0
0.0039147178644671
0
0
0
0
0
0
0.0023156884006636
0.0023748144434494
0
0.0025000678898274
0
0
0
0
0
0
0
0.003115022516656
0
0
0.0034054177408619
0.0070225774216458
0.0072443492596702
0.0074767946084809
0.015441219091837
0.015953095664923
0.012368140115351
0.025584400807289
0.004412816554421
0.036555902322375
0.037877224942831
0.024544689178188
0.025465129291991
0.0052876664365037
0.032962090749378
0.017135927441596
0.023774175971341
0.049515878293656
0.045157088705223
0.033647365828758
0.0070263601635367
0.00075289914810411
0.0015302174946496
0
0.00079043609583756
0.00080357399808226
0.00081704219186612
0.00083085184222305
0
0.00085954257608058
0.00087444846817513
0.00088974548768364
0.00090544743933361
0
0.00093812446353171
0.00095513035247554
0
0.00099055927316119
0
0
0
0
0
0
0
0
0
0
0
0
0.001277549670228
0.0013046365241199
0.0013325940481441
0.0013614599612541
0.0027825480947148
0.001422078292444
0.0014539170324037
0.0029736742254338
0.0015208880608484
0.0015561222726082
0.001592595213923
0.0016303656390757
0.0033389916552917
0.0017100518412946
0.00175210380288
0.0017957261995736
0.0018409982131285
0.0018880040793266
0.0019368334802184
0.0059627459159271
0.0061210543587948
0
0.0021523958065689
0.0044238220862165
0.0045478585740385
0
0.0024060544610314
0
0.0051000776208514
0.0026269267343542
0.0027073452430327
0.0027915138498561
0.0028796693973381
0.0029720677251302
0.0061379710561343
0.015853612150806
0.016388016514967
0.027119846899697
0.014032954328787
0.0072655879387217
0.018820511272706
0.019513302785422
0.020245062984384
0.021018770181759
0.017470154203589
0.0090821694868317
0.042526656352347
0.024603548623486
0
0.0107000130673
0.022344140087521
0
0.00066235363786174
0.00067318268477225
0.00068427949021434
0.00069565295493558
0.00070731235260868
0.00071926734878872
0.00073152802087092
0.00074410487941463
0
0.0007702515003287
0.0007838446592531
0
0
0
0.0008419810352032
0.00085752586203401
0
0.00088993534376348
0.00090683346432992
0.00092421748621353
0.00094210621879671
0.00096051939052247
0.001958955406486
0.0009990028904865
0.002038235559492
0.0020796927185652
0.011673352345201
0.016248701701936
0.0044238922876666
0.0011294221257619
0
0.002357228201344
0.0012044241158684
0.001231091310376
0.0012586540657571
0
0
0.0013471330079926
0
0
0
0
0.001516793961398
0
0.0015937497356196
0
0
0
0
0
0.0037266524467053
0.0019148484854729
0
0.0040490335845528
0
0.0042877671373635
0.0022075652496255
0.0068223810732547
0.004687490443548
0.0048332197483518
0.0024929260158722
0.0025729151269089
0
0.01097956097677
0.014187084377351
0.014673509905511
0.012148310135216
0.0094347149067399
0.016292891894787
0.023649696836798
0.0035052248882015
0.021835106094949
0.018904861941705
0.0039312110992913
0.020452928089352
0.017039407788385
0.026639075631616
0.027788961785263
0.01450746954961
0.001186846906086
0
0.00061290629034489
0.00062300949414401
0.00063336458530778
0.0012879600142988
0.00065486455977599
0.0006660274182586
0.00067747815204693
0
0
0.00071365965461816
0
0.00073941517923044
0.0015056379152362
0.00076659053255617
0
0.0015905840526505
0.00081025103962291
0.00082563611209206
0.001682927157102
0.00085775056419836
0.00087451503101336
0.001783551654403
0.00090955274029252
0.0018557331076332
0.0028402173244196
0.0038647734620133
0.00098625348000647
0
0
0
0
0.0010965806660797
0
0
0.0011719019947928
0
0
0
0.00128502895733
0
0.0026956727766224
0.0027619621868689
0.0014153635911983
0.0029020925828693
0
0.0015265821653465
0
0
0.0016514441461935
0.0016964850538956
0
0
0.0018432427110207
0.0018964148785001
0.0039038429084271
0.0040198022273978
0
0.0021338876086466
0.0022002280015461
0.0022697108393515
0.0023425377709157
0.0024189268828243
0
0
0
0.0027651393400937
0.022906495744301
0.00296680712565
0.0030760166347363
0.025530952374735
0.01325333541565
0.013769705091162
0.0071584253900733
0.011172950729869
0.031027417827263
0.0080846093207439
0.021083961636806
0.0044028263278691
0.00055857769738644
0.00056763602855016
0.0005769165047638
0.00058642644961908
0.0011923469820854
0
0.00061641098952863
0
0
0.00064875543167868
0.00066010432741042
0.00067175364328789
0.00068371407695653
0.00069599680650961
0.0007086135166042
0.00072157642627302
0.00073489831848023
0.00074859257168936
0.0015253463869565
0.00077715485629421
0.00079205293577672
0.001614767103069
0.0008231636108215
0
0
0
0
0.0081851274382405
0.016710134241205
0.0028434515627613
0.00096791298994571
0.00098865474457948
0.0020201408705425
0.0010321895778069
0.0010550433216588
0.0010786645597832
0.0011030880469201
0.0022567010552367
0
0
0.0012095722074674
0
0
0
0.0013322536069004
0.001365841023158
0.0014007147888815
0
0.0014745918680721
0.0030274833470343
0.0015544715393625
0.0031937353004695
0.0032820442960886
0
0
0.0017850576189569
0
0
0.0019489232922803
0
0.0020710308710022
0
0
0
0
0
0.002515034993872
0.0026027706819163
0
0.0027925965587325
0.020267753087542
0.0030039722302074
0.021831426946646
0.0032402874052617
0.020214250468779
0
0.0036506864358247
0.015219764016683
0.0039691827757935
0.020721464407937
0.00053832471840707
0.00054705461148326
0.00055599859504693
0.00056516372714997
0.00057455735914447
0.0017525614511736
0.00059406108391662
0.00060418748289607
0.000614575028266
0.00062523277729459
0.00063617018337369
0.00064739711691684
0.0013178477754152
0.00067076126853942
0.0006829205204048
0.00069541341929748
0.00070825228469573
0.00072145000998455
0.00073502009485364
0
0
0
0.00079331724319121
0.00080897539286438
0.0016502034770734
0.0025251454020288
0.0025765061753832
0.017529666842258
0.013420213445729
0.0018269022304201
0.0018656365629811
0.00095280797902925
0.00097344717696934
0.00099476432090941
0.0010167894309004
0.0010395542072623
0.0010630921445934
0.0010874386551595
0.0011126312020916
0.0011387094436623
0.0011657153893268
0
0.0012226912173358
0
0.0038518457743885
0.0013163181910436
0.0013499274994724
0.0013848406396334
0.001421125934422
0.0029177124827956
0
0.0015389682262093
0
0
0.0033441991827899
0
0
0
0.0056347769742154
0
0
0.0041179412178389
0.0021250356375697
0
0.0022670742338613
0
0
0.0025083991018202
0.0051949130119513
0.0053826844972096
0.0055808235424921
0
0.0090170830193
0.0031228006652351
0.019481319684593
0.0033785180574344
0.0070366387944013
0.0073339619688184
0.011475802972912
0.0039940285996311
0.00052798870332806
0
0.00054532323561088
0.0011086247882091
0.00056352566521548
0
0
0.00059258688065672
0.0012055499633461
0.00061322809834718
0.00062395550256237
0.0012699337504345
0.00064627232814436
0.00065788242729732
0.00066980821744631
0.00068206124849358
0
0
0
0.0014691921527835
0.00074867830291947
0.0015263387580915
0.00077808528614423
0.0015868855881878
0.0024277785255678
0.0008255539212326
0.0033693818573131
0.0060175819765847
0.0026325081696274
0.00089591254754292
0
0
0.00095475666480107
0.0029269935372902
0.00099726673292513
0.0040783776717951
0.0031280412569734
0.0010665594683912
0.0032738049299287
0
0.0011433332630189
0.002341548504789
0
0.0024574101785298
0.0012592963480334
0
0.0026480168777764
0.0013582512350532
0
0.0028616914248942
0
0
0.0062046240666808
0.0047839434222061
0.001639994718634
0.0016873037753
0.0017366898330756
0.001788276276241
0
0
0
0.0020194376829066
0
0
0.0022235456484836
0.0022984984407762
0
0.0024602369980671
0.0050951689404097
0.0052793351501753
0.0082105047890829
0.0085184034920197
0.0088439520021454
0.0061256836909398
0.01592272651265
0.0066272987560143
0.0034507664851779
0.0179828686003
0.0037518212360939
0.015669367645716
0.0015747196919434
0.00053341885781031
0.0010842798115161
0
0.00056023607849732
0.00056962583984822
0.00057925365804524
0
0.0011985125533533
0
0.0012406263121261
0.00063126024971982
0.00064249970695212
0.00065404203203487
0
0
0.00069059855600055
0.0014069346358294
0.00071669915806234
0.00073030786443386
0.00074430788582324
0.0015174287402947
0.0015470864109771
0.00078881106383183
0.00080453544803169
0.0041036737097341
0.0016748565284731
0.0042731816296372
0.01483046496857
0.0097975091397528
0.0018191341478986
0.0027871755390642
0.00094918326320205
0.0029099071831836
0.0039657807135101
0.001013642525316
0
0.0010603334168063
0.0021697960405616
0.0022206524835584
0.0034099771309154
0.0011639398459639
0.0011922147056536
0.0024430650219855
0.0025038903859627
0
0.0039488385790723
0.0027006448597129
0.0013857032859813
0
0
0.0030012165374301
0
0.0015853390348482
0.0032608424660635
0
0.0034531037775436
0.0017778371955642
0.0018314419526503
0
0.0077847554851044
0.0020076491952022
0.0082882700103822
0
0
0
0.0047268567402503
0
0.0075981387609938
0
0
0.0056457848175129
0.002930775114567
0.0030449624754961
0.012663821949626
0.0065886118331074
0.017153113006189
0.01430231473964
0.018649599710272
0.0077889487775252
0.00052747221902052
0.00053602611951081
0
0.00055377015967553
0.0011259488365288
0.0011448201503809
0.00058208495254416
0.00059200720570784
0.0012043706812249
0.00061262823193396
0.00062334514248538
0
0
0
0.00066915300374351
0.0013627880974844
0.00069397408564122
0.0007069057479005
0.00072020226305867
0.001467754972998
0.0014958918752783
0.00076242283844187
0
0.0015853332794001
0.0056592751743235
0.0090722099092431
0.0067321717824496
0.011164577379933
0.020162819830944
0.013425542341776
0.0018280257697876
0.0018671991896884
0
0.003898840427059
0.00099629119573185
0.0030557911187106
0.0020833209152692
0.0010655161482882
0.0043608032776603
0.001115753329785
0.0011422148419525
0
0.0011980420507033
0
0
0.0012897815266991
0
0.0013569225788829
0.0013924763706841
0.0014294460435644
0.002935815576281
0.0015079429896558
0.0015496386589387
0.0015930879055208
0.0016383904579189
0.0016856532363466
0
0
0
0.0037934679740137
0.0019557015152944
0.0040349244938964
0
0.002150094884166
0.0066641116556443
0.0022962500245301
0
0.0049156607348123
0.0076352771858794
0
0.0082024731837731
0.0028366902322781
0.0058902005012398
0.0061196914803552
0.0031814301455883
0.0099312237901478
0
0.014372222049636
0
0.011740529774554
0.00053468019855183
0.0010867019785089
0.0005522344210274
0.00056133750413875
0
0
0.0011800784449961
0.00060009706459925
0.00061041428510017
0.00062099987995012
0.00063186323854023
0.00064301416446038
0.00065446289769584
0.00066622013810419
0.0006782970704487
0.00069070539098712
0.0014069146715989
0.00071656571098016
0.00073004392482417
0
0
0.00077284145010428
0.0039397319740051
0.0032139941480682
0.0065561256438933
0.013376266021983
0.010236251736686
0.006964395597883
0.00355449521793
0.0027218008403547
0.00092650299513687
0.00094635736013861
0.0009668568283502
0.0029640889583695
0.0010099056502696
0.0010325163064945
0.0021117897786003
0.0010800765712076
0.0011050985617181
0.0022620005012275
0.0011578233629407
0.0011856121272749
0.0012144134580837
0.0012442771539401
0.0012752561127877
0.0026148131329608
0.002681576672102
0.001375465110264
0
0.0043469388538267
0.001487966947482
0.001528549235467
0
0.0032297153363361
0
0
0.001758699871642
0
0
0
0
0
0.0021106489034926
0.0021794762228534
0
0.0046552571861342
0.0048148696812507
0
0.0025798714286313
0.005346243108109
0
0.0057509079793468
0.0059706908912801
0.0062033178958156
0.0032249048207187
0.0033556451041392
0.017472499864304
0.0036421551041406
0.0075987403170111
0.0039669885696322
0
0.0011094826550538
0.0016914329515464
0
0.0011652610377891
0.00059239561924816
0
0.000612676978315
0.00062321048006667
0.00063401798213815
0.00064510907073627
0
0.0013363649790461
0.00068018619850596
0.0013850326023602
0
0.00071820400447904
0
0.0007453479316673
0.0030380024874469
0.0015481205383905
0.0031561705083857
0.0040223210937255
0.00082034238255916
0.002510085963116
0.0093889636819159
0.007838126721418
0.014220782278121
0.01905229498633
0.019452008166205
0.0018918507986339
0.0019323919479694
0.0029613755257361
0.0010087418483893
0
0
0
0.0011027183584678
0.0045130595530311
0.0011547095576656
0
0
0.0012398713671819
0
0.0026039789489141
0.0053392556093612
0.0013688954583383
0.0028085983326626
0
0
0
0
0.0016037438765694
0.003297420283842
0.0016955944207896
0
0
0.0018489030741007
0
0.0078518317792259
0
0.0020879013995326
0.0043097894282614
0.0022251648696506
0.0022989291081642
0
0.0024579022139177
0.0025436448546483
0.0026339536128061
0
0.0028296201107431
0
0.0060958552699529
0.0031666794324973
0.016462544623773
0.010277969801811
0.01427102254216
0
0.0077580337099564
0.0081002981458601
0.0011213774106598
0.00056978127024338
0
0
0.00179527974931
0
0.00061874056427077
0.00062928765107415
0
0.000651207244338
0.00066259903044835
0.00067429237206944
0.00068629800727511
0.00069862715639791
0.00071129154827807
0
0.0014753513742703
0.0022542650832856
0.0015311110609754
0.0015601838464206
0.0023851389190335
0
0.00082627455658331
0.0033703328133311
0.0051562769799734
0.011396879957199
0.0089451456983399
0.01551922657458
0.012114039969193
0.0038055969243613
0.0019431419612486
0
0.0010138877497156
0.0031082714584399
0.0021180612002803
0.001082741108963
0.0033217706961073
0
0.001158853990685
0.0011860156182378
0
0
0.0038204589101884
0.002609605324469
0
0.0013710028856225
0
0
0
0.0015194624903503
0.0031206925695647
0.0016029026213954
0.0016472239903423
0.0016934093645384
0
0
0.0018442484998804
0
0
0
0
0
0
0
0
0.0048817033653614
0.0025245399541906
0
0
0
0
0.0030153250093663
0.009391685781974
0.0065050665597662
0
0.010556622336574
0.018322416566622
0.011457962547329
0.0079683666648567
0.012479865672173
0.0011576533677627
0.00058821338838923
0.0011956605818329
0.00060768498055241
0.00061778536173716
0.00062813967010033
0.00063875648928769
0.0012992895373712
0.00066081384235895
0.00067227344901807
0
0.00069610536823954
0
0.0014424547395487
0
0.00074773427571644
0.0015230781990272
0.002327189348287
0.0023709625224852
0.0016106549560997
0.0016415312548965
0.0025099559789576
0.0042650204740667
0.0034793612701205
0.0026615398857886
0.0045252165016061
0.012004871266071
0.012251555757305
0.016353898859752
0.01964352970709
0.0050150039007777
0.0030734833308943
0.0041867458960175
0.0010696074570365
0.0021865793427985
0
0.0022861521296516
0.0023385086702038
0.0011963422950274
0
0
0.0012835035556933
0.0013146829014943
0.0026940246554686
0.0027610981998721
0
0.0014514920665561
0.0014890319685011
0
0
0.0032216452985245
0
0.0068020432077578
0
0
0.0018497676991973
0
0.0019604624498859
0
0.0020813991795473
0.0042922155212673
0
0.006854751170585
0
0
0.002519811923976
0.0026062074661492
0.0026971236584773
0
0
0
0
0.009695501774058
0
0
0
0.00378302738084
0.01182862148329
0.016452278095556
0.0042945275418352
0.0012003173268668
0.0006098913039425
0
0.00063008049883188
0.00064055311773649
0.00065128902200773
0.0013245942232643
0.00067358666581576
0.00068516736261909
0.00069704929966138
0.00070924301618481
0.0007217595163552
0.0014692205883514
0
0.001522726535656
0.00077529114675262
0.0015792094623268
0.0016086367908487
0.0016388943796952
0.00083500687910933
0.0025530419502718
0.0026024574670704
0.0017688811235021
0
0.0018397518808428
0.0065687832786057
0.0047874218220371
0.0068401159596894
0.019948944293739
0.013238854842949
0.0041598607970661
0.0010622509865328
0.0021705217563914
0.0044361063488571
0.0022671631637055
0.0023179224072921
0.0023704055890056
0
0.0012404320892375
0.0025390115459294
0
0.0039924167282586
0
0.0041899646686338
0.0014314276202103
0
0
0
0.0015843616542386
0.0016264258021888
0.0016701876315145
0
0.0017631811360233
0.0018126177524219
0.00186416306292
0
0
0.0020327129975084
0
0.0043162134174348
0.0044504000975534
0.0045909429994459
0.0023691249990534
0.004892762217252
0.0025274786677543
0
0
0.011186091968881
0
0.003000479657591
0.0062218573355464
0.0032275903014205
0
0.0069629939303305
0.0072396717595145
0
0
0.012264551475243
0.0085293037684898
0.0089055946498785
0.0006246205260181
0.00063474985914906
0.00064512760240948
0.0006557619452874
0.00066666141758894
0.00067783490650436
0.00068929167477378
0.00070104137981406
0.00071309409415394
0.00072546032698081
0.0014763020942141
0.0015023554144331
0.0022936568093896
0.0015565744691313
0.0015847913354071
0.0016137824658955
0.00082178822464116
0
0.0042642351594017
0.0034761636736127
0
0.00090284367066497
0.0018409789363057
0.0037546307509093
0.0019147383143325
0.0029299372578605
0.010961615088956
0.0091528871093878
0.006228612950603
0.023317389160094
0.0086588250659202
0.0011055472667438
0.0022589900368261
0.0023084587875844
0
0.0012061992948895
0.002467020933113
0
0.0025819817034283
0.0013212495495052
0.0027051693328274
0.0027700957417083
0.0014186939689302
0.0014535811359977
0
0.0030546595123081
0
0
0.0016489386393446
0
0.0017382627969992
0.0017856715660853
0.003670093246172
0.0037729964523377
0
0
0.0020545366032037
0
0
0.0044921379286283
0.004631793922663
0.0047780652116704
0
0.0025460931383863
0
0.0027191667095756
0
0
0.0060276802962834
0.003122776186057
0.0032377269866577
0
0
0.01087019782372
0.01130213023193
0.0039201092835613
0
0
0.0088769495985462
0.0046342888586179
0.00065220910867009
0.00066278583975306
0.0013472439057606
0.00068472599925855
0.00069610688544286
0.00070777389115713
0.00071973668826358
0.0014640107214663
0.0022337712779509
0.00075750285737827
0.0023122623246159
0.00078435613699743
0.00079832143460745
0
0.0033095785400592
0
0.0025742562556728
0.0026222254999945
0.00089051604826383
0
0.0027744616819435
0.002828162898193
0.0009611461528335
0.0019602336726326
0.0029989642926613
0.003059348336804
0.0041620995374964
0.0074333442222458
0.019511165250957
0.017707115940804
0.0067809546073499
0
0.0035381495252937
0
0.0036956838823709
0.0025189507364235
0
0.0013174899308239
0.0013480120451122
0.0013796072256951
0
0
0
0
0.003111144399586
0.0015947896961641
0.0016355091659267
0.0016778082973747
0.0017217698673393
0
0.0018150393434628
0
0.0019160979707769
0
0
0
0.0042905650099226
0
0
0.0046905491453098
0
0
0.007723782050193
0.00265855037932
0
0
0
0.0030390593009111
0
0.0032607046807732
0
0.010522536398611
0.0036415590056412
0
0.015735105241383
0.016373019298706
0.012787894812927
0.0044427430463051
0.004634515793371
0.014516936027067
0.00068296971412429
0.00069404528315303
0
0.0014340404442398
0.0014578757463856
0.0014823102765119
0.0007536821453331
0.0015330589079836
0.00077970807769084
0.001586459014676
0.0016142114728023
0.0016426985748438
0.0016719464807361
0.0017019825252419
0.00086641764095553
0.001764534630998
0
0
0.001865032189283
0.0019004454797156
0.0019368770706388
0
0.0030194321323069
0.0010263427888524
0.002093604396095
0.0042715180989787
0.0010895999049582
0.0055599488294823
0.010215692158039
0.013906687001873
0.011834616045957
0.003626467283418
0.002470014537459
0
0.0012899953563361
0
0.0040462180906071
0.0041388829569581
0.0014115893029513
0.0014446746296734
0
0.0015144326979395
0
0
0.0032578775318227
0.0016700059051598
0
0
0
0
0.0019006433443849
0
0
0.0020627262482663
0.0021213838801773
0.0043651592156923
0.0022464620006845
0.0023131906600809
0.0023829372171416
0.0024558864375461
0.0025322374461569
0
0
0
0.0028762250523814
0.0059463576137979
0
0.0031823926319962
0
0
0.0035401806094609
0.0036729394404804
0
0
0.0041193078207306
0.012858923803517
0
0.0093045586389495
0.0048530967819969
0.0050672028937585
0.00071698780084371
0.00072861503367262
0.0022215822326414
0.0007527343329967
0.00076524559119379
0.00077807138687515
0.0015824447050627
0.002414128721084
0.00081854461239247
0.00083273953188417
0.00084730692302055
0
0.0017552245810626
0.0017867566930246
0.0027287192952746
0.00092621223051809
0.0018866243019595
0.0019217800646707
0.00097896385464878
0.0019951049028149
0.0010166755587121
0.003109061602864
0.0021132181603988
0.0010774639692984
0.0032968273279545
0.0011210696113997
0.0045754874542531
0.0023347538853388
0.015490982419075
0.018249207695987
0.013666495999536
0.0038070982484244
0.0038895654989692
0.002649827728206
0
0.0027691378806767
0.0014159188177387
0.0014483456234772
0
0.001516632530319
0.0015526014036215
0.0031797303662669
0.0016284867795448
0
0.003420149383864
0
0
0
0.0037855588777633
0
0.0019953126229384
0.0040994641574036
0
0.0021654687256372
0
0
0
0
0.0025016291052689
0.005156423717076
0
0
0
0.0029226028348287
0.0030194871491252
0
0.0032282875197569
0
0
0
0
0
0
0.0041592182280957
0.0086489734297337
0
0
0
0
0.010639191121027
0.04052129752272
0.040521297522721
0
0
0.040521297522722
0.040521297522721
0.040521297522721
0.081042595045443
0
0
0.081042595045444
0
0.040521297522722
0
0.040521297522722
0.040521297522721
0
0
0
0
0
0.014878431273742
0.044635293821225
0.014878431273742
0.044635293821227
0
0.044635293821225
0.044635293821227
0
0
0
0
0
0.014878431273742
0
0
0
0
0
0
0.0099264701205998
0
0.019852940241201
0
0
0
0
0.0099264701206003
0
0
0
0.0099264701206
0.0099264701206006
0.0198529402412
0
0.0198529402412
0
0
0
0
0.023674964752766
0.015783309835177
0
0.023674964752766
0
0.015783309835177
0.023674964752766
0.0078916549175889
0.0078916549175883
0.023674964752766
0.015783309835178
0
0
0.0078916549175887
0
0
0
0
0
0
0.0068317952993194
0.0068317952993196
0.013663590598639
0.02049538589796
0
0.020495385897959
0.0068317952993195
0
0.0068317952993194
0
0
0.020495385897959
0.0068317952993197
0
0
0
0
0
0
0.0068317952993197
0.00622008023679
0
0.0062200802367904
0.018660240710371
0.012440160473581
0.0062200802367904
0.0062200802367903
0.0062200802367903
0.0062200802367901
0.012440160473581
0.012440160473581
0.0062200802367903
0.0062200802367904
0.012440160473581
0
0.0062200802367903
0
0
0
0
0.011709675707652
0.011709675707652
0.017564513561479
0.011709675707653
0.0058548378538263
0
0.0058548378538261
0.0058548378538264
0.011709675707653
0.0058548378538261
0
0
0.0058548378538263
0
0.0058548378538264
0
0
0
0
0
0
0.0056425524214956
0.011285104842991
0
0.011285104842991
0.011285104842991
0.0056425524214957
0.011285104842991
0.0056425524214954
0.0056425524214957
0
0.0056425524214955
0
0.0056425524214957
0.0056425524214956
0
0
0.0056425524214953
0
0.005642552421496
0
0
0.0055342135232082
0.016602640569625
0.011068427046416
0.0055342135232082
0.016602640569625
0.016602640569625
0.0055342135232081
0.0055342135232082
0.011068427046416
0.0055342135232083
0.011068427046416
0.011068427046416
0
0
0.0055342135232083
0.011068427046416
0
0
0
0
0
0.0055019074963045
0.022007629985219
0.0055019074963044
0.0055019074963047
0
0.0055019074963044
0.0055019074963045
0.022007629985218
0.0055019074963045
0.0055019074963048
0.0055019074963045
0
0
0.0055019074963047
0
0
0
0.033172799371124
0.0055287998951877
0.0055287998951876
0.011057599790375
0.0055287998951877
0.02211519958075
0
0.0055287998951877
0.011057599790375
0.011057599790375
0.016586399685563
0
0
0
0.016586399685563
0.0055287998951875
0.0055287998951878
0
0
0
0.011208703393709
0.0056043516968547
0.011208703393709
0.0056043516968548
0.011208703393709
0.016813055090564
0.016813055090564
0.0056043516968546
0.011208703393709
0
0
0
0.0056043516968547
0
0
0
0
0
0
0
0.0057218364588049
0.0057218364588049
0
0.0057218364588052
0.0057218364588053
0.0057218364588049
0.01144367291761
0.0057218364588053
0.01144367291761
0.02288734583522
0.017165509376416
0.005721836458805
0
0.01144367291761
0
0
0
0
0
0
0.0058769647831151
0.0058769647831149
0.0058769647831154
0.0058769647831154
0
0.017630894349346
0.01175392956623
0.0058769647831153
0.0058769647831149
0.0058769647831154
0.0058769647831151
0
0
0
0
0
0
0
0
0
0.0060670814381792
0
0.012134162876359
0
0.0060670814381794
0.024268325752717
0.024268325752718
0.0060670814381794
0.012134162876358
0
0
0.0060670814381793
0
0
0
0.0060670814381794
0
0
0.0060670814381795
0
0.0062906766192407
0.012581353238482
0.018872029857723
0
0.012581353238482
0.0062906766192409
0
0
0
0
0
0.0062906766192409
0
0
0
0
0
0
0
0
0.0065470782616584
0
0.0065470782616586
0
0
0
0
0
0
0
0.0065470782616588
0
0.0065470782616588
0
0
0
0
0
0
0
0.013672506424516
0.0068362532122581
0.0068362532122581
0.0068362532122581
0
0
0
0.0068362532122581
0
0
0
0
0
0
0
0
0
0
0
0
0.007158676320205
0.0071586763202052
0.0071586763202053
0.0071586763202056
0
0
0
0
0
0
0
0
0
0
0
0
0
0
0
0
0.0075152433345402
0
0
0
0
0
0
0
0
0
0
0
0
0
0
0
0
0
0
0
0.011240096799275
0
0
0.03201057005197
0
0
0
0.0099753482101683
0.0098122439540492
0
0.0094978113071173
0.0093462326797932
0.036793015757879
0
0.017825296277408
0.0087748079002238
0.0086401407947369
0.0085085501689505
0.016759886043597
0.0082542298400755
0
0
0
0
0
0
0.0074484135351568
0
0.014479618010509
0
0.0070398467509351
0.020828874184444
0.0068480558951469
0
0.0066639971992119
0
0.01297452109148
0.0064015172190617
0
0.0062350527863417
0.01846273497212
0.0060749980065208
0
0.01184205597169
0.005846228831308
0
0
0.011260285553898
0.0055607710127366
0
0
0
0.015887163932817
0.0052324200105252
0.0051702469509066
0.010218350957018
0
0.0099804691319146
0.0049323156224351
0
0.0048194623178452
0
0
0
0.0046050724137192
0.0091074205577804
0.013509608004075
0
0
0
0
0.0042628404219144
0.0042170815934652
0
0.004127746924481
0
0
0.0039989749874763
0
0.0039164459915314
0
0
0
0.0037588717686159
0
0
0
0
0
0
0
0.0034709680105034
0.0034373211588065
0.0034041611944665
0
0
0
0
0
0.006429835571839
0
0
0.0031261597245531
0.006194778566535
0
0.0060820544615549
0
0
0
0
0.0029066733301978
0
0
0
0.0028054986315731
0
0
0
0
0
0
0.0026407249383992
0.0026183759656146
0.0025963095123675
0.0025745208367716
0.0025530052960113
0
0
0
0
0
0.0024293997596741
0
0
0
0
0
0
0
0
0.0022601674780721
0
0
0
0
0
0
0.0021404750776784
0.0021241553315287
0
0.0041841416444284
0
0.0020607077957128
0
0
0
0
0
0
0
0.001942052784648
0
0
0
0
0.0018730238253775
0
0.0018464391235867
0
0.0018204164245052
0
0
0.0035648037427508
0.0017699946604816
0
0.0017455657522158
0
0
0
0
0
0
0
0
0
0
0
0
0.0015984321982611
0
0.0015774567399972
0
0
0
0
0.0015267894966907
0.0015169493044076
0
0
0
0
0
0.0039857811737531
0.0039178333014015
0
0.0037870482628356
0
0
0
0
0.013949457833099
0.010295125459648
0.0033773743054524
0.0033243203885349
0.0065450136548271
0.0032218952566999
0
0.0093723957524016
0.0061538210249948
0.0030307517009881
0
0.0029414964531117
0
0
0
0
0
0
0.0026582811337496
0
0
0.0076478541411192
0
0
0.0024468570948719
0
0
0
0.0023196180685274
0.0022893591775467
0.0022596885276109
0.0044611819390758
0
0
0.0021465925129473
0.0021196452492789
0.0041864044846158
0.0020672509887232
0.0061253381110732
0.0020167756400387
0.0019922284080411
0
0.0019444595900592
0
0.0018983884680446
0.0037519290284259
0
0
0
0
0.0035391778277704
0.0017494017050687
0.0017295579748832
0
0
0.0016720112525274
0
0.0016352277676277
0
0
0.0015822874228662
0
0
0
0.0015156079070976
0.0014995966421037
0
0
0
0.001438023362644
0.0014232226139332
0.0014086491980648
0.0013942984831266
0
0
0.0027050759283105
0
0.0039771939780884
0.00131262587757
0
0.0025739826310647
0.0012744547226967
0
0
0
0.001226096502535
0
0
0.0023832230361471
0
0
0.0011585612120054
0
0
0
0.0022331819275693
0.0022129095255394
0
0
0
0.001067259491242
0.0010577861045425
0
0
0.0020602212234212
0
0
0
0.00099486810783207
0
0
0
0
0
0
0
0
0.0009218954827625
0
0.00090677131010539
0
0
0
0.0017552369938318
0
0
0.0017133334489948
0
0.00084311295674952
0
0
0
0
0
0.00080432708575138
0
0
0
0
0
0
0
0.00075664159807783
0
0
0
0
0
0
0
0
0
0
0
0.0006926884970918
0
0.00068282183574421
0.0006779673722449
0
0
0
0.00065905815049106
0
0
0
0
0.0006365137594731
0.00063214385592845
0
0
0
0
0
0
0
0.00059874904745707
0
0
0
0.0005830353702618
0
0
0
0
0
0.00056059983230415
0
0
0
0
0
0.005411446866309
0.0053184017858572
0
0
0.0050532237888078
0
0.004887306281113
0
0.0070941422983761
0.0069800139123141
0.0022895392079715
0.0022532889733021
0
0.006549973040325
0
0.0021165684388228
0.0020843327875757
0.0041056559934475
0.0040440642765764
0.0019919241005432
0
0.0019336909061947
0
0
0
0
0
0
0.0017487807356513
0.0017245456759517
0.0017008109305293
0
0
0
0.0016106083971691
0.0015891790714681
0.0015681745967265
0.0061903352644651
0
0
0.0014881874441612
0.0014691469402059
0.0014504695302952
0
0
0.0027930511130312
0.0041376348340345
0
0
0
0
0
0
0
0
0.0012368935525325
0.0024449076086957
0
0
0.0011806198621509
0
0.002307824695178
0.0011408971597837
0.0045124037493964
0.0011155187959104
0.0044125839461179
0.0010909778912229
0.0010790100186528
0.0021344759999623
0
0
0
0.0030660754676666
0
0.0020009772518243
0.00098997474632034
0.00097962573147997
0.0029083144572096
0.00095940866878914
0
0.00093981105384913
0.0037209466447931
0.00092080783635845
0.00091152164329245
0
0
0.00088449058598004
0
0
0.00085864434254232
0
0
0.00083391466829592
0.00082590848034527
0.002454051117378
0
0
0
0.00078755586057491
0
0
0.00076581286866743
0
0
0.00074495802917759
0
0.00073152452170493
0
0.00071845112573221
0.00071204546069573
0
0
0
0
0
0
0
0
0
0
0.00064689629405492
0
0.00063601588236154
0
0
0
0.00061506269011765
0.00060998618365872
0
0
0
0
0.00058552233274054
0
0
0.00057154390053497
0.00056699551492989
0
0.00055806012759351
0
0
0
0.00054081155764565
0
0
0
0.00052435048237417
0.00052035264710147
0.00051640035950463
0
0
0
0
0
0
0
0
0
0
0.00047574313060011
0
0
0
0
0.00045883316118784
0
0
0
0
0
0
0
0
0
0
0.00042466404545694
0
0
0
0.00041318004016524
0.00041038182701141
0
0
0.0004021556487029
0.0003994684936852
0
0.00039417435675302
0
0
0
0
0
0
0.00037645048783429
0.00074803282450908
0
0.00036921855318667
0
0
0.0021890455292165
0.0043021608643286
0.0021140944916546
0.0041561086475376
0.0040858559106317
0
0.0019752953560834
0.0038854632289744
0
0.0037599483854699
0.0018497297443674
0.0018202093120799
0
0.0017632496907198
0.0034715346157463
0.0017089224716427
0
0.0016570679096516
0.0016320212480858
0.0032150763914611
0.0031672039370553
0
0
0
0
0
0.0014506028408886
0
0
0
0
0.0013521637380386
0
0
0
0
0
0
0
0
0
0
0
0
0
0
0.0033307603735419
0.0010964886775286
0
0
0
0.0010439122179839
0
0.0010190308709585
0
0.00099502859618925
0.00098334422687871
0.00097186446535367
0
0
0.0028158180383608
0.00092789853410201
0
0
0.00089685287938277
0
0.0008770134139976
0.0017346792839042
0
0.0025453984876184
0
0.00083020208224163
0.0016425808021711
0.0016250428902477
0.0040194609139643
0.0015907993251872
0
0
0.00077071418840351
0
0.0007548901852234
0
0.00073954856385771
0
0
0.0014347968115278
0
0.00070317992172503
0
0
0
0
0.00066942951199959
0.00066297150074012
0
0
0
0
0.00063204155891462
0
0
0
0
0
0
0
0
0
0
0
0
0.00056105934557773
0
0
0
0
0
0
0
0
0
0
0
0.0010112794991013
0.00050139633387974
0
0
0
0
0
0
0
0
0
0
0
0
0
0
0
0
0.00043672692826066
0.00043331922192688
0.00042995124515868
0
0
0
0
0
0
0
0
0
0
0
0
0
0
0
0.00038099891568972
0
0
0.00037275588614399
0
0
0
0
0
0
0.00035453203887291
0.00035203811898842
0.00034957042168005
0
0
0
0
0
0
0.00033300078673601
0
0
0
0.00032405606033559
0
0
0
0.00031546694860562
0.00031337302818262
0
0
0
0
0
0
0
0
0
0
0
0
0.0037901076802452
0.0037243750109157
0.0036603376506525
0.0035979377986267
0.0053056801448079
0.001738915752899
0.0034200211918494
0.0016818202075857
0.0016543212142568
0.0032549823799677
0.0032026172214946
0.0031515056225608
0.0046524118328427
0
0.0015026514791227
0
0
0
0
0.0013916437051235
0.0013709221446655
0
0
0
0
0
0
0
0
0
0
0
0
0
0
0
0.0010937368448529
0
0
0.0021024304215753
0
0
0
0
0
0
0
0
0
0
0
0
0
0
0
0
0.0017025596118832
0
0
0
0
0.00080328054251271
0
0
0.0007764043599895
0.0015354896501199
0.0022776880825727
0.00075085478910077
0
0.00073451604275674
0.0021796378083462
0
0.0014219800435032
0
0
0
0.0013626807387089
0.00067421776181324
0
0
0
0
0
0
0.00062734579384362
0
0
0
0
0
0
0
0
0
0
0
0
0
0
0
0
0
0
0
0
0
0
0.00050346454761887
0
0
0
0.00048570833871795
0
0
0
0
0
0
0
0
0
0
0
0
0
0
0
0
0.00041981698343303
0
0
0
0
0
0
0
0
0
0
0
0
0
0
0
0
0
0
0
0.00035812758465656
0
0
0
0
0.00034483109199226
0
0
0
0.00033471989658824
0
0
0
0
0
0
0.00031806485047085
0
0
0
0
0
0
0
0
0
0
0
0
0
0.00028827834380117
0
0
0
0
0
0
0
0
0
0
0
0
0
0
0
0
0.00025741311222066
0
0
0
0
0.0069014871916754
0.003390896592306
0.0033325931008313
0.0016378902480193
0.0016102041881894
0.0015832142261535
0
0.0015312309834693
0.0015061942343511
0
0.0014579283491858
0
0.0014119458418081
0
0.0013681049209724
0
0
0
0
0
0
0
0.0012116807327836
0
0.0011767679774963
0
0
0
0
0
0
0
0.0010511869001716
0
0
0
0
0
0.00096974003774256
0
0
0
0.0018411805479072
0.00090888671902938
0
0
0
0
0
0
0
0.00082279544960258
0
0
0
0
0.0007750566966554
0.00076600852633741
0
0
0
0.00073135525995334
0
0
0
0.00069900139041487
0.00069124839603033
0.00068362367866191
0
0.00066874789436564
0.001322982853073
0.00065435242901772
0.00064732837989053
0
0
0
0
0
0.00060746499201545
0
0
0
0
0.0011539849624753
0
0.00056544231751094
0.00055979685930313
0
0
0
0
0
0
0
0
0
0.00050770780742463
0
0
0
0
0
0
0
0
0
0
0
0
0
0
0.00044221829052818
0
0
0
0
0
0
0
0
0
0
0
0
0
0
0
0
0
0
0
0
0
0
0
0
0
0
0
0
0
0
0
0
0
0
0
0
0
0
0
0
0
0
0
0
0
0
0
0
0
0
0
0
0
0
0
0
0
0
0.00027747099554955
0
0
0
0
0
0
0
0
0
0
0
0
0
0
0
0
0
0
0
0
0
0
0
0
0
0
0.00023135807571381
0
0
0.0016240581680328
0
0.0047053554364315
0
0.0030313063737153
0.0014902480722312
0.0014654763980505
0
0.0028355013706526
0
0
0
0
0
0
0
0.0012483959418884
0
0
0.0023852729441727
0
0.0011575134813419
0
0
0
0
0
0
0
0
0
0
0
0
0
0
0.0009373307601894
0
0
0.00090088978650328
0
0
0
0
0.00084470942334665
0.00083410535787227
0
0
0
0
0
0.0015489619943472
0
0
0
0
0
0
0
0
0.0013927081381239
0
0
0.00067292479575
0
0
0
0
0
0
0.00062264872744878
0
0
0
0
0
0
0
0
0
0
0
0
0
0
0
0
0
0
0
0
0
0
0
0.00048713794287128
0
0
0
0
0
0
0
0
0
0
0
0
0
0
0
0
0
0
0
0
0
0.00039833596634304
0
0
0
0
0
0
0
0
0
0
0
0
0
0
0
0
0
0
0
0
0
0
0
0.00032656688989749
0
0
0
0
0.00031407105706729
0
0
0
0
0
0
0
0
0
0
0
0
0
0
0
0
0
0
0.00027258107787484
0
0
0
0
0
0
0
0
0
0
0
0
0
0
0
0
0
0
0
0
0
0
0
0
0
0
0
0
0
0
0
0
0
0
0
0.0031303457337233
0.0030760554606332
0
0
0.0014606984468511
0
0
0.0013890578199521
0
0
0
0
0
0
0
0
0
0
0
0
0
0
0.0010991774691921
0.0010831682862745
0
0
0
0
0
0
0
0
0
0
0
0
0
0
0
0
0
0
0
0
0
0
0
0
0
0
0
0
0
0
0
0
0
0
0
0
0.00067110557742131
0
0
0
0
0
0
0.00062014994928985
0
0.0006066553656983
0
0
0
0.00058095480549769
0
0
0
0
0
0
0
0
0
0
0
0
0
0
0
0
0
0
0
0
0
0
0
0
0
0
0
0
0
0
0
0
0
0
0
0
0
0
0
0
0
0
0
0
0
0
0
0
0
0
0
0
0
0
0
0
0
0
0
0
0
0
0
0
0
0
0
0
0
0
0
0
0
0
0
0
0
0
0
0
0
0
0
0
0
0
0
0
0
0
0
0
0
0
0.00025529344291735
0
0
0
0
0
0
0
0
0
0
0
0
0
0
0
0
0
0.00022555963398615
0
0
0
0
0
0
0
0
0
0
0
0
0
0.0015351210230579
0.0030169941644712
0.0014825597985764
0.0014572857608018
0.0014326525469394
0
0.0013852235540107
0
0
0.0013183772870667
0.0012971676375185
0
0
0
0
0
0
0
0
0
0
0
0
0
0
0
0
0
0
0
0
0
0
0
0
0
0
0
0
0
0
0
0
0
0
0
0.00077859203991742
0
0
0
0
0
0
0
0
0
0.00068959387798765
0
0
0
0
0
0
0
0
0
0
0
0
0
0
0
0
0
0
0
0
0
0
0
0
0
0
0
0
0
0
0
0
0
0
0
0
0
0
0
0
0
0
0
0
0
0
0
0
0
0
0
0
0
0
0
0
0
0
0
0
0
0
0
0
0
0
0
0
0
0
0
0
0
0
0
0
0
0.00032381165296767
0
0
0.0003161117908178
0
0
0
0
0
0
0
0
0
0.00029233629832146
0
0
0
0
0
0
0
0
0
0
0
0
0
0
0
0
0
0
0
0
0
0
0
0
0
0
0
0
0
0
0
0
0
0
0
0.0002257234498241
0
0
0
0.00021976040114378
0
0
0
0
0
0
0
0
0
0
0
0
0.0015261597387014
0.0014996912154003
0
0
0
0
0
0
0
0
0
0
0.0012489220581866
0
0
0
0
0
0
0
0
0
0
0
0
0
0
0
0
0
0
0
0
0
0
0
0
0
0
0
0
0
0
0
0
0
0
0
0
0
0
0
0
0
0
0
0
0
0
0
0
0
0
0
0
0
0
0
0
0
0
0
0
0
0
0.00055453709163438
0
0
0
0
0
0
0
0
0
0
0
0
0
0
0
0
0
0
0
0
0
0
0
0
0
0
0
0
0
0
0
0
0
0
0
0
0
0
0
0
0
0
0
0
0
0
0
0
0
0
0
0
0
0
0
0
0
0
0
0
0
0
0
0
0
0
0
0
0
0
0
0
0
0
0
0
0
0
0
0
0
0
0
0
0
0
0
0
0
0
0
0
0
0
0
0
0
0
0
0
0
0
0
0
0
0
0
0
0
0
0
0
0
0
0
0
0
0
0
0
0
0
0
0
0.0015336193509322
0
0
0
0
0.0014072607288637
0
0
0.0013388004990284
0
0
0
0
0
0
0
0
0
0
0
0
0
0
0
0
0
0
0
0
0
0
0
0
0
0
0
0
0
0
0
0
0
0
0
0
0
0
0
0
0
0
0
0
0
0
0
0.00068891930973643
0
0
0
0
0
0
0
0
0
0
0
0
0
0
0
0
0
0
0
0
0
0
0
0
0
0.00051811895794247
0
0
0
0
0
0
0
0
0
0
0
0
0
0
0
0
0
0
0
0
0
0
0
0
0
0
0
0
0
0
0
0
0
0
0
0
0
0
0
0
0
0
0
0
0
0
0
0
0
0
0
0
0
0
0
0
0
0
0
0
0
0
0
0
0
0
0
0
0
0
0
0
0
0
0
0
0
0
0
0
0
0
0
0
0
0
0
0
0
0
0
0
0
0
0
0.00023329640411673
0
0
0.0002285725917272
0
0
0
0
0
0
0
0
0
0
0
0
0
0
0
0
0
0
0
0
0
0
0
0
0
0
0
0
0
0
0
0
0
0
0
0
0
0
0
0
0
0
0
0
0
0
0
0
0
0
0
0
0
0
0
0
0
0
0
0.0008402106415065
0
0
0
0
0
0
0
0
0
0
0
0
0
0
0
0
0
0
0
0
0
0
0
0
0
0
0
0
0
0
0
0
0
0.00056486243953728
0
0
0
0
0
0
0
0
0
0
0
0
0
0
0
0
0
0
0
0
0
0
0
0
0
0
0
0
0
0
0
0
0
0
0
0
0
0
0
0
0
0
0
0
0
0
0
0
0
0.00035309677718891
0
0
0
0
0
0
0
0
0
0
0
0
0
0
0
0
0
0
0
0
0
0
0
0
0
0
0
0
0
0
0
0
0
0
0
0
0
0
0
0
0
0
0
0
0
0
0
0
0
0
0
0
0
0
0
0
0
0
0
0
0
0
0
0
0
0
0
0
0
0
0
0
0
0
0.001587165258726
0
0
0
0
0
0
0
0
0
0
0
0
0
0
0
0
0
0
0
0
0
0
0
0
0
0
0
0
0
0
0
0
0
0
0
0
0
0
0
0
0
0
0
0
0
0
0
0
0
0
0
0
0
0
0
0
0
0
0
0
0
0
0
0
0
0
0
0
0
0
0
0
0
0
0
0
0
0
0
0
0
0
0
0
0
0
0
0
0
0
0
0
0
0
0
0
0
0
0
0
0
0
0
0
0
0
0
0
0
0
0
0
0
0
0
0
0
0
0
0
0
0
0
0
0
0
0
0
0
0
0
0
0
0
0
0
0
0
0
0
0
0
0
0
0
0
0
0
0
0
0
0
0
0
0
0
0
0
0
0
0
0
0
0
0
0
0
0
0
0
0
0
0
0
0
0
0
0
0
0
0
0
0
0
0
0
0
0
0
0
0
0
0
0
0
0
0
0
0
0
0
0
0
0
0
0
0
0
0
0
0
0
0
0
0
0
0
0
0
0
0
0
0
0
0
0
0
0
0
0
0
0
0
0
0
0
0
0
0
0
0
0
0
0
0
0
0
0
0
0
0
0
0
0
0
0
0
0
0
0
0
0
0
0
0
0
0
0
0
0
0
0
0
0
0
0
0
0
0
0
0
0
0
0
0
0
0
0
0
0
0
0
0
0
0
0
0
0
0
0
0
0
0
0
0
0
0
0
0
0
0
0
0
0
0
0
0
0
0
0
0
0
0
0
0
0
0
0
0
0
0
0
0
0
0
0
0
0
0
0
0
0
0
0
0
0
0
0
0
0
0
0
0
0
0
0
0
0
0
0
0
0
0
0
0
0
0.00026779640255641
0
0
0
0
0
0
0
0
0
0
0
0
0
0
0
0
0
0
0
0
0
0
0
0
0
0
0
0
0
0
0
0
0
0
0
0
0
0
0
0
0
0
0
0
0
0
0
0
0
0
0
0
0
0
0
0
0
0
0
0
0
0
0
0
0
0
0
0
0
0
0
0
0
0
0
0
0
0
0
0
0
0
0
0
0
0
0
0
0
0
0
0
0
0
0
0
0
0
0
0
0
0
0
0
0
0
0
0
0
0
0
0
0
0
0
0
0
0
0
0
0
0
0
0
0.00051465546945909
0
0
0
0
0
0
0
0
0
0
0
0
0
0
0
0
0
0.00043520382827332
0
0
0
0
0
0
0
0
0
0
0
0
0
0
0
0
0
0
0
0
0
0
0
0
0
0
0
0
0
0
0
0
0
0
0
0
0
0
0
0
0
0
0
0
0
0
0
0
0
0
0
0
0
0
0
0
0
0
0
0
0
0
0
0
0
0
0
0
0
0
0
0
0
0
0
0
0
0
0
0
0
0
0
0.0002300874066394
0
0
0
0.00022422211494577
0
0
0
0
0
0
0
0
0
0
0
0
0
0
0
0
0
0
0
0
0
0
0
0
0
0
0
0
0
0
0
0
0
0
0
0
0
0
0
0
0
0
0
0
0
0
0
0
0
0
0
0
0
0
0
0
0
0
0
0
0
0
0
0
0
0
0
0
0
0
0
0
0
0
0
0
0
0
0
0
0
0
0
0
0
0
0
0
0
0
0
0
0
0
0
0
0
0
0
0
0
0
0
0
0
0
0
0
0
0
0
0
0
0
0
0
0
0
0
0
0
0
0
0
0
0
0
0
0
0
0
0
0
0
0
0
0
0
0
0
0
0
0
0
0
0
0
0
0.00066459059054845
0
0
0
0
0
0
0
0
0
0
0
0
0
0
0
0
0
0
0
0
0
0
0
0
0
0
0
0
0
0
0
0
0
0
0
0
0
0
0
0
0.00024814654692126
0
0
0
0
0
0
0
0
0
0
0
0
0
0
0
0
0
0
0
0
0
0
0
0
0
0
0
0
0
0
0
0
0
0
0
0
0
0
0
0
0
0
0
0
0
0
0
0
0
0
0
0
0
0
0
0
0
0
0
0
0
0
0
0
0
0
0
0
0
0
0
0
0
0
0
0
0
0
0
0
0
0
0
0
0
0
0
0
0
0
0
0
0
0
0
0
0
0
0
0
0
0
0
0
0
0
0
0
0
0
0
0
0
0
0
0
0
0
0
0
0
0
0
0
0
0
0
0
0
0
0
0
0
0
0
0
0
0
0
0
0
0
0
0
0
0
0
0
0
0
0
0
0
0
0
0
0
0
0
0
0
0
0
0
0
0
0
0
0
0
0
0
0
0
0
0
0
0
0
0
0
0
0
0
0
0
0
0
0
0
0
0
0
0
0
0
0
0
0
0
0
0
0
0
0
0
0
0
0
0
0
0
0
0
0
0
0
0
0
0
0
0
0
0
0
0
0
0
0
0
0
0
0
0
0
0
0
0
0
0
0
0
0
0
0
0
0
0
0
0
0
0
0
0
0
0
0
0
0
0
0
0
0
0
0
0
0
0
0
0
0
0
0
0
0
0
0
0
0
0
0
0
0
0
0
0
0
0
0
0
0
0
0
0
0
0
0
0
0
0
0
0
0
0
0
0
0
0
0
0
0
0
0
0
0
0
0
0
0
0
0
0
0
0
0
0
0
0
0
0
0
0
0
0
0
0
0
0
0
0
0
0
0
0
0
0
0
0
0
0
0
0
0
0
0
0
0
0
0
0
0
0
0
0
0
0
0
0
0
0
0
0
0
0
0
0
0
0
0
0
0
0
0
0
0
0
0
0
0
0
0
0
0
0
0
0
0
0
0
0
0
0
0
0
0
0
0
0
0
0
0
0
0
0
0
0
0
0
0
0
0
0
0
0
0
0
0
0
0
0
0
0
0
0
0
0
0
0
0
0
0
0
0
0
0
0
0
0
0
0
0
0
0
0
0
0
0
0
0
0
0
0
0
0
0
0
0
0
0
0
0
0
0
0
0
0
0
0
0
0
0
0
0
0
0
0
0
0
0
0
0
0
0
0
0
0
0
0
0
0
0
0
0
0
0
0
0
0
0
0
0
0
0
0
0
0
0
0
0
0
0
0
0
0
0
0
0
0
0
0
0
0
0
0
0
0
0
0
0
0
0
0
0
0
0
0
0
0
0
0
0
0
0
0
0
0
0
0
0
0
0
0
0
0
0
0
0
0
0
0
0
0
0
0
0
0
0
0
0
0
0
0
0
0
0
0
0
0
0
0
0
0
0
0
0
0.00029002274569179
0
0
0
0
0
0
0
0
0
0
0
0
0
0
0
0
0
0
0
0
0
0
0
0
0
0
0
0
0
0
0
0
0
0
0
0
0
0
0
0
0
0
0
0
0
0
0
0
0
0
0
0
0
0
0
0
0
0
0
0
0
0
0
0
0
0
0
0
0
0
0
0
0
0
0
0
0
0
0
0
0
0
0
0
0
0
0
0
0
0
0
0
0
0
0
0
0
0
0
0
0
0
0
0
0
0
0
0
0
0
0
0
0
0
0
0
0
0
0
0
0
0
0
0
0
0
0
0
0
0
0
0
0
0
0
0
0
0
0
0
0
0
0
0
0
0
0
0
0
0
0
0
0
0
0
0
0
0
0
0
0
0
0
0
0
0
0
0
0
0
0
0
0
0
0
0
0
0
0
0
0
0
0
0
0
0
0
0
0
0
0
0
0
0
0
0
0
0
0
0
0
0
0
0
0
0
0
0
0
0
0
0
0
0
0
)
;

boundaryField
{
    inlet
    {
        type            fixedValue;
        value           uniform 0;
    }
    outlet
    {
        type            zeroGradient;
    }
    wall
    {
        type            zeroGradient;
    }
    wedgeBack
    {
        type            wedge;
    }
    wedgeFront
    {
        type            wedge;
    }
    defaultFaces
    {
        type            empty;
    }
}


// ************************************************************************* //
