/*--------------------------------*- C++ -*----------------------------------*\
  =========                 |
  \\      /  F ield         | OpenFOAM: The Open Source CFD Toolbox
   \\    /   O peration     | Website:  https://openfoam.org
    \\  /    A nd           | Version:  10
     \\/     M anipulation  |
\*---------------------------------------------------------------------------*/
FoamFile
{
    format      ascii;
    class       volScalarField;
    location    "0.10999998";
    object      rhoDs;
}
// * * * * * * * * * * * * * * * * * * * * * * * * * * * * * * * * * * * * * //

dimensions      [1 -2 0 0 0 0 0];

internalField   nonuniform List<scalar> 
7600
(
0.0021914682003854
0
0.00088424032132754
0
0
0.002184328894243
0
0.0016198198582646
0
0.0010896240973076
0
0.0016019632055805
0
0.001107005303032
0.0014486821201826
0
0.002002299995608
0
0
0.0008221954816756
0
0
0.0021701926720637
0
0
0.0023241369751144
0
0
0.0020472791175064
0
0
0
0.0027064371614817
0
0
0.002388424191051
0
0.0016712522686491
0
0.0023750427414566
0.0013578232042688
0
0.0011445444023549
0.001735306003634
0.0015660970206908
0.0014866540617391
0
0.0017927266927113
0
0
0
0.0015285883817986
0
0
0
0.0017238522608018
0
0
0
0.001719172106353
0
0
0.0016398214581694
0
0
0.0017969806431596
0
0.0011734079771431
0
0.0035141410775273
0.0015302003159972
0.0018373292822927
0.0017207505367331
0
0
0.0021316066629106
0
0
0.0014947788946879
0
0.00026621250215272
0.0003842959714145
0.00071744144663261
0.00072981354180838
0.00076349121968209
0.00094421324265023
0.00034469522555093
0.0010053458424928
0.00043083845721179
0.00059660069572576
0.00027004656741493
0.0014957206371923
0.00049270522393624
0.00045647909394551
0.0013856659047853
0.00055332600769945
0.00053750945054434
0.0010685416792415
0.00057614008122
0.00060303617380583
0
0.00043354968638548
0.0005631715608044
0.00045032973389339
0
0.0010491978425875
0
0
0.00043083845721179
0.00090080838383078
0.00042268764473233
0
0.0017746800579131
0
0.001162268558947
0.00065031418696686
0.00042663080855699
0.00076609465513365
0.00060551706166551
0.0018943113309139
0.0016777431392146
0.00056424922444717
0.0010561421251189
0.0017657167960352
0.001549493404526
0.0006421529493275
0
0
0
0.00050037968582767
0.00093834952319109
0.00030440578832053
0.00090908706465514
0.0012208471291238
0.00060086833660922
0.00064926017919132
0.0004729545280978
0
0.00037131328214704
0
0
0.0019935656518868
0.0017103120676248
0.0011280614470539
0.00165775878756
0.00099137820334345
0.0013288185033753
0.0014466605513122
0.00053986132960317
0.00045647909394551
0.00072621376901517
0.00079827193145144
0.00055332600769945
0.00085293951565347
0.00042117174714371
0.0013447664142563
0.00085293951565347
0
0.00085293951565347
0
0.0002846131929319
0.00094124098200415
0.00093505083347798
0.00043924933075141
0.00092260664763014
0.0010892660297852
0.0010624511841273
0.00032492472193239
0.00040803280206274
0.0007972182963339
0.00086051145267573
0.00058221832612186
0.00044347179591334
0.00093326388475556
0.00075679410952963
0.00044387636232684
0.00072283786698149
0.00046863929457233
0.0010252156465555
0.00077143871147921
0.00021226226553366
0.00061793749168234
0.00027260067054938
0.00071292966600597
0.00046457171665445
0.0004308574853528
0.00083683951476502
0.00068424973244389
0.0003721461414618
0.0008401867959493
0.00086874080985079
0.0007846514584381
0.00084416169234324
0.00072608643798284
0.00079681556024292
0.00044887795545881
0.00075269680998551
0.00079249841169127
0.00075584802342799
0.00087551772111888
0.00070398334154165
0.00051096555157394
0.00075062468917161
0.00048525326762154
0.00065495098455294
0.00076421867416006
0.00084832809440818
0.00038338108970977
0.0007788269607961
0.00092296350367468
0.00068750460637483
0.00041253805886147
0.00066711920731696
0.0010124815406728
0.00021394500514535
0.00060373384270318
0.00069915830358898
0
0.00043821261420931
0.000828808378859
0.00035155012537185
0.00027260067054939
0.00035192846033931
0.00090261209569006
0.00066174023818024
0.00043245396254585
0
0
0.00024955065070813
0.00074662150834007
0.00025889019887997
0.00085485016167516
0.00056402429715047
0.00060866872727016
0.00039625204763233
0.00081670835177523
0.00099164535136822
0.00084312136759592
0.00035497997261469
0.00080765245382623
0.00056814179469051
0.00067922404807733
0.00088889045630674
0.00068443495516439
0.00077659761573589
0.00043396874780275
0.00057006352761866
0.0008043344370069
0.00080922776781334
0.00068483083688523
0.00078368346939351
0.0008644011230915
0.00080853407962976
0.001211866560203
0.00090181827651885
0.00066192478630158
0.0010933296665671
0.00058092958521751
0.00069450602409758
0.00056682040045545
0.00025727041685696
0.00074036627235315
0.00023942198007572
0.0006172102968301
0.00081610880429176
0.00023784697877911
0.00054489414433692
0.0002016914504101
0.00054810971276188
0.00036743532946268
0.00081019275787114
0.00050147042387797
0.00021250722487216
0.00074795044746877
0.00046181453612151
0.00055268321817719
0.00068025347526814
0.00062844370577818
0.0010058038475957
0.001162146722491
0.0011650407214023
0.0010217808266366
0.0012915701071685
0.001496634090061
0.00094403670101499
0.00072963694943541
0.0012424809700344
0.00059148259409339
0.00046593754909804
0.00030682229470007
0.00051503816579324
0.00031442388056553
0.00022495136845203
0.00022272651007663
0.00060322888464631
0.00038805930251197
0.00030666127647008
0.00054221367044513
0.00037894766705837
0.00052319233492325
0.00039796573763766
0.0006318484960886
0.0006614193337549
0.00040475240398271
0.00066817569002219
0.00055532246786678
0.00079942518733424
0.00093762480480571
0.0010096879523972
0.0014168466361898
0.002079672267752
0.0020527965883123
0.00079581939403878
0.0009105602180947
0.0006154622840438
0.00061546228404379
0.00039183756541651
0.00094246164055682
0.00033383995745607
0.00039183756541651
0.00051700611360139
0.00058947142929442
0.00036212522232571
0.00099461183242584
0.00051482207248109
0.00066233196330686
0.0010642802865352
0.0005246347499338
0.00076432615468848
0.00077774927555675
0.00063685363902245
0.00092447856861433
0.0007900765781286
0.0010498955742828
0.0011572306680265
0.0010540281465221
0.00058443851238425
0.00061553097318241
0.00051466464220255
0.00036594674757091
0.00033329591497869
0.00062214048889377
0.0004945708251396
0.00057519188617179
0.00028090195397531
0.00046436285128362
0.00043364469794576
0.00083259589341218
0.00020749310812952
0.00030862649971271
0.00040010867048759
0.00038385217406033
0.00043828029149925
0.00043818071335497
0.00059325061244874
0.00079440252108461
0.00048506888259778
0.00066957640359243
0.0010314224576567
0.0010261123037535
0.0016638649345102
0.00093910857253765
0.0012930194529542
0.0016456512895669
0.0013506612844425
0.001370777389506
0.00095188876606277
0.00051950105038532
0.00050734732139727
0.00043103773232266
0.00021642929447013
0.00048448519939233
0.00026254901280392
0.00055758195969412
0.00030093249652517
0.00024763487206157
0.00065393998078441
0.00059289568171466
0.00022781719812215
0.00019974576005404
0.0005601278696688
0.00066381797459114
0.00032532653332596
0.00050067665284751
0.00078265381616379
0.00059508866867427
0.00089891719054621
0.00074162841917769
0.001359138127595
0.0013893078333891
0.0024206409336985
0.0017190849231278
0.00065122023224762
0.0010792123590579
0.00041235631565974
0.00098334251411147
0.00028480555174985
0.00056255753852315
0.00071115746523643
0.000619893603991
0.00095761100522407
0.00080713815316469
0.00097829528191013
0.00066221457514185
0.00048700418073656
0.00092904533964457
0.00079574571893793
0.00070351771391617
0.00077237481186263
0.00088684129878968
0.00081173991038341
0.00096685636780992
0.0011087846565666
0.0011552605342165
0.0013643177041879
0.00069488866165142
0.0010749634049684
0.00049782981531581
0.00089550273860281
0.00054912853800949
0.0004411931577779
0.00037994777384864
0.00064007219420521
0.00042893188837807
0.00068944677325669
0.0006598498822776
0.00058857242394124
0.00045425516806566
0.00054258775272483
0.00023114323640071
0.000448038390685
0.00062881949137842
0.0004719139413726
0.00059118903628785
0.00072809304793194
0.00049720978902374
0.00079274006016392
0.00052252940300795
0.00096854398407062
0.00060095123701544
0.0015051622230103
0.0014893439275864
0.0015335330384789
0.001314275513079
0.00096337689762734
0.0011202369212604
0.00076400775024487
0.00046013212447062
0.00063222550672345
0.00031351959945116
0.00035384069323684
0.00024066581823872
0.00058349810267161
0.0002310040760466
0.00015859613613619
0.000413293978917
0.00052190584287795
0.00026459560271077
0.00042481189831777
0.00055227928764993
0.00070520721208184
0.00066143403056594
0.00074315240930537
0.00075216246062216
0.00065133387228451
0.0006596633647585
0.00059829768866085
0.00080821809688605
0.0014188731401188
0.0016292370732493
0.0019647963214158
0.0015592556130212
0.00084089509630216
0.00086023789122742
0.00078609574510494
0.00050063161679364
0.00054153240108966
0.00052063287964295
0.00065825927491885
0.00030132287792272
0.00093043306579783
0.00058975267664811
0.00096443175636421
0.00082324693379096
0.00058421895662529
0.00067530047599384
0.00064488319426332
0.00074894603657478
0.00085838996408532
0.0011127999441891
0.00064742103135186
0.00090666970778362
0.0010668209386985
0.0010808065548738
0.001345279691826
0.00079601822422146
0.00085325189205575
0.00073051212169176
0.00083082810468091
0.00042897250639264
0.00054092939775513
0.00043590177137502
0.00054558252204943
0.00037018472294946
0.000465512111356
0.00051239696145688
0.00041938214445239
0.00039910392836098
0.00037871615242713
0.00046518876558515
0.00031642139114452
0.00079596961757237
0.00039200569455281
0.00034791032227248
0.0006239526439736
0.00034866453055365
0.00067163596850578
0.00074194276823189
0.00087313063071416
0.00089544868087609
0.00079348670725027
0.0014787523512901
0.00093321955379001
0.0014765683911017
0.0017495975283289
0.001138215140018
0.0009589542351498
0.000631429907349
0.00047974682436798
0.00077419189235632
0.00021472290178951
0.00047193126762004
0.0002043442326335
0.0001587377016397
0.00040823015375718
0.00062602736645423
0.00023221674045155
0.00040430925288232
0.00038882534368773
0.00087145219794824
0.00044742995467124
0.00034745119589435
0.00075817353727481
0.00057209415680608
0.00035493657160879
0.00067358889331557
0.0010050786061061
0.00067546846503946
0.0013717343686651
0.00094638820583897
0.0023136857447591
0.0014951686949363
0.00149690324807
0.00077172335727629
0.00054016986293808
0.00070474757795172
0.00034422023736739
0.00041085020937334
0.00061298565563659
0.0003672373151278
0.00067111082065394
0.000733457977913
0.00070147541189524
0.00075546142858023
0.00098338308862383
0.00061257970102473
0.00075880135335089
0.00059149328929525
0.00076917090739815
0.00091606869706377
0.00081153424514722
0.00087164771550503
0.0008627880047832
0.00081411230855511
0.00084699752227395
0.00087939325918697
0.00089851288891294
0.00072925960130845
0.00044812390235552
0.00042675544758769
0.00089561855587153
0.00015992869300999
0.00083682002838528
0.00043726091062533
0.00044061443783306
0.0004596795087551
0.00039019551108441
0.00042336862725622
0.00068030808502164
0.00046602222955923
0.00040894893441984
0.00046116467992918
0.00070191358443583
0.0004251110602006
0.0005072008721595
0.00052880298332157
0.00060702229832268
0.00069310495074973
0.00070217944685624
0.00080257890615765
0.0009726174996677
0.0013605710368887
0.0011834586801855
0.0012026524629171
0.0018463162151988
0.00082601569647314
0.0010104434899035
0.00060215929370485
0.00065767541307812
0.00051047727096909
0.00039426550383967
0.00042732280704797
0.00052004255599194
0.00015680337638688
0.00024329788912864
0.00055557780865267
0.00029450128265292
0.00014090234831061
0.00028607520469575
0.00043400326148814
0.00074477178740031
0.00050170513494285
0.00041511772107375
0.00051459023240866
0.00064006065214596
0.00056413407866175
0.00085981189499691
0.00090502336685267
0.0012080801797524
0.0015519713934606
0.0022372186399203
0.0017225674773888
0.0011453171003242
0.0010977579945256
0.00048967354820931
0.00066117524954163
0.000807637426376
0.00049667872527585
0.00046074423041423
0.00066132561459727
0.00046801256211834
0.0005728849218183
0.00088898620894359
0.00075542293231065
0.00068895297335841
0.00051640257187077
0.00077736350536701
0.0011092486110251
0.00084056402854237
0.00084048043440172
0.00072090326308733
0.00063444184033877
0.0012547696002713
0.00056546321686873
0.0010808453740625
0.0010768599876346
0.00083339167149251
0.00056193133019534
0.00075527566815355
0.00033908265807318
0.00053621949085632
0.00017543513175943
0.00074875945564535
0.00036464207800084
0.00051039932763318
0.00044591495920703
0.00088308123966713
0.00037381353602948
0.00043237181227611
0.00039060330867486
0.00074556859464735
0.00043276485142181
0.00065531831409473
0.0003984443089483
0.00063277806846593
0.00078722333645566
0.00068420180300592
0.00079142077725198
0.00078597394258738
0.00083722828735604
0.00098617188777616
0.0013891046587454
0.0013309189094889
0.0013834496261823
0.0013466210397518
0.0011473911062332
0.00064457296419997
0.00052715846079611
0.00063984300611599
0.00040161919376443
0.00032555750356957
0.00070129308877937
0.00015333390786858
0.00024889025168113
0.00029906262919418
0.00050495265263408
0.00060171076220013
0.00018843209048033
0.00044537789894388
0.00049712532282484
0.00030158298713616
0.00044085611193856
0.00044319864835774
0.00043895384824413
0.00055121972590344
0.00050261667678717
0.00065734992274613
0.00094630987176223
0.0007044847860425
0.0012847744509445
0.0019319255451495
0.0017269292248544
0.0009668529040817
0.00067028708408752
0.0009109052675308
0.00085624013206542
0.00047404024552854
0.00041298530769252
0.00067214248626863
0.00029658977683232
0.00039275595720008
0.00057060752715742
0.00087728542878523
0.00070570312877821
0.00079222606564881
0.00051962661819289
0.00092589075074704
0.00059157091333148
0.00079095271951438
0.00066261478532655
0.00098765251874456
0.0010106525936162
0.00084563657000473
0.00066946659785393
0.0011422001646435
0.0010254645183916
0.00096203962770727
0.00070122489181703
0.00052332578275663
0.00058378254910633
0.00033079830317367
0.00059179089778724
0.00062683692181771
0.0003318073340644
0.00049429969253911
0.00042472328843471
0.00039062250165845
0.00069141930766769
0.00041304983940542
0.00050956237890035
0.00055497535677414
0.0003252224531442
0.00035663425492011
0.00075789658382984
0.0004787970671531
0.00047959260646205
0.00065953365749996
0.0007597951877969
0.00056413134574887
0.00098844164501625
0.00087191179110319
0.0013527843360678
0.0014930023300452
0.0015629853223372
0.00092961028856039
0.0011051952051477
0.00075907720016973
0.0011635728424233
0.00048132183092391
0.00044024069643922
0.00026058021318123
0.00068961002888088
0.00027215572310406
0.00058282335984115
0.0004670923987457
0.00036930130087711
0.0004147240435979
0.00021918389035135
0.00057288268954371
0.00022827780652154
0.00032641749776236
0.00036434821578771
0.0006518001722417
0.00030809578204912
0.00073988601356508
0.00072601764574702
0.00050913992235655
0.00058199763035185
0.00102200508773
0.001136027156052
0.0022157448385991
0.0017774577250237
0.0012634305320604
0.00075861441209106
0.00094359303031107
0.00049000915496855
0.00036935112424619
0.00048476758645689
0.00050518226653588
0.00022041489365175
0.00062690014208519
0.00070907942772103
0.00047775280892098
0.0005473785222416
0.00075108883857607
0.00053364841238614
0.00081734454314944
0.00071603062014843
0.00082646369192118
0.00049665515175068
0.00099137916240925
0.00068551680836961
0.00070977004258356
0.0010061467520741
0.001089432670815
0.0011092736834904
0.00090534349471141
0.00053216063732553
0.00067362672934898
0.00083277809519907
0.00042788248408389
0.00052344523546342
0.00040467764830804
0.00075869223987578
0.0002087978946473
0.00078303215839171
0.00039447275691278
0.0003339835108455
0.00059278204728274
0.0001886066927019
0.0009205465984506
0.0003836933249561
0.000347085395847
0.00060772891615815
0.00047580207641612
0.00059636300911477
0.00097859417253342
0.00066864043944066
0.00083077099821615
0.0010320041947844
0.00082788450042078
0.0012985140085559
0.0010753351347521
0.0013251233694159
0.001013201502696
0.0012975579400444
0.00073372393544155
0.00051215820162501
0.00041595207813431
0.00082802850171883
0.00022893627742766
0.00011427963368695
0.00049628258262082
0.00026875736674165
0.00016854637796215
0.0001325812301065
0.00039124166596138
0.00039597840933251
0.00046049937055947
0.00043547377295045
0.00047033067062146
0.00048384854584419
0.00033952592089073
0.00048384854584419
0.00073789608980641
0.00068200166165891
0.00044893918303559
0.00084406329016252
0.00102925698732
0.0015951867830545
0.0019923579036574
0.0019245574769458
0.0010953466532721
0.00066686855103254
0.0007012301751067
0.00051452091669406
0.00063222900169256
0.00048078320170859
0.00036157098898744
0.00045496119240262
0.00067999575968936
0.00052219867452674
0.00085027573671558
0.00059736012244193
0.00065041490552429
0.00056024819025969
0.00061896976729796
0.00076173082273241
0.00061656337170112
0.00085854867139422
0.00042655702574443
0.0011351536794989
0.00083970671603019
0.00073973719809001
0.001037849844621
0.00076603066098278
0.00093745223492724
0.00079826913772379
0.00070270813849199
0.00041034411637631
0.00047639340574904
0.00050941728064414
0.00067468045981968
0.0006065162777257
0.00027688186442056
0.00037615063123092
0.00038195958598225
0.00074108362364172
0.00029255882217872
0.00093475946752593
0.00072394937089408
0.00033272966913916
0.00058500498697038
0.00047777232764085
0.00059318402600505
0.00046713040342668
0.00030334609610927
0.00078605313710325
0.0006667685733941
0.001159541194544
0.00075856124685787
0.0011828466231735
0.0013095230561289
0.0013312229651398
0.0011475827580742
0.0013094889273642
0.0010268769484392
0.00077645415105809
0.0005370619399161
0.00021591581739708
0.00060504075928558
0.00052582113711062
0.00038271485502146
0.0003610887781182
0.00015849665725976
0.00051222382991209
0.00016998422651011
0.00058538521144758
0.00021085947992032
0.00042598163921224
0.00048887593980025
0.0005402526100195
0.00072051219734467
0.00039982933901049
0.0007121555415897
0.00066187450702576
0.0002924479456416
0.0010750158956298
0.0011102560490658
0.0012804249203333
0.0016595905821527
0.0022441856505703
0.0013050813680862
0.00078165492072167
0.0010181980629356
0.00053653370899192
0.0006333243369905
0.00043376417880737
0.00038860813946359
0.0004512982490338
0.00057605528555076
0.00059518429125054
0.0005985594945803
0.00082777415711305
0.00077916436986471
0.00081383678018252
0.00053824157505265
0.0010019012044849
0.00062222900170915
0.0012066175121472
0.00063148363151355
0.00088397654094827
0.0008825723066388
0.00091387618937993
0.0012221867797984
0.00073869920927056
0.00093714682466189
0.00078911601165109
0.00044660760242543
0.00070926119266857
0.00049190321007742
0.00070631973191744
0.00023766202303261
0.0005279108139866
0.00070989922429334
0.0005296941854912
0.00059840103528371
0.00044872903248417
0.00046025003603659
0.00090018150116521
0.00057005637868259
0.00051385933981509
0.00051721195973154
0.00066731872370536
0.00038889812503395
0.00075084232668052
0.00047355027798867
0.00067022436122287
0.0007269013874944
0.00072630050270866
0.0013617785230666
0.0011447115362202
0.0014695411818634
0.001508961410958
0.0015108935331716
0.0007756524863237
0.0012997130808301
0.00057746586133958
0.00052954649453231
0.00053943473114181
0.00033933779221872
0.00050434163258361
0.00032339611870489
0.00033883996298116
0.00013952169560095
0.00035369297516647
0.00045542065042213
0.00046461992894322
0.00028044631221787
0.0004893150375565
0.00046626606061657
0.00057703791612695
0.00063689417134606
0.00060335459415866
0.00048729901264329
0.00063290361255578
0.00065721951259936
0.0008625219324409
0.0010356627898658
0.001201330646991
0.0018251195569238
0.0021521279208138
0.0013698321764362
0.0010292333593755
0.00094426676865017
0.00071593284573496
0.0003049103828529
0.00066655849343396
0.00035189295280707
0.00062395651337565
0.00083437140603407
0.00064336291211843
0.00064281029893737
0.00095614874973291
0.00069084653870823
0.00052398486100047
0.00071796360239054
0.00074194442238726
0.00073094027426843
0.00092285676060345
0.0013293926798299
0.0005735893447125
0.00094450835196772
0.00073868112503057
0.00090195182323161
0.0011140872407218
0.00052509183877946
0.00098991988960253
0.00034266438479221
0.00073200444640699
0.00021658550837984
0.00063769639862718
0.0003168142888234
0.00039636989847851
0.00037943926825965
0.00030148956350131
0.00047717242400363
0.000581752724628
0.0006781721129353
0.00044085626201916
0.00035782956308874
0.0003912962928148
0.00043664928916808
0.0008808399605941
0.00051417685045367
0.0004391800586896
0.00082066729829688
0.00088379769186772
0.0009239220603411
0.00062893227844118
0.00095492113525063
0.0013582982407189
0.0014217067853811
0.001187732589996
0.0016634385747251
0.0011392608600023
0.00082763546879648
0.00075573099481986
0.00043636944663768
0.0002869423950057
0.00032838209858837
0.00027979140867473
0.00039651940418479
0.00028460455382707
0.00046116272487237
0.00015722611879802
0.00049685228332698
0.0004471642106844
0.0002479302807634
0.00049841897659109
0.00031125417784126
0.00048398097633041
0.00043996341548472
0.00044048853713886
0.00061210122382575
0.00035102509216709
0.00055025665998515
0.00049694914842258
0.0012683736505941
0.0007335923813438
0.0021096001725991
0.0017997538666261
0.00097704968885621
0.0012045165984376
0.00099964095038391
0.00072452928012634
0.00058672104917697
0.00092523594750805
0.00016708130506301
0.00056236577778639
0.00033942057527887
0.0004776480508172
0.00061089605333483
0.00071378819603186
0.00059300245626885
0.00045468501263705
0.00066852084669962
0.00078715876322641
0.00057981484857886
0.0011218705274217
0.00070597578237185
0.0007622685711609
0.00073678843716498
0.0009479563051558
0.0010794220531199
0.00068379729868921
0.00076287225804939
0.00069470068468116
0.00064691409422716
0.00053836145156032
0.00039612266546343
0.0003305348728425
0.00035589608418665
0.0004382127864588
0.00054087339626545
0.00044381062497677
0.00049155267445862
0.00051604382603444
0.00041277583465011
0.00053263747692945
0.00058878066311583
0.00022327598247607
0.00068201736824368
0.00045569089633784
0.00074996236184191
0.00044926875852161
0.0008706775682234
0.0007451639744441
0.00063320714254378
0.00072358230964656
0.00089516883701403
0.0014113615393407
0.0011138781295944
0.0015956494463287
0.0012789498652028
0.0012523568425948
0.00093622187799305
0.00062623673415561
0.00076833174199566
0.00043832127320523
0.00048076545806632
0.00057292261853799
0.00032172894769039
0.0005382537606132
0.00037208540866542
0.00018757789421267
0.00049665087202676
0.00046229956228957
0.00026966084514438
0.0004499408569935
0.00047806305541456
0.00049702390375061
0.00048306411065239
0.0005232696840985
0.00039807552008201
0.00085849894041742
0.00065771000878154
0.00071239829696454
0.00084758230311805
0.0010511321460932
0.0016628196584213
0.0026837801314434
0.001239364378888
0.00093484704436055
0.00099257272462878
0.00075832302506898
0.00093328282234239
0.00061155690306763
0.00054492742106038
0.00026368325669286
0.00066457945653168
0.00041397015472489
0.00070382014729247
0.00064784578164957
0.00093477220177163
0.00069017848267566
0.00044748009665233
0.0010020689256766
0.00067203055291249
0.0010449508157405
0.0007022030444669
0.00086486062818146
0.00094719888675192
0.0008161341721131
0.0010924010900178
0.0010094800983013
0.00045879191438027
0.00079272771312218
0.00051496745571716
0.00068168970613008
0.00049848189825057
0.00067495559364579
0.00036707493077751
0.00037346695274242
0.00036050339209975
0.00052054627643099
0.00062982969790541
0.00055098026115983
0.00049111868211429
0.00030461374600606
0.00044657280115114
0.00040664747815206
0.00026430448672851
0.00064165439296394
0.00039661090731095
0.00086774552081203
0.00037119211102781
0.00054691429645951
0.0006332021228163
0.00073569147379892
0.0011055702612055
0.0012557394787692
0.0014448714681622
0.0010452002412166
0.0016528151570227
0.0010318281935066
0.0010570803502671
0.00090536604730197
0.00069219545269698
0.00041836776815298
0.00046348576425039
0.00032771305631811
0.00053691470755109
0.00025892422237901
0.00041446956206108
0.00018116381940664
0.00027603661428164
0.00037434436545261
0.00037632082351832
0.00021682412050763
0.00043070972466225
0.00042272036137044
0.00047795904103716
0.00053528746535476
0.00050041293736929
0.00065392998884455
0.0006202095149488
0.000642106195768
0.0011697839386884
0.0012881077235482
0.0013916897950765
0.0022129869717817
0.0018283085816183
0.0014148396404515
0.00058725075121653
0.00052872715412644
0.00062254449550897
0.00063715488702253
0.00043021486761558
0.00031674875988709
0.00086259284010429
0.00057480048594037
0.00082243550398403
0.00067178917194479
0.00055387867813822
0.00091424641190467
0.00072459389499488
0.000623315998094
0.0010077332097587
0.00080388364305484
0.00079076061341745
0.00085612610991888
0.00069448545279623
0.00073076345754045
0.00076720887189889
0.0012067396636844
0.00092899037515904
0.00082336433076627
0.00082461195978993
0.0005165455921756
0.00062884319275444
0.00049436093604186
0.00048252975644079
0.00020325665084939
0.00042822595095412
0.00053984389401243
0.00044570457681738
0.00057525683395575
0.00044527624778842
0.00053865929515156
0.00064577202322305
0.00081820526756853
0.00052145445589759
0.00057477159223989
0.0004928013550132
0.00057921549024286
0.00077640203183268
0.00062024523704528
0.00048525008909493
0.0010940401248541
0.0011619841265618
0.0013133248035834
0.0016752206039153
0.001186770685582
0.0017663760113956
0.00089841038173066
0.00089100045505041
0.0010037872771721
0.00094915003268882
0.000448416007221
0.00048724370202125
0.00054069177112553
0.00025597790920142
0.00047761337892511
0.00017415481942661
0.00062877000089414
0.00028275458448893
0.00036382477535796
0.00021750686164332
0.00050602156866037
0.0002727441513669
0.00034239746717473
0.00020221494922503
0.0010738631482526
0.00035276832187418
0.00052333321403679
0.00073856883313324
0.00066184613853878
0.00074678053053873
0.00095904463010684
0.0011140130962066
0.0025024748131464
0.0018599876095967
0.0012726918793368
0.00096682093730324
0.00082884973216742
0.00089854695519555
0.00031105238197685
0.00064005827821682
0.0004719180027695
0.00070833627911681
0.00043633187451372
0.00070828797555859
0.00040522038843406
0.00088941310628139
0.00067406265025554
0.00044682883616399
0.00057780291814377
0.00060124251555143
0.00089430697254496
0.00063996854059141
0.00055629429032017
0.0008076224607382
0.00090658862374584
0.00098674885860538
0.0009394128278255
0.00095817940658088
0.0008493694569112
0.00052398977838421
0.00050783278088096
0.00057284658551479
0.00062645784944971
0.00060400504797902
0.00046634708093017
0.00018325706602635
0.00048239269232695
0.00068146135967613
0.00062553597352073
0.00055603761856258
0.00046492482653999
0.0010175290992313
0.00023710874763581
0.00050734198674308
0.00045052015300571
0.00058884892733231
0.00048921205961667
0.00087612235247609
0.00059308515339472
0.00070583677096994
0.00068971552875927
0.0012103359410381
0.0010394257216998
0.0016491900181693
0.0011581744011169
0.00078925800839294
0.0012824293787639
0.0011185583430103
0.00080693453948522
0.00047475694428405
0.00037437258284137
0.0005798148942053
0.00060575059026322
0.00029334930215483
0.00035650269083214
0.00022820295462674
0.0002124935150895
0.00045165576539729
0.00032347218241367
0.00032347218241367
0.0004669973688735
0.00054880361143089
0.00043465869573209
0.00022898523459202
0.00048431276682716
0.00054179484320382
0.00063315021131622
0.00049966048460926
0.00092538553810446
0.00065394440945421
0.0010449650127204
0.0017703380935638
0.002148265614695
0.0016479126970302
0.001555661335302
0.00098098435186675
0.00067139335237825
0.00043806775460033
0.0004300081866622
0.00075054363401158
0.00058650419979146
0.00062657274094146
0.00054134708257889
0.00087773270965463
0.0010739075360522
0.00049118960140753
0.00087236654717158
0.00066104031553455
0.00096896562414508
0.00062514852459574
0.00055884428136727
0.0010037904179
0.00063245846915787
0.00067294124223392
0.00080560831402832
0.00075047624778252
0.00072293270596845
0.0012160078450996
0.00070259645258317
0.00080875101557557
0.00043015579801503
0.00021955446755865
0.00058633622367571
0.0003694776071269
0.00045463109901817
0.0002258928108533
0.00066750483189566
0.00051892541554645
0.00051978269685862
0.00044424862930159
0.00037936018805878
0.00057917589100745
0.00061351581294402
0.00020859883559918
0.00040326458116354
0.00054548418081427
0.00057368080379539
0.00079972367824237
0.00043987021959834
0.00070126168660015
0.00084686884519098
0.00073672499892944
0.0008573617253613
0.00100860661205
0.0015825329202576
0.0015167759762707
0.0011474067309841
0.0012567696768503
0.00065893166531361
0.00073664128406463
0.00054082102609501
0.00069121765589146
0.00067736224415938
0.00034636934687895
0.00025047363406952
0.00049081455532622
0.00037017701773878
0.00022031440812545
0.00047015729714948
0.00030530785033062
0.00034627969903933
0.00062308777485471
0.00021896747248485
0.00033765728385888
0.00036953422948486
0.00038838310948809
0.00065578511865455
0.00040161950750335
0.00068094008984666
0.00076408172541162
0.00069517257677911
0.00087971009701121
0.0023589448365072
0.0017723658110224
0.0012505976176122
0.0011663951542258
0.0014194033427003
0.00056422265472959
0.00094167166725199
0.00031248850499277
0.00067402412169892
0.00083322172075772
0.0006003308138757
0.00057612147576298
0.0011412046465578
0.0004703336817192
0.00057390731069259
0.0010687136281117
0.00033673178347473
0.0011341411246198
0.0010687428346701
0.00082864970456233
0.00089681802280716
0.00088159896264788
0.000968929244785
0.00078926024820724
0.0010250647183664
0.0012782685781451
0.00040117280773547
0.00077198520023047
0.00024756934001886
0.0004709987909495
0.00066978100878255
0.00018219752921081
0.00050588383968315
0.0005790520445375
0.00040586105440211
0.00058788337980769
0.00054684165725647
0.00022053731317955
0.00067377766356035
0.00046535076306417
0.00045085352542828
0.00032583506980032
0.00060502389522121
0.00061376370444614
0.00052979716213258
0.00056796773716323
0.00046883690736911
0.00083344295154044
0.00050342286444767
0.00089967908795603
0.0011974125139193
0.0010077778343137
0.0013674743809456
0.0013698409727721
0.001998464802701
0.00079685882561931
0.0010686472675341
0.00062613245245889
0.00024809733930161
0.00064324454826974
0.00049269169491875
0.00040421601542752
0.00035788252979071
0.00082302355506631
0.00029517185159107
0.00035633192519786
0.00035774284521684
0.00051010171566611
0.00020475666926503
0.00021633523412361
0.00052660271843356
0.00031986315556669
0.00049097319544312
0.00043879470252719
0.0005613975738192
0.0003443393518498
0.00094872172466841
0.00093510170336409
0.00059023163759981
0.00091635108340972
0.0020533928416711
0.0018688104313997
0.0016039078157205
0.0011190365144973
0.00067140762817904
0.0010413813851153
0.00077570505422445
0.00036375860424132
0.00066736121409402
0
0
0
0
0.0022184719505519
0
0
0
0
0
0.002840455088102
0
0
0
0
0
0.0034707129722519
0
0
0
0
0.0029430644315192
0
0
0
0.0041247330897137
0.0059679498279341
0.011730442121907
0.01251997587554
0
0
0.0043364953069976
0
0
0
0
0
0.0041403583018203
0
0
0
0
0
0
0
0
0
0
0
0
0
0
0
0
0
0
0
0.014664932552204
0
0
0.011117469617312
0.039294806727692
0.062430789783834
0.044366783368922
0.045887563081773
0.033470861778327
0.073187333822357
0.051126520003952
0.073187309866532
0.081054708807509
0.073847357272707
0.041262311422051
0.079263161851476
0.042235350937516
0.072976496477062
0.040055962713559
0.030767543734936
0.01337997098109
0.044296691486031
0.015207799914138
0.0006714762494333
0
0.00080169770946841
0
0.00091545954146568
0
0
0
0
0
0
0
0
0.00080110562915106
0.001093230485185
0
0.0012264517569077
0.00091005858265632
0.0013169236731377
0.00094478154575785
0.0010521543018106
0.0013941259787481
0.0015365796992736
0
0.0041026314033756
0.0020770968172683
0.0014872104162913
0.0040856195790041
0.0025881058177653
0
0
0
0
0
0
0
0
0
0
0
0
0
0
0
0
0.0015451810499468
0
0
0
0
0
0
0
0.0040105774366916
0.0023835768735823
0.0026059868689219
0.0034833847445881
0
0.0018709379209269
0.010878283280233
0.0037246224684326
0.010145744934307
0.0059807620004503
0.0094336473234431
0.0072899916919766
0.012023912870241
0
0.0138582358284
0.037727000648725
0.029045744909075
0.02377171392416
0.027904831414173
0.03253317761433
0.013377836751412
0.024582972240981
0.012133229034724
0.013613641810617
0.012686725770295
0.027422999400892
0.0097446976034955
0.00050752436606937
0.0006837748173822
0.0010783738214727
0.00080826215563561
0.00048097232323653
0.00074877297939925
0.00086827147242797
0.0011110963382187
0.00071967256901867
0.00098922624081999
0.00069444425700702
0.000447915302262
0.00037303687616829
0.00064790422732371
0.00063485379468588
0.0014205743051568
0.0005615475718465
0.00068017210885563
0.00069363268969982
0.0018935705098567
0.0011196795754524
0.00089847681939179
0.0013100307585335
0.00069405503945953
0.0017272416365196
0.0016983442356522
0.0026853729783179
0.0024532645731389
0.0025877144577541
0.000920007059602
0
0
0.0010396607715267
0
0.00053598490460441
0.00095598116000911
0.00089468820422325
0
0.0021446770225054
0
0
0
0
0
0
0.0010602061691916
0.0010095936024616
0
0.0010380087581613
0
0
0
0
0
0
0
0.0012842853954473
0
0
0.0038140678697654
0.0040562694720087
0.0058587636557181
0.0034972007377603
0.0090468073425469
0.0097684735056392
0.0068494356277289
0.015719226893487
0.0049423545409515
0.018736604306366
0.027658907101202
0.014473846042908
0.013615211113392
0.0027654771684652
0.017477478922514
0.0085054630223271
0.015343302606345
0.026475179544241
0.026325094809835
0.020253954346788
0.0034526618920591
0.00077775543860399
0.00090723259630925
0
0.00064289566806659
0.00039049142847474
0.00065184359264588
0.00057820161953628
0
0.00054212027007657
0.00023006157147864
0.00065843836424522
0.00087533831009324
0
0.00050263087675418
0.00051174233818824
0
0.00057928281043016
0
0
0
0
0
0
0
0
0
0
0
0
0.0010652152484147
0.00098915805915867
0.00089677680871305
0.00091620229052085
0.001766915560584
0.0010782008457678
0.0010155591874982
0.0016622246377559
0.00087619294727993
0.00089649159294729
0.00087443796581457
0.00094664617568254
0.0019385945567507
0.00089929652963544
0.0011185935717417
0.00098597003895744
0.00082972217930528
0.00085090732194361
0.0013761173342324
0.0034971629658114
0.0044034390109332
0
0.0011546044848672
0.0025649178515782
0.0024455855838253
0
0.0012660366018299
0
0.0031634482532338
0.0008462137215796
0.0012076077014681
0.0010179270879049
0.0026578151147439
0.0018777042994025
0.0043204432759573
0.010171273818822
0.010220834403332
0.017140660705539
0.0096385161696167
0.0048144360857699
0.0089758746437311
0.012295664999317
0.013649761804637
0.012714834217261
0.012138576673233
0.0051692696693389
0.024084606383049
0.01269071331232
0
0.0058922042512729
0.011720151916147
0
0.00042342773577624
0.00041188368213668
0.00043566589023205
0.00060879743367841
0.00046888334477392
0.00049114367199902
0.00047158600797602
0.00083339746494438
0
0.00051060623847335
0.00066150434173943
0
0
0
0.00056994356683735
0.00030935481106254
0
0.00032104662065213
0.00065451000739425
0.00054048588243881
0.00063771908894725
0.00036267227013735
0.0010776541171519
0.0003745653477623
0.0012127235377682
0.0012387987485413
0.0070390449677995
0.010075772600707
0.0023886645408312
0.00057830376828863
0
0.00073527380024977
0.00045158581832915
0.00063329897184528
0.001121866756344
0
0
0.00094750400575858
0
0
0
0
0.00083386494432369
0
0.00095315747141957
0
0
0
0
0
0.0020807906680252
0.00076015144112619
0
0.0023924432220278
0
0.002498949062663
0.0013643040546615
0.0043144961080684
0.0027335237178678
0.002742560032878
0.0015735953358495
0.0016240864018678
0
0.0083626773938158
0.008960129611917
0.0087580941270222
0.0072369943921948
0.005060677563238
0.0079241519563768
0.012798526639378
0.002163268706403
0.010414905585501
0.013386808321709
0.0016919223706733
0.013840932078065
0.0086821220428009
0.014299314048044
0.017446850165223
0.0047772317358447
0.00065274418914634
0
0.00062130877035821
0.00043383249436843
0.00021798917329436
0.00065183540951563
0.00031153804476314
0.00031684853996971
0.00027120672149388
0
0
0.00032792601121812
0
0.00064490765788289
0.00087846134018389
0.00038625846815708
0
0.0010590786858495
0.00054453877005711
0.00047409434260288
0.00073017627992033
0.0004335790459962
0.00043887239066329
0.00098959452281586
0.00045829218240146
0.0012710484631365
0.0014403852767318
0.0034249429220274
0.00049021684920945
0
0
0
0
0.0007278417116474
0
0
0.00066305801133026
0
0
0
0.00069704000850524
0
0.0016632407057699
0.0015931807706237
0.00066038230024465
0.0019938966716566
0
0.00052103601391118
0
0
0.0010734929799181
0.00067064437969548
0
0
0.0012531098694421
0.0010139559341606
0.0020483488203911
0.0020627752220734
0
0.0011914809438669
0.0013745331718058
0.0013984130146314
0.0015925505538279
0.0024788901111883
0
0
0
0.0025264775821219
0.013003000266675
0.0010429248207845
0.0024095048003379
0.0158983768469
0.0079122954429224
0.0080415509817079
0.0031801663346729
0.0059026543109133
0.019310520091277
0.0051702143432339
0.011603525889204
0.0032544868427677
0.00020246866371534
0.00038796203617208
0.00039430496062966
0.00034286573588762
0.0006859860507636
0
0.00044672274540081
0
0
0.00028219757103435
0.00035496507831644
0.00043004706374533
0.00030220985828261
0.00026903532492707
0.00045364422685429
0.00045474995653799
0.00069787060683375
0.00040565074977295
0.00088888436868193
0.0003435118083714
0.00051474058858121
0.00099627119537287
0.00058541325508282
0
0
0
0
0.0062890255233189
0.011618295294453
0.0019351720996002
0.00066092856968699
0.0010171306270847
0.001004991678488
0.0005527093602012
0.00045775457631224
0.00083379347951677
0.00074434213120298
0.0019512227471579
0
0
0.00082478231430406
0
0
0
0.0012553799822313
0.0007223628351075
0.00096890823677614
0
0.0010993240210712
0.0023957853628382
0.00087084981194831
0.0022108858887266
0.0026047286303492
0
0
0.0012052744927455
0
0
0.00088983605466106
0
0.0010568193101654
0
0
0
0
0
0.0020046701464754
0.0019320519657631
0
0.0014070339343406
0.011619227743827
0.0017073025064479
0.012686877039259
0.0013658440686622
0.012103724131711
0
0.0017965170587117
0.009725430672367
0.002114793443726
0.01429143425368
0.0003311107361162
0.00035498723993931
0.00036807564856435
0.00037414304149134
0.00046430263052515
0.00097628739642201
0.00031970905065447
0.00049093782600198
0.00025534338334498
0.00030102646912875
0.00046104254415735
0.00052088101984326
0.00096107654273344
0.00034710880964501
0.00040622095575041
0.00034896358390628
0.00042275227910246
0.00043062993592811
0.00041575420855405
0
0
0
0.00031883521532508
0.00077523082003986
0.00087073199549213
0.0011068369782859
0.0014336604859385
0.009173454091237
0.0077554764041864
0.00093548819736381
0.00089444863567878
0.00062726202380409
0.00026684140527836
0.00067997083136275
0.00054536129424071
0.0007513048200812
0.0006287587173016
0.0007337822292553
0.00074247392071269
0.00073274400305112
0.0006258523034107
0
0.00065644163381211
0
0.0028429071172197
0.000839051449467
0.00092157032272922
0.00072201160904964
0.0010963415602264
0.0018002930355122
0
0.0011154025101514
0
0
0.0022737319858459
0
0
0
0.0033920627251119
0
0
0.0012700337427132
0.00088475547817521
0
0.0023160093124984
0
0
0.0018350396937585
0.0029288348639613
0.0028563525899268
0.004310350819177
0
0.0064276413474772
0.0016961355415121
0.01025714726967
0.0014379384316783
0.0038861744821244
0.003518585489889
0.0055479767128108
0.0014413905271967
0.0002598582759708
0
0.0001649543441414
0.00034394189606703
0.00024900060766409
0
0
0.00028398414450124
0.00078767149444571
0.00054981403879141
0.0002507622115872
0.00046996529631386
0.00024287203421077
0.0003710469359779
0.00025171692677818
0.0002563216707013
0
0
0
0.00085695871283262
0.00037569229544575
0.00081826095742304
0.00020761793500555
0.00064335230462598
0.0012214669390471
0.00049106344426116
0.0019718823600709
0.0038250988148961
0.0014497375838751
0.00072083089229215
0
0
0.00051736788685099
0.0020021296027035
0.00040080277626348
0.0024190918758243
0.0017933721133771
0.00072279280962182
0.0014970742144426
0
0.00049009655844387
0.0013011268426828
0
0.0017572162233024
0.00074242808113726
0
0.0014448002322747
0.00057155658227135
0
0.0018266090028712
0
0
0.003356235110829
0.0030107862966658
0.00067698479877126
0.0015062209481716
0.0010872723931277
0.0013745592758177
0
0
0
0.0022617702048554
0
0
0.0017732336074861
0.0010852625243272
0
0.0015495525338403
0.003650924337724
0.0038991265496842
0.006368878927401
0.0044063658926915
0.0046310859608676
0.0034996959296533
0.01060311847353
0.0035177709833024
0.0015227130060451
0.0088157481070436
0.0032378765637991
0.0080023870819088
0.00067467549524219
0.00028389018597424
0.00063523987102964
0
0.00025478582778439
0.00025905613134089
0.0002647671594622
0
0.00076150368211652
0
0.0006416132892493
0.00037119561316212
0.00032708672029609
0.00033513820168622
0
0
0.00068357947567681
0.00086862244044288
0.00029360862901944
0.00031922208886475
0.0003833991636312
0.00079405192219586
0.00094806838412146
0.00052033146648497
0.00046039345860584
0.0025904718187067
0.0011892785813364
0.00243429632734
0.0089992965329392
0.0052772988484488
0.00071570238566926
0.0013011844496489
0.00075580572285564
0.0014194089078356
0.002165028972305
0.00056974910324115
0
0.0003722737501144
0.0012578352735418
0.0012564628156285
0.0017645993131705
0.00069520157493502
0.0007521249994412
0.0014548574063171
0.0017790592404293
0
0.0018361877804867
0.0018102775296936
0.00058971873017813
0
0
0.0024131827026274
0
0.00072619396625701
0.0019569127989658
0
0.0018397566686172
0.0010146647319749
0.00088670930587388
0
0.0050576301653246
0.00096600495145748
0.0057098763276559
0
0
0
0.0029165729698919
0
0.0053765541894816
0
0
0.0034278801322985
0.0021432021615521
0.001835742597882
0.008141451305945
0.0037427636082662
0.011471417999909
0.010269675491775
0.011259294423442
0.0056515387755327
0.00020464109661251
0.00029343031955674
0
0.0002725124592186
0.00068698740222275
0.00065607834036129
0.00037166504174409
0.00037800046515635
0.00058750531455814
0.00039116712500495
0.00032018316948132
0
0
0
0.00034288122680711
0.00073657095843711
0.00039522910066404
0.00052866628736287
0.00036903941867602
0.0008188182981164
0.00081902261059216
0.00020032547515452
0
0.00085692047006771
0.0034894246895208
0.0056719809669504
0.0042990218034387
0.0059060277061551
0.0107742952214
0.0058418745513346
0.0010146260901455
0.0011077872697701
0
0.0015716035949805
0.00044403464683812
0.001501130972597
0.0016050483771398
0.00051258076563866
0.0026444303856365
0.00067393205399174
0.00081038502664143
0
0.0010410812376391
0
0
0.00049682250228674
0
0.0011301061644231
0.0007451081580533
0.00076058374261145
0.0017925713979304
0.0010650362963661
0.00056818857783854
0.000732263407902
0.00075049515514372
0.00097617798493268
0
0
0
0.0025260495726018
0.00080631163354899
0.0018956839834008
0
0.0011140038865785
0.0028836613902402
0.0024059883904989
0
0.0025810397889124
0.0045400125612149
0
0.0053232746189384
0.001839632660857
0.0036915963770135
0.0027751313349286
0.0032864622101124
0.0073042794229736
0
0.0084435836869852
0
0.0082476589011742
0.00024052775307083
0.00053217823021436
0.00032663185253893
0.00029173350325793
0
0
0.00058567127474478
0.00067210871235116
0.00043311449400321
0.00030485917940634
0.00024460308593546
0.00026243985915521
0.00029975152125542
0.00050985409695151
0.00030378503926291
0.00030934228299309
0.00094839785306658
0.00045195224600421
0.00046045322354972
0
0
0.00045511979371709
0.0017666067430524
0.0017011993206793
0.0037181740369665
0.0078344690474462
0.0059757334951723
0.0040233174769137
0.001698422206477
0.0017171754919583
0.00054025454056953
0.00048513605882258
0.00056252532367644
0.0016737242555545
0.00049728198700227
0.00056064693004173
0.001061948476947
0.00029553723989394
0.00098695936709916
0.0015107870878072
0.0004627180893652
0.00082063279558242
0.00053881370154061
0.00056333380084224
0.00057832435556428
0.0012493287553898
0.0013004592427674
0.00092907782576146
0
0.0023841085669548
0.00071189041275279
0.00080261160535519
0
0.0028699871232355
0
0
0.0010256889516608
0
0
0
0
0
0.00099747451770694
0.0022265204875537
0
0.0031208316870287
0.002177569563937
0
0.0017043854676433
0.0022238827857609
0
0.0032887291379739
0.0038293430146981
0.0043242343584836
0.0022775534552639
0.0023094171777919
0.0083320738210687
0.0014620573198521
0.0040420748399855
0.0020434287056482
0
0.00069745027227834
0.00080285185998954
0
0.00074330971989975
0.00030973516942482
0
0.00065866058134143
0.00028351283387234
0.00033149750054731
0.00055886894795227
0
0.00082192522779335
0.00054515905003544
0.00088685473528985
0
0.00024548616521066
0
0.00034287670449601
0.0012249852221401
0.00086959138677149
0.0023160498774219
0.0027996581678116
0.00058900787512286
0.0010491889519511
0.0061354922033387
0.0056263887139441
0.0089584545896021
0.012937950651167
0.011290519431321
0.0011590870423099
0.00094226518896378
0.0015889663097217
0.00033409357625454
0
0
0
0.00060944041405823
0.0029734935380857
0.00080301247056174
0
0
0.00086567031631697
0
0.0013695351803887
0.0036550850780108
0.00042457238843018
0.0019648102305305
0
0
0
0
0.00099990989893168
0.002065571879014
0.00061864390108293
0
0
0.0012579901604857
0
0.0047143203486275
0
0.0010570705637621
0.0038550556933498
0.00068512764376071
0.0016032044659595
0
0.0027528504795878
0.0022706587994796
0.0021386480777448
0
0.0016114901993863
0
0.003927292659927
0.002405415635726
0.009978500824254
0.0066066366613474
0.007916048452871
0
0.0036571889226611
0.004129295588489
0.00092065348670712
0.00024378235069039
0
0
0.00074383058933614
0
0.0001637159033146
0.0003395064423093
0
0.00041364116319707
0.00020213233059406
0.00060153538377353
0.00024943130713365
0.0004010854622435
0.00070975076278588
0
0.00071304990383514
0.0011565184538956
0.00073347566669131
0.0009069971349926
0.0016123293938487
0
0.00026769425422034
0.0026434870475965
0.0027448623557649
0.0061571527541936
0.0056021625562953
0.0085657019775745
0.0069347924738132
0.0018108390165192
0.0011809782915355
0
0.00072459568786376
0.0019791252938747
0.0012225892188338
0.00061544094799761
0.0012571965580592
0
0.00086290819233239
0.00050877220625355
0
0
0.0020199763701589
0.0015917629846008
0
0.00095722550990582
0
0
0
0.0014497351108717
0.001499351568921
0.0012474651578201
0.0011820699220959
0.00057269795524113
0
0
0.00064697643754972
0
0
0
0
0
0
0
0
0.0028495487309985
0.0012781335714482
0
0
0
0
0.0024366989848007
0.0061175938405335
0.0036840440208067
0
0.0082256745171274
0.013403789189102
0.0071758971052917
0.0049831495972005
0.008286903977284
0.00073426434964601
0.00031917302401627
0.00085727592755577
0.00046800600598781
0.00029336155819329
0.00042272623597321
0.00042987115648486
0.00076332970402266
0.00025027113478159
0.00048411805946234
0
0.00037646861426036
0
0.0011275609556554
0
0.00046309632934052
0.0011648113909166
0.0013211162609667
0.0010738659548479
0.0010426128929997
0.0011228136152002
0.0014918156081379
0.0024878231465371
0.0017587502249103
0.0012093745964711
0.0032975366324165
0.0076057289996075
0.0081012989517913
0.01002247893992
0.010452380937943
0.0028763131089311
0.0020438914063878
0.0030493777211824
0.00051327242193877
0.0012986687033828
0
0.0013752202914128
0.0010291388505219
0.00064568007117565
0
0
0.00076520400316048
0.0009529007937335
0.0014274661517127
0.0014398966100047
0
0.0011315649657181
0.00073854976227801
0
0
0.0026267274925737
0
0.0030450733637534
0
0
0.0010794993105137
0
0.00090887276874831
0
0.0010129554453806
0.0022782018758841
0
0.0038533204288684
0
0
0.0012191743887649
0.0014137360209215
0.0012241267967126
0
0
0
0
0.0069148426903906
0
0
0
0.0027405084191984
0.0068873089500892
0.0095228468720502
0.0044182213412808
0.00059245757595421
0.00022912543586284
0
0.00046855180920593
0.00031722852876361
0.00037465107884132
0.00063300779619986
0.00044143505592049
0.00034663174258014
0.00041561291717428
0.00042288337293395
0.0005901954470057
0.00094433109410431
0
0.00097121294609953
0.00040314558946676
0.0012695335987052
0.0010573778204837
0.0008688811935493
0.0008331981039477
0.0014337132843105
0.0022602828392934
0.00095003161556377
0
0.0012721583536534
0.004301292731162
0.0031769447806711
0.0041753959704754
0.012090041150248
0.0080846670624654
0.0021515095110602
0.000527406798881
0.0011766873269483
0.0021864353335251
0.0013466089810048
0.0010369821562663
0.0012380206412655
0
0.00059679456051336
0.00088888498665171
0
0.0021132053696902
0
0.002761471959319
0.00099005651337692
0
0
0
0.00081961157401148
0.00080669617239884
0.00089799316682032
0
0.0009248639750314
0.0011339150756806
0.0014490735718154
0
0
0.0010812342674515
0
0.0027004060630765
0.0033566071640308
0.0035702591352922
0.0015185065213964
0.0028118121786418
0.0024104001436259
0
0
0.0080871648416351
0
0.0016685203181232
0.004381798885184
0.0027448195547977
0
0.0059767972389008
0.0051735110606655
0
0
0.0085665375767869
0.0045809940723413
0.0068386116245187
0.00067150636330563
0.00027545885170678
0.00015258555888509
0.000372217926679
0.00048915997943403
0.00046496057156495
0.00047281933698367
0.00031038286215712
0.00036027792792405
0.00052949620086754
0.0011833682327304
0.00098719112049645
0.0010654759380496
0.00093813634782663
0.0007642225430085
0.0010361812808616
0.00047919415488061
0
0.0021303390659318
0.0018341229986162
0
0.00087435647895456
0.00095270188903515
0.0022619204644135
0.002083911795524
0.0021294893455576
0.0063473038708005
0.0053023440418264
0.0032165200824653
0.013393673891801
0.0050208621404081
0.00059226073820858
0.0011224752784972
0.00099441009238373
0
0.00059881309256444
0.0019584122038494
0
0.0014730736775062
0.00066878829120914
0.0020767324633239
0.0011897389837326
0.00057679870754262
0.0011964956690721
0
0.0020699854082109
0
0
0.00079498584547956
0
0.0012305895491636
0.0011083411372366
0.0020258939073784
0.0026238158454276
0
0
0.00097104877562238
0
0
0.0033751913371371
0.0022717490323509
0.0020269034945716
0
0.0014531313206236
0
0.001770027243283
0
0
0.003840184157657
0.0031673292956727
0.0017563034894189
0
0
0.0071230510506298
0.0080563632265041
0.0023095014190764
0
0
0.0048290967246032
0.0051904035216521
0.00050386036991862
0.00042892805335014
0.00075724819891094
0.00029319143730701
0.00040494567440976
0.00053556733634977
0.00032834255935615
0.00085380055349352
0.0016054283940468
0.00023833113199287
0.0013400802665416
0.00033615843751437
0.00040333750431488
0
0.0023041145250861
0
0.0014783977971744
0.0015979318216157
0.00044479451523597
0
0.0021180335297539
0.0014808234068726
0.0006036220927867
0.0010657863374763
0.001836756814183
0.0016339150316694
0.0024909096107955
0.0039200063695219
0.012526666327203
0.010198400986917
0.003233127236197
0
0.0024035241194268
0
0.0025243829879952
0.0016528393207544
0
0.00036535321756829
0.00089918727649156
0.00095700049755644
0
0
0
0
0.0019319595096376
0.0013571088806333
0.0011127973482983
0.001037729345813
0.00099141456654526
0
0.0011128655608794
0
0.0010341407131497
0
0
0
0.0017395470467453
0
0
0.0022164337125691
0
0
0.0046204919123385
0.0012049345626473
0
0
0
0.0020719750934482
0
0.0018569961445387
0
0.0089384338026291
0.0032163369694685
0
0.010747125734356
0.0096325260063562
0.0076712390369719
0.002409963887311
0.0021462840487145
0.0086707287440441
0.00053732454387447
0.00070054383009269
0
0.00084852871236765
0.00066710154790982
0.00077123049965131
0.0004694288888411
0.00091031590808633
0.00050677301015781
0.00079687401174796
0.00096820499408529
0.00096211413851821
0.0011692422943265
0.0010182636448774
0.00070218806835798
0.0010833856942231
0
0
0.0008262875576559
0.0010234583692697
0.00078211736533141
0
0.0013583813210863
0.00082971841263894
0.0014462726502279
0.0021677184099065
0.00055424000023884
0.0033991442027217
0.0067899235869764
0.0079258166419947
0.0059156287006102
0.0025852047617551
0.0019684036902933
0
0.00084884351332055
0
0.002395099550763
0.002265717100353
0.00053638764110046
0.0011912944309534
0
0.0012214486802158
0
0
0.0019088120182481
0.0012318387982533
0
0
0
0
0.0012307409814602
0
0
0.0010135968190327
0.0011871137506986
0.0040867400487956
0.0025160374407667
0.0012106784109173
0.0010979583361498
0.00096451983523621
0.0017125353854785
0
0
0
0.0022054264723467
0.0041735133949925
0
0.0017696793088723
0
0
0.0013999441024375
0.0019639335165606
0
0
0.0025059649772463
0.0069981386770058
0
0.005754323174443
0.004007645874484
0.0028849908752825
0.00027374525731487
0.00034407130291758
0.0011429856855916
0.00032471240584873
0.00053417065085861
0.00042748132116516
0.0010410751291415
0.0017866363308355
0.00032168032735842
0.000215505611062
0.00036741421412532
0
0.0012771431768269
0.001222809254828
0.0015636273631245
0.0004090462389672
0.001689579710064
0.00082136920904888
0.00066313621296189
0.0017065284296313
0.00068004831780639
0.0020416532788372
0.001023401743703
0.00054806688940029
0.0015125733024203
0.00036166704094334
0.0023267286413507
0.0015942222397211
0.0097506363249935
0.010815577453632
0.0075217832749012
0.0021273313646084
0.0020536920319121
0.0012979664954467
0
0.0021526610573773
0.00092939634730117
0.00094513222208739
0
0.00076463924542802
0.001008535704559
0.0017492891417101
0.00085224372368735
0
0.0021070594849824
0
0
0
0.002213405485653
0
0.0017810707360635
0.0026093897598567
0
0.0015404978413809
0
0
0
0
0.001451701728166
0.0024879604860919
0
0
0
0.0018440357074117
0.0016532282200253
0
0.0017960675974305
0
0
0
0
0
0
0.0014931817710133
0.0044583927130983
0
0
0
0
0.0056580105499687
0.023358489375841
0.026846551735186
0
0
0.014010021113908
0.023701967674238
0.020096387942111
0.047264446556886
0
0
0.040779981607755
0
0.02427229834718
0
0.026567932361494
0.019277155272859
0
0
0
0
0
0.0092764754575487
0.0206872002307
0.0046010620740868
0.020937691071727
0
0.020101479700543
0.017969237252558
0
0
0
0
0
0.010643957627343
0
0
0
0
0
0
0.0058128066889606
0
0.010591003567812
0
0
0
0
0.0050245670790813
0
0
0
0.0032025615774219
0.0050792355646814
0.010131600608477
0
0.0079071732845814
0
0
0
0
0.0090455093623462
0.0062615556764888
0
0.010118818710165
0
0.0064311661873497
0.013542452248193
0.0031076020616714
0.0051826159968374
0.011743511384838
0.0057066813122369
0
0
0.0026050161589356
0
0
0
0
0
0
0.0025052925780475
0.0048224787279309
0.0087027974576213
0.0080043122251894
0
0.00989147603429
0.0031570020982703
0
0.0034406161701111
0
0
0.0099295572012988
0.0050808700977436
0
0
0
0
0
0
0.0060893332337856
0.004424917369874
0
0.0032551841434772
0.0089199719058002
0.0080022106230191
0.0018974964601046
0.0036858923753446
0.0028491467926927
0.0028140726219587
0.0055784148519236
0.0058799843748212
0.0026650914729851
0.0043199260903886
0.0091657600963032
0
0.0022508937180379
0
0
0
0
0.0069902418548854
0.0060009587448942
0.0097280200897021
0.0047252065576441
0.0028130147342312
0
0.0024344945526557
0.0031007433144147
0.0045060895927386
0.0037055191630337
0
0
0.0021964078196358
0
0.0022349882894556
0
0
0
0
0
0
0.0044645830532233
0.0060782434613804
0
0.005684299451414
0.0052212034752478
0.0050862000100328
0.0061128920335021
0.0015828162128454
0.0015828162128455
0
0.0015309161009869
0
0.0021362702954687
0.0027059552388981
0
0
0.003784861039239
0
0.0021681560229603
0
0
0.0017039828027753
0.0090104779640879
0.0060179217319734
0.0021407458403845
0.010452824285131
0.0084223201982182
0.0018103125445941
0.0021685932463975
0.0067298870471029
0.0022563700826592
0.0084247778588057
0.0084674135676508
0
0
0.0018560852984859
0.0045127401653182
0
0
0
0
0
0.0028726920464076
0.014318472502159
0.0017495776801812
0.0017495776801813
0
0.0034835120867325
0.0028009364967272
0.0086543671793534
0.002881453512416
0.0036744531805259
0.0025133822497709
0
0
0.00225550439302
0
0
0
0.021351497757691
0.0047683094070209
0.0051807961465245
0.0082691372940445
0.0030680635872205
0.016309018018401
0
0.0031721588016593
0.005111089242798
0.0061847999783642
0.010151527251248
0
0
0
0.0065537467006951
0.0023546914403207
0.0042184684692769
0
0
0
0.0047641229568442
0.0028952025529699
0.0075224847859955
0.0036895125406702
0.0080473433227023
0.010514852302323
0.0073808216051472
0.0023868686187426
0.0055231168077471
0
0
0
0.0023954363502484
0
0
0
0
0
0
0
0.0024921253090518
0.0022308601589271
0
0.0030052641507153
0.0017617518524014
0.0032855761208709
0.0053081646049513
0.0020643083579842
0.0067790481561894
0.01178081754365
0.0094542102489552
0.0048145915439856
0
0.0061094653058998
0
0
0
0
0
0
0.0037995871030551
0.0038573345540698
0.0035283089550761
0.004333179952486
0
0.012413515290627
0.0075966137512194
0.003764901766892
0.0022551167177985
0.0043143007443922
0.0037258417284607
0
0
0
0
0
0
0
0
0
0.0025915493663748
0
0.009214095358925
0
0.0045324002111948
0.015210977614744
0.016581750803954
0.0020881465394463
0.0059421368640467
0
0
0.0024383677946484
0
0
0
0.0028443009704467
0
0
0.0021252623574975
0
0.0035445214918515
0.0090010433286523
0.010668440461976
0
0.0065858305318937
0.0035931734015918
0
0
0
0
0
0.0031298853358086
0
0
0
0
0
0
0
0
0.0021321073216661
0
0.0044368656711623
0
0
0
0
0
0
0
0.003500525612873
0
0.0035644658353837
0
0
0
0
0
0
0
0.0059667718338102
0.0047690218786025
0.0033942891302242
0.004296427108394
0
0
0
0.0038001643748357
0
0
0
0
0
0
0
0
0
0
0
0
0.0050910705376216
0.0047127709834517
0.003750315886446
0.0039793942497983
0
0
0
0
0
0
0
0
0
0
0
0
0
0
0
0
0.0036515371014896
0
0
0
0
0
0
0
0
0
0
0
0
0
0
0
0
0
0
0
0.0052579555755287
0
0
0.025883415490795
0
0
0
0.0034330820244212
0.0073879802105209
0
0.0077461610248374
0.005987384513692
0.018020616357011
0
0.0092644609901487
0.0067229918209751
0.0081249361968454
0.0051221578893689
0.0088956931984233
0.0037314511117494
0
0
0
0
0
0
0.00524722694785
0
0.0093204492745019
0
0.0020581176931103
0.012883133116317
0.0024213072657827
0
0.0036762012468398
0
0.0065585505665157
0.0055968334156338
0
0.0032626670458013
0.013486073298568
0.003609055232502
0
0.0054791879381671
0.0020942228034398
0
0
0.0087693930379716
0.0025616726890241
0
0
0
0.0094148973839612
0.0034717254982479
0.0017475038530198
0.0061625706952052
0
0.0069926114798855
0.0034470000943954
0
0.0018655553940039
0
0
0
0.0019190430440565
0.0043115358106373
0.008265679211377
0
0
0
0
0.0030722684891636
0.0027063859694242
0
0.00094067291715868
0
0
0.0018563357460119
0
0.00177365487298
0
0
0
0.0023931920198707
0
0
0
0
0
0
0
0.0017418934777144
0.0016062870657372
0.0013146299255787
0
0
0
0
0
0.0032699793764012
0
0
0.0010429003325472
0.0030944431434599
0
0.0033828073816046
0
0
0
0
0.0015227596107652
0
0
0
0.0009724582041178
0
0
0
0
0
0
0.0010612840547556
0.0015909391602375
0.0011930020378326
0.00085997011331098
0.0012705673081596
0
0
0
0
0
0.0010226488618777
0
0
0
0
0
0
0
0
0.00092739442340029
0
0
0
0
0
0
0.0021187197954372
0.0020487194393757
0
0.0025278437578859
0
0.0010358027700335
0
0
0
0
0
0
0
0.00066078699490898
0
0
0
0
0.0011127322890186
0
0.0012538015383137
0
0.00071963619189946
0
0
0.0018728168716437
0.00049050242771635
0
0.0010644465642507
0
0
0
0
0
0
0
0
0
0
0
0
0.0007705080058032
0
0.0011875260979457
0
0
0
0
0.0006978672226185
0.00061887357665788
0
0
0
0
0
0.00225962972589
0.0016776165757178
0
0.002385229649039
0
0
0
0
0.0090658829989021
0.0065251531280954
0.0013250338888721
0.0020134683679427
0.0038704897201406
0.0024704788258384
0
0.0057085872565073
0.0023621335686998
0.0019423088353265
0
0.001071570662346
0
0
0
0
0
0
0.0011587654766636
0
0
0.003667803766699
0
0
0.0014816281824945
0
0
0
0.0011439612264663
0.00085215632951369
0.001741705549434
0.0017705729412607
0
0
0.002404183614501
0.0013677892376852
0.0031834984864644
0.00093625758520333
0.0039520991919218
0.00073096092801441
0.0010889823008535
0
0.0011332150887981
0
0.00072987769496856
0.0017561327429143
0
0
0
0
0.0016117788646647
0.0013072144782067
0.00078839275654603
0
0
0.00058900237771991
0
0.00077405455629899
0
0
0.00045841461956392
0
0
0
0.0011715449246761
0.00084537094461324
0
0
0
0.00073612334745779
0.0008428640882334
0.0007320060260976
0.00060769851305857
0
0
0.0011474105747723
0
0.0020661427145994
0.00050029292930215
0
0.0012041496986068
0.00061431504779692
0
0
0
0.0005940090860442
0
0
0.0012502376031975
0
0
0.0006464536641286
0
0
0
0.00079617958837156
0.00083236424097379
0
0
0
0.00064490277975333
0.00074445461805562
0
0
0.00071423862477333
0
0
0
0.00062802307153637
0
0
0
0
0
0
0
0
0.00040105662455618
0
0.00042762598386218
0
0
0
0.00091378706267606
0
0
0.0015538534170257
0
0.00043460373645243
0
0
0
0
0
0.00019209895075079
0
0
0
0
0
0
0
0.00043590586902536
0
0
0
0
0
0
0
0
0
0
0
0.00017492670419129
0
0.00041165864628115
0.0003781244135363
0
0
0
0.00047512527819048
0
0
0
0
0.00029721788690573
0.00040927527923005
0
0
0
0
0
0
0
0.0006067903108282
0
0
0
0.00037364814497939
0
0
0
0
0
0.0001495858893878
0
0
0
0
0
0.003951973075134
0.0033506333164836
0
0
0.0024902827333632
0
0.0025113245331875
0
0.0036721866792406
0.0042593162438597
0.0013928193781768
0.0019433474192989
0
0.0032968114446684
0
0.0008329441769787
0.0015577737875915
0.0026586649313405
0.0016962157071926
0.0012974921086808
0
0.001246655019276
0
0
0
0
0
0
0.00095986029966689
0.00071099649012433
0.0011236363956094
0
0
0
0.00081119073872977
0.00076465293611026
0.0012428195961617
0.0043373934394579
0
0
0.00073540001445032
0.0012166571024489
0.00078703321652857
0
0
0.0013498867838372
0.0023707150909982
0
0
0
0
0
0
0
0
0.00082952744246551
0.0014277835366275
0
0
0.00079378076540427
0
0.0014148582303775
0.00062029000177366
0.0020935942354127
0.00064661232530139
0.0025730531861581
0.00047331745491784
0.00090142367919569
0.0010581921451703
0
0
0
0.0017209482328531
0
0.0010737431460286
0.00043142879690355
0.0004102687448002
0.0014605026901875
0.00062171021731604
0
0.00035556887409354
0.0020869295408201
0.00042088422059338
0.00039654813493329
0
0
0.00044884205256383
0
0
0.00043264120068929
0
0
0.00038431562268109
0.00033434118433776
0.0013130655720753
0
0
0
0.00031233940289816
0
0
0.00033849851321066
0
0
0.00030508011362341
0
0.00026080494624488
0
0.00025637215027132
0.00036480813942609
0
0
0
0
0
0
0
0
0
0
0.00032705879827687
0
0.00030227356273624
0
0
0
0.00024622068652106
0.00035597965353608
0
0
0
0
0.00042547039060107
0
0
0.00055220567099086
0.00021756827066734
0
0.00048684482683011
0
0
0
0.00032877934822699
0
0
0
0.00040598325599032
0.00026805518264767
0.00038184899567763
0
0
0
0
0
0
0
0
0
0
0.00031457816469307
0
0
0
0
0.00026636409919794
0
0
0
0
0
0
0
0
0
0
0.00018959153701257
0
0
0
0.00033977791999776
0.00028883113828301
0
0
0.00032181546439955
0.00029029816804013
0
0.00028386776214635
0
0
0
0
0
0
0.0002867698991134
0.00047020288950984
0
0.00026747005814894
0
0
0.0020935208553195
0.0017357120520105
0.0015643439174498
0.0026312466939929
0.0022507863128927
0
0.0017180452381118
0.002131625126382
0
0.0027140075504889
0.00088911256110072
0.00091308553636124
0
0.0010946646690438
0.0017383751147521
0.00081197096229232
0
0.00054705505849026
0.0010982780604855
0.0019782107346764
0.0022472657212549
0
0
0
0
0
0.00087299151281045
0
0
0
0
0.00073442182831686
0
0
0
0
0
0
0
0
0
0
0
0
0
0
0.001948844018292
0.00063928736276741
0
0
0
0.00053985063972266
0
0.00052717156407622
0
0.00058375136691365
0.000571729314628
0.00050413440517375
0
0
0.001890174740631
0.0006135592909371
0
0
0.00038134731222501
0
0.00047455248503379
0.0011102447993092
0
0.0017685051868411
0
0.0005505968759582
0.00076353598466345
0.0010063017752272
0.0026063202816426
0.0009737353126796
0
0
0.00024308183697703
0
0.00031724067504995
0
0.00046607630879668
0
0
0.00081829907793985
0
0.00036838470039942
0
0
0
0
0.0003312565385532
0.00031886240446816
0
0
0
0
0.00025324284396142
0
0
0
0
0
0
0
0
0
0
0
0
0.00035464035689168
0
0
0
0
0
0
0
0
0
0
0
0.00050014409397782
0.00029163458558624
0
0
0
0
0
0
0
0
0
0
0
0
0
0
0
0
0.00035378411644466
0.00041865783446102
0.00041540381343231
0
0
0
0
0
0
0
0
0
0
0
0
0
0
0
0.00036447021931986
0
0
0.00011370896866169
0
0
0
0
0
0
0.00030965903633294
0.0003341883973288
0.00027180059061401
0
0
0
0
0
0
0.00025071883324322
0
0
0
0.00023337151968783
0
0
0
0.00016314114451597
0.0002008881100928
0
0
0
0
0
0
0
0
0
0
0
0
0.001806147033106
0.0023973071169095
0.0015087318892613
0.002131579315331
0.0030609173252812
0.0012060498758639
0.0022543094446175
0.00096328602840361
0.00082351038909995
0.0019316216923688
0.0017674245222536
0.0017720358860208
0.00277169457364
0
0.0006495885881355
0
0
0
0
0.00070639611033919
0.00072311137981116
0
0
0
0
0
0
0
0
0
0
0
0
0
0
0
0.00050723940804672
0
0
0.0011911093554248
0
0
0
0
0
0
0
0
0
0
0
0
0
0
0
0
0.0015039592156327
0
0
0
0
0.00057477808952763
0
0
0.00071673971078004
0.0010420710500505
0.0013683954415864
0.00031926803411939
0
0.00034398206402563
0.0014926563739765
0
0.0009312335498334
0
0
0
0.00091291887563291
0.00047080864343409
0
0
0
0
0
0
0.00036587348415252
0
0
0
0
0
0
0
0
0
0
0
0
0
0
0
0
0
0
0
0
0
0
0.00041828672921294
0
0
0
0.00037190868024123
0
0
0
0
0
0
0
0
0
0
0
0
0
0
0
0
0.0001353801279952
0
0
0
0
0
0
0
0
0
0
0
0
0
0
0
0
0
0
0
0.00029886559511737
0
0
0
0
0.00012005720050323
0
0
0
0.00037488628417882
0
0
0
0
0
0
0.00032722596294284
0
0
0
0
0
0
0
0
0
0
0
0
0
0.00014509376998075
0
0
0
0
0
0
0
0
0
0
0
0
0
0
0
0
0.00019229991489011
0
0
0
0
0.0024961563777872
0.0020794001942736
0.0013240133214981
0.00094545077748916
0.00097986464964558
0.00081996828321606
0
0.00040604553238063
0.00074352439114959
0
0.00091833533917853
0
0.0006017219950166
0
0.00076030227168735
0
0
0
0
0
0
0
0.00043959074662397
0
0.00064430346371322
0
0
0
0
0
0
0
0.00050579142655981
0
0
0
0
0
0.00049210259090708
0
0
0
0.0016799109910313
0.0010179531253129
0
0
0
0
0
0
0
0.00033922248909694
0
0
0
0
0.00039857430646055
0.0003964147804418
0
0
0
0.00042399107427883
0
0
0
0.00042601388671999
0.00042928865764417
0.00039631948218544
0
0.00040056657952101
0.00087916408085652
0.00055828936662834
0.0003060627696671
0
0
0
0
0
0.00035788320161942
0
0
0
0
0.00065450912867673
0
0.00032584143132624
0.00023872697727067
0
0
0
0
0
0
0
0
0
0.00020092938351993
0
0
0
0
0
0
0
0
0
0
0
0
0
0
0.00015102403902403
0
0
0
0
0
0
0
0
0
0
0
0
0
0
0
0
0
0
0
0
0
0
0
0
0
0
0
0
0
0
0
0
0
0
0
0
0
0
0
0
0
0
0
0
0
0
0
0
0
0
0
0
0
0
0
0
0
0
0.0001828846153367
0
0
0
0
0
0
0
0
0
0
0
0
0
0
0
0
0
0
0
0
0
0
0
0
0
0
0.00013874635381683
0
0
0.00071558834582148
0
0.0031373314769904
0
0.0017106041656108
0.00073102943163995
0.00055333359988138
0
0.0018251254908924
0
0
0
0
0
0
0
0.00041982671594655
0
0
0.0012929291953928
0
0.0003882654947134
0
0
0
0
0
0
0
0
0
0
0
0
0
0
0.0006750261165584
0
0
0.00086563001145612
0
0
0
0
0.00030142617007819
0.00063691838326718
0
0
0
0
0
0.0012682047129687
0
0
0
0
0
0
0
0
0.00079842252136825
0
0
0.00037045075381151
0
0
0
0
0
0
0.00040849963535816
0
0
0
0
0
0
0
0
0
0
0
0
0
0
0
0
0
0
0
0
0
0
0
0.00013701983385816
0
0
0
0
0
0
0
0
0
0
0
0
0
0
0
0
0
0
0
0
0
0.0003216821900157
0
0
0
0
0
0
0
0
0
0
0
0
0
0
0
0
0
0
0
0
0
0
0
0.00027974150340119
0
0
0
0
8.3804160642145e-05
0
0
0
0
0
0
0
0
0
0
0
0
0
0
0
0
0
0
0.00019797162509305
0
0
0
0
0
0
0
0
0
0
0
0
0
0
0
0
0
0
0
0
0
0
0
0
0
0
0
0
0
0
0
0
0
0
0
0.0016059204845864
0.0020708495818273
0
0
0.00067179373434788
0
0
0.00062626100194188
0
0
0
0
0
0
0
0
0
0
0
0
0
0
0.00090769136648475
0.00053068627525999
0
0
0
0
0
0
0
0
0
0
0
0
0
0
0
0
0
0
0
0
0
0
0
0
0
0
0
0
0
0
0
0
0
0
0
0
0.00031868119592689
0
0
0
0
0
0
0.00038596465505983
0
0.00037403913458838
0
0
0
0.00037560007042562
0
0
0
0
0
0
0
0
0
0
0
0
0
0
0
0
0
0
0
0
0
0
0
0
0
0
0
0
0
0
0
0
0
0
0
0
0
0
0
0
0
0
0
0
0
0
0
0
0
0
0
0
0
0
0
0
0
0
0
0
0
0
0
0
0
0
0
0
0
0
0
0
0
0
0
0
0
0
0
0
0
0
0
0
0
0
0
0
0
0
0
0
0
0
0.0001855705394917
0
0
0
0
0
0
0
0
0
0
0
0
0
0
0
0
0
0.00018703881489514
0
0
0
0
0
0
0
0
0
0
0
0
0
0.0013063329781035
0.0018884926675467
0.00083882709995395
0.0010251668207357
0.00054074704885122
0
0.00096089532638348
0
0
0.0010158196497103
0.00068522349588445
0
0
0
0
0
0
0
0
0
0
0
0
0
0
0
0
0
0
0
0
0
0
0
0
0
0
0
0
0
0
0
0
0
0
0
0.00066534937333715
0
0
0
0
0
0
0
0
0
0.00052590873498782
0
0
0
0
0
0
0
0
0
0
0
0
0
0
0
0
0
0
0
0
0
0
0
0
0
0
0
0
0
0
0
0
0
0
0
0
0
0
0
0
0
0
0
0
0
0
0
0
0
0
0
0
0
0
0
0
0
0
0
0
0
0
0
0
0
0
0
0
0
0
0
0
0
0
0
0
0
0.00011647420297285
0
0
7.2326007141528e-05
0
0
0
0
0
0
0
0
0
0.00029170304529268
0
0
0
0
0
0
0
0
0
0
0
0
0
0
0
0
0
0
0
0
0
0
0
0
0
0
0
0
0
0
0
0
0
0
0
0.00020474348481534
0
0
0
0.00013184177579028
0
0
0
0
0
0
0
0
0
0
0
0
0.00053538847446039
0.00068866507203313
0
0
0
0
0
0
0
0
0
0
0.00022573387501788
0
0
0
0
0
0
0
0
0
0
0
0
0
0
0
0
0
0
0
0
0
0
0
0
0
0
0
0
0
0
0
0
0
0
0
0
0
0
0
0
0
0
0
0
0
0
0
0
0
0
0
0
0
0
0
0
0
0
0
0
0
0
0.00037865945660348
0
0
0
0
0
0
0
0
0
0
0
0
0
0
0
0
0
0
0
0
0
0
0
0
0
0
0
0
0
0
0
0
0
0
0
0
0
0
0
0
0
0
0
0
0
0
0
0
0
0
0
0
0
0
0
0
0
0
0
0
0
0
0
0
0
0
0
0
0
0
0
0
0
0
0
0
0
0
0
0
0
0
0
0
0
0
0
0
0
0
0
0
0
0
0
0
0
0
0
0
0
0
0
0
0
0
0
0
0
0
0
0
0
0
0
0
0
0
0
0
0
0
0
0
0.00079628093851351
0
0
0
0
0.000433365315944
0
0
0.00064404785036047
0
0
0
0
0
0
0
0
0
0
0
0
0
0
0
0
0
0
0
0
0
0
0
0
0
0
0
0
0
0
0
0
0
0
0
0
0
0
0
0
0
0
0
0
0
0
0
0.00057607620855668
0
0
0
0
0
0
0
0
0
0
0
0
0
0
0
0
0
0
0
0
0
0
0
0
0
0.00058029323289557
0
0
0
0
0
0
0
0
0
0
0
0
0
0
0
0
0
0
0
0
0
0
0
0
0
0
0
0
0
0
0
0
0
0
0
0
0
0
0
0
0
0
0
0
0
0
0
0
0
0
0
0
0
0
0
0
0
0
0
0
0
0
0
0
0
0
0
0
0
0
0
0
0
0
0
0
0
0
0
0
0
0
0
0
0
0
0
0
0
0
0
0
0
0
0
0.00015509840029018
0
0
0.0001451873171545
0
0
0
0
0
0
0
0
0
0
0
0
0
0
0
0
0
0
0
0
0
0
0
0
0
0
0
0
0
0
0
0
0
0
0
0
0
0
0
0
0
0
0
0
0
0
0
0
0
0
0
0
0
0
0
0
0
0
0
0.00054841305310662
0
0
0
0
0
0
0
0
0
0
0
0
0
0
0
0
0
0
0
0
0
0
0
0
0
0
0
0
0
0
0
0
0
0.00026406328177232
0
0
0
0
0
0
0
0
0
0
0
0
0
0
0
0
0
0
0
0
0
0
0
0
0
0
0
0
0
0
0
0
0
0
0
0
0
0
0
0
0
0
0
0
0
0
0
0
0
0.00036071841493688
0
0
0
0
0
0
0
0
0
0
0
0
0
0
0
0
0
0
0
0
0
0
0
0
0
0
0
0
0
0
0
0
0
0
0
0
0
0
0
0
0
0
0
0
0
0
0
0
0
0
0
0
0
0
0
0
0
0
0
0
0
0
0
0
0
0
0
0
0
0
0
0
0
0
0.00054626490122284
0
0
0
0
0
0
0
0
0
0
0
0
0
0
0
0
0
0
0
0
0
0
0
0
0
0
0
0
0
0
0
0
0
0
0
0
0
0
0
0
0
0
0
0
0
0
0
0
0
0
0
0
0
0
0
0
0
0
0
0
0
0
0
0
0
0
0
0
0
0
0
0
0
0
0
0
0
0
0
0
0
0
0
0
0
0
0
0
0
0
0
0
0
0
0
0
0
0
0
0
0
0
0
0
0
0
0
0
0
0
0
0
0
0
0
0
0
0
0
0
0
0
0
0
0
0
0
0
0
0
0
0
0
0
0
0
0
0
0
0
0
0
0
0
0
0
0
0
0
0
0
0
0
0
0
0
0
0
0
0
0
0
0
0
0
0
0
0
0
0
0
0
0
0
0
0
0
0
0
0
0
0
0
0
0
0
0
0
0
0
0
0
0
0
0
0
0
0
0
0
0
0
0
0
0
0
0
0
0
0
0
0
0
0
0
0
0
0
0
0
0
0
0
0
0
0
0
0
0
0
0
0
0
0
0
0
0
0
0
0
0
0
0
0
0
0
0
0
0
0
0
0
0
0
0
0
0
0
0
0
0
0
0
0
0
0
0
0
0
0
0
0
0
0
0
0
0
0
0
0
0
0
0
0
0
0
0
0
0
0
0
0
0
0
0
0
0
0
0
0
0
0
0
0
0
0
0
0
0
0
0
0
0
0
0
0
0
0
0
0
0
0
0
0
0
0
0
0
0
0
0
0
0
0
0
0
0
0
0
0
0
0
0
0
0
0
0
0
0
0
0
0
0
0
0
0
0
0
0
0
0
0
0
0
0
0
0.00015622896914308
0
0
0
0
0
0
0
0
0
0
0
0
0
0
0
0
0
0
0
0
0
0
0
0
0
0
0
0
0
0
0
0
0
0
0
0
0
0
0
0
0
0
0
0
0
0
0
0
0
0
0
0
0
0
0
0
0
0
0
0
0
0
0
0
0
0
0
0
0
0
0
0
0
0
0
0
0
0
0
0
0
0
0
0
0
0
0
0
0
0
0
0
0
0
0
0
0
0
0
0
0
0
0
0
0
0
0
0
0
0
0
0
0
0
0
0
0
0
0
0
0
0
0
0
0.000201229227397
0
0
0
0
0
0
0
0
0
0
0
0
0
0
0
0
0
0.00047980979781259
0
0
0
0
0
0
0
0
0
0
0
0
0
0
0
0
0
0
0
0
0
0
0
0
0
0
0
0
0
0
0
0
0
0
0
0
0
0
0
0
0
0
0
0
0
0
0
0
0
0
0
0
0
0
0
0
0
0
0
0
0
0
0
0
0
0
0
0
0
0
0
0
0
0
0
0
0
0
0
0
0
0
0
0.00013557829601009
0
0
0
6.6464115830671e-05
0
0
0
0
0
0
0
0
0
0
0
0
0
0
0
0
0
0
0
0
0
0
0
0
0
0
0
0
0
0
0
0
0
0
0
0
0
0
0
0
0
0
0
0
0
0
0
0
0
0
0
0
0
0
0
0
0
0
0
0
0
0
0
0
0
0
0
0
0
0
0
0
0
0
0
0
0
0
0
0
0
0
0
0
0
0
0
0
0
0
0
0
0
0
0
0
0
0
0
0
0
0
0
0
0
0
0
0
0
0
0
0
0
0
0
0
0
0
0
0
0
0
0
0
0
0
0
0
0
0
0
0
0
0
0
0
0
0
0
0
0
0
0
0
0
0
0
0
0.00066607260563126
0
0
0
0
0
0
0
0
0
0
0
0
0
0
0
0
0
0
0
0
0
0
0
0
0
0
0
0
0
0
0
0
0
0
0
0
0
0
0
0
0.00025633888273722
0
0
0
0
0
0
0
0
0
0
0
0
0
0
0
0
0
0
0
0
0
0
0
0
0
0
0
0
0
0
0
0
0
0
0
0
0
0
0
0
0
0
0
0
0
0
0
0
0
0
0
0
0
0
0
0
0
0
0
0
0
0
0
0
0
0
0
0
0
0
0
0
0
0
0
0
0
0
0
0
0
0
0
0
0
0
0
0
0
0
0
0
0
0
0
0
0
0
0
0
0
0
0
0
0
0
0
0
0
0
0
0
0
0
0
0
0
0
0
0
0
0
0
0
0
0
0
0
0
0
0
0
0
0
0
0
0
0
0
0
0
0
0
0
0
0
0
0
0
0
0
0
0
0
0
0
0
0
0
0
0
0
0
0
0
0
0
0
0
0
0
0
0
0
0
0
0
0
0
0
0
0
0
0
0
0
0
0
0
0
0
0
0
0
0
0
0
0
0
0
0
0
0
0
0
0
0
0
0
0
0
0
0
0
0
0
0
0
0
0
0
0
0
0
0
0
0
0
0
0
0
0
0
0
0
0
0
0
0
0
0
0
0
0
0
0
0
0
0
0
0
0
0
0
0
0
0
0
0
0
0
0
0
0
0
0
0
0
0
0
0
0
0
0
0
0
0
0
0
0
0
0
0
0
0
0
0
0
0
0
0
0
0
0
0
0
0
0
0
0
0
0
0
0
0
0
0
0
0
0
0
0
0
0
0
0
0
0
0
0
0
0
0
0
0
0
0
0
0
0
0
0
0
0
0
0
0
0
0
0
0
0
0
0
0
0
0
0
0
0
0
0
0
0
0
0
0
0
0
0
0
0
0
0
0
0
0
0
0
0
0
0
0
0
0
0
0
0
0
0
0
0
0
0
0
0
0
0
0
0
0
0
0
0
0
0
0
0
0
0
0
0
0
0
0
0
0
0
0
0
0
0
0
0
0
0
0
0
0
0
0
0
0
0
0
0
0
0
0
0
0
0
0
0
0
0
0
0
0
0
0
0
0
0
0
0
0
0
0
0
0
0
0
0
0
0
0
0
0
0
0
0
0
0
0
0
0
0
0
0
0
0
0
0
0
0
0
0
0
0
0
0
0
0
0
0
0
0
0
0
0
0
0
0
0
0
0
0
0
0
0
0
0
0
0
0
0
0
0
0
0
0
0
0
0
0
0
0
0
0
0
0
0
0
0
0
0
0
0
0
0
0
0
0
0
0
0
0
0
0
0
0
0
0
0
0
0
0
0
0
0
0
0
0
0
0
0
0
0
0
0
0
0
0
0
0
0
0
0
0
0
0
0
0
0
0
0
0
0
0
0
0
0
0
0
0
0
0
0
0
0
0
0
0
0
0.0001828189485161
0
0
0
0
0
0
0
0
0
0
0
0
0
0
0
0
0
0
0
0
0
0
0
0
0
0
0
0
0
0
0
0
0
0
0
0
0
0
0
0
0
0
0
0
0
0
0
0
0
0
0
0
0
0
0
0
0
0
0
0
0
0
0
0
0
0
0
0
0
0
0
0
0
0
0
0
0
0
0
0
0
0
0
0
0
0
0
0
0
0
0
0
0
0
0
0
0
0
0
0
0
0
0
0
0
0
0
0
0
0
0
0
0
0
0
0
0
0
0
0
0
0
0
0
0
0
0
0
0
0
0
0
0
0
0
0
0
0
0
0
0
0
0
0
0
0
0
0
0
0
0
0
0
0
0
0
0
0
0
0
0
0
0
0
0
0
0
0
0
0
0
0
0
0
0
0
0
0
0
0
0
0
0
0
0
0
0
0
0
0
0
0
0
0
0
0
0
0
0
0
0
0
0
0
0
0
0
0
0
0
0
0
0
0
0
)
;

boundaryField
{
    inlet
    {
        type            calculated;
        value           uniform 0;
    }
    outlet
    {
        type            calculated;
        value           uniform 0;
    }
    wall
    {
        type            calculated;
        value           uniform 0;
    }
    wedgeBack
    {
        type            wedge;
    }
    wedgeFront
    {
        type            wedge;
    }
    defaultFaces
    {
        type            empty;
    }
}


// ************************************************************************* //
