/*--------------------------------*- C++ -*----------------------------------*\
  =========                 |
  \\      /  F ield         | OpenFOAM: The Open Source CFD Toolbox
   \\    /   O peration     | Website:  https://openfoam.org
    \\  /    A nd           | Version:  10
     \\/     M anipulation  |
\*---------------------------------------------------------------------------*/
FoamFile
{
    format      ascii;
    class       volScalarField;
    location    "0.10999998";
    object      rhoEs;
}
// * * * * * * * * * * * * * * * * * * * * * * * * * * * * * * * * * * * * * //

dimensions      [1 -1 -2 0 0 0 0];

internalField   nonuniform List<scalar> 
7600
(
28991.290053009
0
29912.909417915
0
0
29858.949418873
0
28916.158173297
0
27278.972028736
0
25399.829336481
0
23383.744911919
21408.17381661
0
19796.378301275
0
0
20231.935219563
0
0
21781.050443381
0
0
23742.788543054
0
0
25455.027733036
0
0
0
26957.437805259
0
0
28034.303575139
0
28075.643845756
0
27621.620070548
26530.932008596
0
25379.251492535
23932.045684257
22697.756243007
21836.386251914
0
21548.645854743
0
0
0
22523.845399572
0
0
0
24232.235675056
0
0
0
25899.647997131
0
0
26658.677923663
0
0
26968.497191449
0
26644.388321637
0
51185.570980887
23951.938376795
23114.437867291
22490.398213285
0
0
22407.504638708
0
0
23016.801673643
0
10811.159983616
10799.737541101
10707.786195188
10692.844821507
10678.299966388
21312.692464841
10634.465598869
20142.15202269
9518.2221268583
9491.2135723589
9506.6764891597
25682.336046534
8080.3310094379
8070.1803499384
15801.119104618
7388.2230126976
7381.8596980067
14738.267925987
7348.3623269454
7491.0286941258
0
8042.0087711419
8018.7794579571
8298.6380751172
0
17595.415123835
0
0
9710.5066421678
19382.344195983
9674.1393648468
0
20131.170489731
0
20517.080001888
10249.295393558
10210.396088688
10228.298655461
10207.50152698
20083.6569614
28923.278075746
9228.347559236
18164.504238926
34222.284018235
16046.212223821
8014.7683706296
0
0
0
9067.7194306498
9052.0839998024
9053.0080725936
9031.500849807
18033.662801529
9000.4263828362
8988.7908059503
8980.1271571375
0
9236.3428734863
0
0
28148.286384698
18289.454817107
18292.130464097
26666.134227658
18330.210233066
18282.05272885
16704.269607872
8363.0587877869
8367.7834738427
8321.197898451
16718.948006712
8308.7068586855
8270.1136257567
8319.2671034082
16592.655443876
8319.0230144231
0
8507.6857450056
0
6632.9496256311
13257.425676795
13232.963705448
13210.463288599
13180.683111054
13154.69849862
13129.663299784
6558.5875156615
13107.628683756
13068.199821805
13048.949619419
13022.915629814
6500.0834015828
12982.793104126
12962.639522278
6472.6098039704
12929.684831795
6455.764587685
12895.928568563
12875.829207436
6426.6524702754
12844.597621959
6414.7183783187
12822.617487309
12788.334833233
6397.270508734
12777.383753192
12749.886576196
6369.387250127
12725.897345299
12704.590028627
12679.556171375
12657.192626531
12630.509024426
12610.749643512
6298.1368474875
12574.830006446
12553.882382854
12530.163480934
12508.230031474
12481.848262251
12459.010206131
12439.642176865
6212.8007218792
12405.31427791
12384.999388662
12364.297095537
6174.3960787431
12333.441243834
12312.748426523
12292.561703654
6138.9997461294
12262.496532773
12244.933985382
6113.0700973278
12213.883985209
12194.5632964
0
6115.8261972696
12591.424694423
6242.304723813
6348.3085608409
6465.2560657084
13089.251697424
13076.549527595
6518.0270196565
0
0
7006.1961096521
14014.112913313
7008.9059385227
14094.727917694
13918.513027174
13994.572973998
7015.9761985298
14013.608845973
14020.973580342
13955.586664384
6971.8154727121
13924.386573534
11256.929906719
11533.866954541
11647.849044398
11710.160402838
17601.227107194
11688.180310913
11488.057291533
16959.669804706
10962.084102245
15969.844664744
10345.922478199
14933.853285128
14292.156216169
13537.620585159
12824.967158994
12199.568086722
11658.466870024
7714.2922872078
7748.779800429
7948.5438398287
4072.8141712495
8337.5299042457
4295.8869692294
8790.16905607
9043.5529651322
4630.9752156071
9512.6122533522
4847.9745194817
9920.6698961932
5037.5824660036
10257.253120307
10441.813280631
5305.6068262775
10719.161710996
10801.597394254
10951.943073641
10991.450347194
10959.065797101
16356.157556399
16186.012230468
21006.596673215
20263.590319331
19375.542242755
23168.070312279
13332.634376231
17465.013753712
12646.321963673
8419.80725189
8527.4216203483
4278.578415623
8722.7304171599
4406.2097201664
4519.0004666519
4576.3697011611
9291.9692347398
4751.8963555684
4798.3474277194
9744.2759261708
4965.5917305005
10013.897783547
5078.0465389342
10281.762324459
10387.343681745
5223.7565278603
10529.989399218
10521.16110279
15775.518063469
15644.293459843
20573.136213941
25028.603132905
28654.823188396
27371.844294684
13321.348930421
13218.014791465
8753.8712452558
8806.682719395
4414.3644438075
8879.2609777639
4461.3051981666
4508.8347498476
9748.7904771427
14944.072127176
10080.442193758
15242.163550306
10129.605793993
15141.06187239
14937.200617855
9791.4984312387
14348.834779971
13994.08351078
13545.765155861
17180.956854771
12323.882588946
11754.520438727
14851.453473213
13957.552489438
10119.19669489
6646.259208165
6717.4887911558
6845.2536899141
7018.159625699
7205.5261540861
7486.8294331381
7673.0636744973
3908.0038463467
8001.4032050273
8212.7867719578
12372.267790108
4261.5377619094
4371.9775765455
8857.3244571026
8993.6932563346
9134.675713702
9252.0798843916
9389.6253430983
14192.397050129
9504.6258162136
14227.236648158
14179.056118773
14019.8904403
22696.037642899
17545.996677738
21050.793066365
24108.665183347
19163.721953661
14820.661380285
10984.172623676
7276.520828021
7305.1258295779
7468.6298805615
3749.02433146
7640.8308943267
3897.4555810684
7915.8887972003
4064.9842303578
4098.3263107449
8341.1562429148
8475.6066516306
4313.7026907778
4351.8527474648
8809.7161486852
8901.2937657831
4489.9980072007
9020.7972671074
13651.085726739
9108.7319159242
13677.50908151
13598.681138028
22352.848694995
21744.719927925
37305.726278065
23642.027391206
11585.900351081
15248.394011808
7619.1277189872
11382.783706072
3829.4440405178
7725.0587951293
7796.4788582882
7849.1432901009
13202.585519489
13534.520259187
13734.201087202
13806.309511255
9207.9035798444
13725.547020761
13563.089605433
13342.18607895
13015.780137928
16873.160921242
12184.840424161
15593.307428182
14788.188941728
10599.293191333
16580.325918425
9456.4203295694
12251.143536743
6045.4178014644
9199.5603517011
6278.3891515692
6363.146921347
6559.296026949
6742.0827438018
6977.0901256533
7099.4033345306
7308.8572843417
7491.0221853727
7603.6471680279
7777.9406812893
7922.49307169
8071.3255073092
8217.5064857474
8280.7473698066
8429.3998813156
12796.589389924
8602.161355242
12932.518859353
12865.177467722
17089.531870512
12641.288966245
20606.323924437
19920.409268958
22783.952174538
21731.383043834
17351.135163103
13473.432900799
13304.789861573
6596.8926532233
9997.1601750632
3360.4238779891
6913.4818707706
3475.1384324477
10594.328350138
3618.9397152398
3689.5501681354
3692.3002158448
7559.7068977073
3837.9847515613
7764.4424473208
7875.5219946054
7990.9714580818
8082.2640562037
8173.0980613069
8241.2086482577
12364.398561594
12383.847265514
12359.755278523
12323.684272545
20237.870829634
27494.77478662
33572.292352756
21386.481645833
13972.235296681
13856.621928839
10329.866492471
6888.9938265968
6958.7964715008
7008.7339948593
7067.1016909836
3566.3056410715
12612.311572357
12858.933006462
13041.942937543
13114.117029976
13142.645623094
12987.228343711
12855.472361898
12615.747609801
12321.140858856
16004.036953175
11629.562888149
15039.603978351
14208.013318203
13651.294605735
15898.616883204
12022.551551436
8693.8726511814
8614.815402211
8643.8811977872
5910.9712927612
6005.0173750017
6182.564831095
9579.5714664408
6572.8161991494
6747.7995608471
6890.1397160196
7100.8838663815
7221.8323580249
7335.0263992773
7523.648913641
7618.3396116973
11666.811252881
7883.0563992404
7916.4400368003
12096.720184494
8115.4197607507
12272.059295636
12273.272130804
16221.423200987
16029.992003207
15733.149342673
26506.113224157
18127.078613855
20864.268351727
23217.081198845
12791.587761686
12613.843237501
6261.8849149425
9520.0451990127
9571.1741237133
3239.4735208112
6568.8760918043
3319.4263040888
3388.3122312028
6908.5347739435
7043.2111147522
3594.8061937558
7234.9358097489
7377.2359483075
7500.269143267
7553.2544918612
3813.1909245281
11579.055696086
7803.8980009949
7813.81043426
11769.470160199
15706.231384418
11674.244073994
23115.069791754
18749.975421156
36152.26807699
24044.735287812
19934.056542624
9848.6931804047
9826.1252014401
9830.2814318632
6601.2461754397
6647.1496496953
6685.4746919187
6776.4867664786
12070.301381722
12381.997983684
12557.960630668
12644.227999643
16895.55659224
12436.764938057
12335.898928394
12184.217711326
15981.276444874
11466.444665985
14872.520364717
14357.37415183
13636.252544102
13100.911256398
15407.382102831
11627.576195376
11225.252016948
8295.7243777353
8418.2086360007
5685.3247678694
8672.0781866649
2990.8583684091
9226.6618006703
6348.0666286178
6443.0659494754
6674.2520188412
6827.7977478588
6937.4680962043
10687.558797991
7253.5818785912
7355.0128845944
7494.3604118384
11428.232842007
7689.938790943
11680.460416106
11770.879859218
11825.927880908
11847.352501797
11759.500965879
15636.97309213
19098.730846409
25603.640254101
17508.264407191
20217.964551436
22494.737969624
12427.071034897
15247.863938303
9115.3240153473
6074.0627672204
6140.5881529532
6245.9525087647
6308.3070560464
6400.3896858879
3269.5704071169
3325.6430318002
10149.925760487
6900.330404411
3512.123726707
3529.2826403141
7190.6958445901
10923.552414664
7359.0352264853
7425.1689042166
7511.8585826726
11327.592441341
11358.425025941
11372.772471508
15067.000045344
18642.962740626
21905.504174681
34835.052285212
23275.897020698
19383.553588424
15881.630403659
6321.0851324498
9518.849849532
9532.8181596243
6421.011510306
6453.8827627964
6487.4625606985
11901.939456248
12152.135092341
12264.122573198
16546.638440542
12400.289085845
12343.236463874
12264.136733804
15966.085967183
11747.016356547
15191.283715661
14530.998076895
10555.248931423
16910.625528899
12800.262239982
15112.679825914
11404.326961998
11027.221759028
8216.0736084936
8180.3425073618
5602.3895042926
8607.8781230925
2940.6727603182
9087.8839050107
6241.2454232085
6360.7301470927
6476.0587061757
10036.450829942
6821.7183890253
6987.6087524744
7097.9419139269
10874.50368191
7409.1749206851
11188.080712483
7577.641894336
11473.262190478
11588.058006992
11622.027763438
11653.520072865
15456.922593784
15247.864868619
18658.528707145
21527.258382114
20673.60444583
22955.706716605
18904.166408605
15213.535645833
12008.062265094
8998.980820231
8968.1697049076
6046.6851348378
3082.172804565
9369.255039115
3169.3191230958
3201.8169443718
6527.3008988213
6651.3239858153
6776.6856596484
3448.6249134884
6959.0686488205
7087.5300300629
7153.3276478656
7239.1780420839
7312.9952023167
11035.913306326
11116.82932269
11147.465061759
11147.701866488
14803.677737787
14677.503379847
25168.801118599
34382.301991713
29389.295854292
15793.349578135
9374.5296613954
12377.34307904
9324.6552394806
6214.9858838962
6273.501571003
9522.6834479835
6369.2125056549
11835.906956691
12110.452068803
16401.455376727
12387.956999688
12403.76122934
12328.721890048
16246.034131849
11952.490328577
15537.362245078
11436.626704586
14660.420234064
14061.760949378
13486.136168123
12842.582607071
15124.535778503
11413.159762499
13777.214486721
8163.5699521325
8151.9298445841
5617.4431098966
5754.5490749148
5842.6850161752
9010.4647145036
6219.3456010683
6343.6746601065
6511.8960507986
6671.72075816
10237.490857531
7015.9509216359
7087.4846915331
10818.322017223
7310.4203982603
7424.0448583748
11304.658572225
11438.619653038
7702.0340398413
11589.732841202
15445.668806495
11549.505180061
18994.232642398
14881.086025181
21759.227539106
20887.16663882
23198.915188465
15942.78483479
18492.278919464
12048.497986081
11893.067656432
5934.3215656956
9094.402491598
3047.6023354905
9265.7705871618
3127.3995371284
9638.1084304738
6534.802070127
6586.307144128
6707.3071333122
3449.4051601408
6976.2828765178
3512.394354048
7095.0754917153
7191.5782397233
10922.567674526
7310.2454168467
11083.333172692
11119.402773897
14748.841658806
11054.279394921
18256.530199494
17980.645779037
37906.842753287
29325.772266283
18897.297629553
9305.5660113174
12348.967415485
9308.5792496069
6231.5164701634
6252.3788914109
9477.380415312
3172.524045961
16010.991600312
12256.659372253
12435.819080109
12522.532642622
12494.465550888
12484.079825457
16396.827358285
11983.772719748
15721.750688438
11454.505468695
14764.080184761
14240.15564272
13735.182598645
12954.529186077
15222.711943369
11521.561653192
13816.858254716
8154.3656820297
5519.9951922241
8424.9830292831
5775.7370607784
5874.0609950038
6091.561508317
9238.6697667642
3130.4281179557
9828.0781036509
6682.0835220447
6766.4145759386
10480.653735695
3517.9952810246
14594.192297659
7407.764024744
7466.5119937895
11396.248317432
11494.718860573
7756.1448211497
11694.926348313
11696.971041829
15546.267938198
19112.730198576
15013.391630671
21773.36058354
20889.572245269
23334.82760291
15929.804463231
18515.478701043
12109.570107966
8998.2967947767
6012.0685142728
9096.4410640968
6169.8068982799
3115.8867993976
9463.462156823
3244.303224658
3256.1735900843
3319.3309181315
6769.6757283105
6863.0907935654
6975.5362046471
7076.0836436197
7186.879248841
7236.878520151
7290.9483573896
7378.0908177115
11153.235958487
14886.068878256
11163.295422224
11122.24737235
18421.376863605
21659.217631635
31325.760192456
33028.224641274
15933.515096545
12629.029945373
12472.196624028
9362.7782893712
6245.1104356596
6281.1519733297
6340.1713158705
9594.1472022939
12082.767381659
12357.914756296
16740.912993489
12684.904975303
12676.066281469
12649.659809664
12455.739801489
16291.826161071
11884.242561944
15566.90291335
11367.066706823
14436.697288859
17240.295807178
9815.5483075285
15693.182336386
11799.782631153
11369.958931849
11144.993022244
8417.8549656234
5679.5032328184
5857.5574161868
6006.066630003
6141.0289244219
9486.2958557744
6573.7438087943
6721.005791999
6787.1447503935
10417.347367333
3529.7882654978
10837.875076531
7335.1789540867
7490.8912765063
11416.85809756
7741.404109827
11670.536824451
11766.912213257
7889.7295105735
15837.383721766
11822.578867481
19451.346743377
15267.834301719
22230.6023424
24668.057473035
16992.114776706
16307.930408569
18924.651794312
15337.281177258
9091.5839204635
9195.2968448206
3079.0350831136
9356.3777615844
6377.415276189
3175.6805184904
6586.4530479703
3301.1757086419
10133.863293498
3472.3633195361
6969.5733734185
3529.69009514
7187.2487380685
7274.0262318848
7364.689386235
11178.190440272
7488.2430441764
11312.88738243
11403.477645933
3827.2345655934
15258.411388223
22617.637077547
22043.945256196
28475.108164146
33720.431341193
19471.497409638
12761.061331991
12649.813823959
6319.8751398008
9549.5848670642
6403.8546409438
6462.095581906
6491.3199559429
12458.687155729
12720.92186637
12898.457245873
12997.311122949
12977.091162163
12907.989598749
12825.941226776
16761.786098142
12257.538854756
15908.537308425
11693.70335731
14742.761828071
14238.683455124
13537.316169972
15902.742795157
12072.070236512
11576.652113668
8552.15031319
5726.2172276838
8761.2182008816
5987.280352696
9188.1154747389
3088.1631439255
6422.3934947777
9990.9243929097
6871.7218323168
7001.0720858916
7092.5550741698
7236.700506892
11079.62649826
7544.6907613899
7679.7678537139
7743.5587000447
11838.122181632
7974.9570866489
12093.106792972
12120.929257781
12179.515277139
12101.772261196
12012.794988502
23623.023925656
19204.021000033
25632.222608133
20939.999647517
19968.141985928
9702.6276611694
19030.596742768
9439.6425389759
9336.0576819209
6318.8140664288
6359.1200474848
6491.5991724448
6598.4947304605
3351.7035116885
3402.3443197601
6906.9999418593
7049.8631207699
7139.2598413439
3623.1646442798
7374.6187949722
7452.8783036846
7547.5229040291
7612.399738243
11532.270853934
7755.7617069958
11635.295463109
11707.918442277
15520.464460157
19195.750649555
18893.393143081
25693.543569556
31470.360114851
20185.599495731
16456.931451241
13000.33618456
9732.4436518451
6513.1600579303
9809.6740731586
6579.1211136429
6653.4242197185
12827.73236438
13115.463923037
13304.99437279
13380.351275312
13375.755707081
13295.937955253
13176.721125966
12999.613631375
16902.376064739
12215.675452886
15851.459843649
11484.953186966
14620.220860642
14003.221348389
13293.776970238
15659.086678902
9009.2427355479
11781.760474739
5923.5372255961
9041.8880102989
6247.3452489096
6288.8720069142
6538.5564232027
6630.739778187
6822.4154482354
7022.1889033199
7175.5897589261
7308.0008824671
11209.652983262
7607.105598878
7786.7543532134
7897.3704402091
8027.7974709049
12241.652104098
8269.1972721381
8307.4172824086
12543.3747816
12575.979267214
16688.627663673
12359.672337437
16269.420048636
23728.400901718
22737.579399617
18219.702501036
24342.864549044
16693.365158755
13043.473272693
12881.526520378
6436.9912336649
6515.8902410423
6557.7222458473
6698.725154863
6792.9395209019
3460.9139279256
7012.236984408
3572.7397794783
7218.5746672669
7387.4134684571
3754.190114935
7562.5747214724
7666.52530778
7780.6232138172
7857.256777145
7909.6450175877
11880.031918972
7970.8629285908
12004.580249682
11973.885437768
19918.944208282
11817.739019507
38152.455424317
32398.937142194
17328.754855638
16990.350708494
13427.502307697
10039.094943701
6697.6020793452
10108.933528363
3402.409555757
6832.0336792667
8841.7898407981
13479.122602065
13657.313335029
13772.753765166
13831.562948231
13752.172933906
13591.965849666
13398.621731447
13045.893782252
16913.307904968
12285.372514188
15688.021622093
11318.648100174
14425.467665314
13686.063077947
12993.17981708
12429.845728836
9132.639726725
9185.0410781875
6226.3476507945
6327.9290715825
6506.445459131
6672.3113053706
6907.4728893342
7116.0372807113
7316.4605103121
7354.6197733395
7554.4331556037
7689.6549418476
7838.0809165219
11967.437817924
4074.4828456391
12418.259456681
8382.2818129917
12731.260485561
8543.9077276626
12912.141561918
12942.577061397
12896.724258331
16964.008211486
12564.286941236
24481.875050151
19558.297896811
22481.701217419
17980.006574301
20823.227254324
13468.383924293
10003.045135747
9968.6052306054
6665.3137944117
6808.4334311052
6859.2859690047
3500.7780355215
7130.4799210856
3612.9113230291
3661.51343439
7477.5431237621
7581.0643446361
3861.3569555457
7811.3208022644
7914.85131857
8017.7785944124
8089.9496040317
8164.1209198087
8191.7829718324
12410.793565523
12396.998377351
12374.075206059
16394.751681463
20232.676093618
27540.057401242
37295.432716512
17813.870386943
14020.30872876
13860.62452989
10359.562419776
10392.117760343
6958.0514472493
7003.515737018
3519.9138053827
13890.958116761
9358.1880031497
14228.443859417
14372.468053515
14395.140532882
14321.483571437
9443.9500098692
13955.891853243
13650.684457612
17739.48622388
12752.966507611
16339.148394238
11843.645830636
15099.628390168
14180.170743481
13455.259909448
9774.152364172
9592.8816923855
9629.8000427467
6472.3885491721
6651.3524815062
6810.7603725235
7030.2865731302
7198.3071931677
7390.3297155973
7568.924518754
7809.7456686976
7916.0560873324
8085.4044079295
8212.0509390494
8344.1720322938
8468.0118585663
8583.5166370612
8742.3181815796
8816.2464543012
13376.301571527
8968.8416747788
13479.010814512
13466.72615693
17761.334932419
17474.868166545
21119.174527465
20402.981692054
19614.083969592
22603.781772281
18082.949242725
14066.501762591
10400.281042238
10399.211191709
6998.5087861397
7067.6552871316
3586.8367730091
7276.0691418105
3701.6304197445
7556.7604421938
3839.3149179424
7760.7922246048
3959.5793660937
8026.2488114099
4071.761349253
8237.3073214054
8330.6860565875
8428.5104618452
8496.2372006653
8548.5457553111
12888.703150594
12878.172779351
8634.2843775291
17202.891702078
21161.101143751
20683.670832667
35604.146096297
26372.431007884
18320.589465514
10865.898039994
10836.843980477
10830.417902614
7224.6665207551
7312.0945390908
3673.9874229448
14488.145273904
9868.4740073797
14956.201862875
15067.34318256
10065.603313409
15004.037679335
14837.2531033
14563.927675853
14268.608442842
13885.432120814
13411.190812397
17170.061620676
12332.307071298
15711.087598548
11177.004639868
14137.855323665
10213.834565521
10058.714476964
10075.985345503
6795.7527777331
6916.0820926085
7114.8860069994
7395.8141848821
3723.2990656351
7688.6140289823
7828.0229397369
8142.5599921904
8265.0113240241
8418.4382555863
8605.666983758
8760.915487521
8939.3896154472
9041.6364233099
9136.7137404124
9246.4740947785
9316.6385212092
14093.891073635
14105.005213947
9385.72115934
14064.247477183
18528.189019019
22488.018409521
21552.145057581
20678.710084519
23762.676443634
15262.798851177
14945.572427123
10995.175935557
14598.810656361
7313.8419070757
3657.5634518572
7486.2412557405
3792.4955833454
7717.3325881311
3945.2236567381
8028.3582725206
4093.2055454462
8268.7101630253
4196.811156083
8526.2434641876
4324.6923918964
8714.5132105808
4405.9553549108
13376.698989726
8923.0052578599
9007.6633081983
13536.594347968
13510.465639234
13493.624750827
17815.836582463
17494.692669374
41879.747705363
23834.184770438
19329.667559439
11439.685723614
11383.280521499
11373.317391069
7611.702432824
7608.2550635328
7680.0077510489
15235.010657155
10342.743695394
15734.646641445
10555.356066619
15868.382406104
15802.880927476
10401.776803855
15421.175261942
15085.536904383
14563.600183455
14141.424107318
13699.300467107
13114.454757996
16642.023742304
11843.93072154
15054.641080272
10778.193222747
10544.448629789
7041.9314830139
7116.1307760721
7257.6573784901
7468.9800173923
7688.6080637249
7955.1084376171
4039.6260371989
8248.3012014207
8503.7338805359
8670.2818488895
8870.4825500672
9026.9284061616
9181.586613165
4655.0281594029
9402.5657337407
9553.3015867674
9687.4297928255
9797.0720301082
14839.966608737
9917.7546436425
14853.418478894
14752.032013115
19379.711221886
18848.562596272
22799.306938011
21878.602510709
16877.065325148
20333.458756127
19585.981189507
11507.458935717
7637.3252804127
7713.0227314165
7753.4863049914
7865.3220820448
3996.5446726588
8183.0623514914
4152.3044089936
4195.8377958613
8548.6503791974
4327.1097877297
4376.5106343649
8884.1834938635
9040.0398472199
9140.0941088661
4610.9096728447
9326.6235097196
9424.2297601241
9492.2719399413
9504.1225805826
14312.856796201
14201.752463539
18783.241873448
23017.692862454
31095.212009413
25497.333755031
24591.455015386
15987.850327841
11918.510400701
7941.1230506468
7981.103103768
8008.6846710677
8092.3693457646
10601.682400399
16356.921696945
11055.78710514
16671.853210228
11159.141404409
16749.046370645
11003.312149818
16127.735404616
15752.184887299
10297.072576602
14988.954514891
14524.67990768
13954.692181911
17648.158749207
12492.582582988
11896.319001635
15169.159697809
7385.9622681019
11153.821617068
7585.3121007173
3845.9240040472
7847.8271356548
8093.8475391734
8357.1628439351
4248.9781061633
8693.2745378873
8878.6246357496
9145.6572297483
4650.0303409657
9461.1183290621
9626.0776184887
9837.2206565807
4980.2649087397
10083.464480408
10236.53767283
10344.544917509
15618.023833151
10398.141628212
15573.752721966
15477.986703869
15345.530005556
15027.147566257
19575.783337267
28164.264745347
22239.015090732
17108.35217678
16638.213405685
12285.455123983
12163.066395968
8100.0150144335
8144.1701733743
8270.5856509638
4183.0309281857
4250.0531495207
8685.6784099338
4415.6311365499
4468.7745153109
9106.4239105756
4658.0761992697
4721.3046260817
9525.524879317
4819.7924331817
9691.3124664842
9809.4573927378
9875.6957948106
9971.6571773201
9953.9327980181
14946.063805889
9992.997785467
14858.240418566
14766.617676454
38324.636869365
31556.56103508
17377.098640652
17111.024241577
16867.710258145
8382.755213235
12582.590431819
4214.5377142618
8454.9592550083
16892.977690541
11539.192023964
11653.081892266
17602.068809541
11713.035478844
11656.764573875
17328.722720715
11439.677015966
16734.302528248
16220.155298332
10451.500188123
15213.416455267
14601.818766253
13894.444859291
13261.647876619
16812.33028162
12010.942966567
7914.7831794165
11801.751329729
3942.1694351326
8103.3275030773
8287.4826408515
4310.9976820433
8749.4570474748
8948.991758794
4604.1123224906
9350.0336734545
9620.5852870212
4892.8277654833
9948.3718570544
10187.188059394
10360.681937302
5245.499517746
10642.781597961
10783.675521489
10868.932762534
10932.445918516
10944.924564559
16526.150070884
10938.903647095
16255.986922632
21227.314950327
20493.554084259
19794.59038388
23832.165439831
22775.286574979
13202.456336008
17220.634673579
12761.888313891
4255.5301787612
8604.3241841216
8696.5634246191
4441.6335627858
4562.194690437
9135.0979808006
4642.5536507471
4674.0212581435
4752.9538990051
9741.2018842171
4927.2279685878
4982.6524900273
10107.292299777
5109.1664566142
10293.842640757
10394.819447943
10510.154230634
5294.8972627239
15892.173702482
15820.775913984
15583.256743063
15522.450403286
30223.468196368
29023.898409309
27807.20176819
18002.343632398
13295.230842973
13239.815594371
8854.6910761043
4452.7973769429
8968.6879974235
0
0
0
0
37087.192980308
0
0
0
0
0
42964.538935954
0
0
0
0
0
50110.928778039
0
0
0
0
56811.893792292
0
0
0
62126.31685211
51874.676166334
119715.64440571
178377.92892241
0
0
58064.054306413
0
0
0
0
0
70701.774038563
0
0
0
0
0
0
0
0
0
0
0
0
0
0
0
0
0
0
0
161612.84083206
0
0
192915.27852735
783046.67740393
1174974.8949929
859987.94547123
1199832.8065201
715316.26394611
1921581.1465222
1538729.535537
2241507.9265274
2450838.4572641
2689833.5985913
1698112.7800949
2543986.2511676
1484192.4978105
2512380.0728591
2923261.2042739
1255340.8849596
740619.3736449
2461940.1919054
874177.51282278
12583.738391716
0
12972.624584078
0
13577.539662675
0
0
0
0
0
0
0
0
18121.789608832
18470.740386475
0
19149.443548345
19500.219440997
19863.132898521
20258.580247162
20648.671781578
21022.189852373
21429.036981675
0
44117.130960427
45408.670840051
21382.176582259
64910.854379363
70139.685084233
0
0
0
0
0
0
0
0
0
0
0
0
0
0
0
0
36293.664138817
0
0
0
0
0
0
0
50879.874163257
52208.807714388
59512.14267251
63764.093029227
0
75340.992505335
179599.65614413
59719.989902896
251461.84116659
168651.73210759
261189.74592272
182180.98610561
286728.3073496
0
462539.39415652
1216510.9271211
876045.42705694
673528.84887277
883555.67195759
1185276.1592352
539030.43930857
987355.56485631
711625.87001967
752756.76638789
464171.49346993
1454785.9350497
712472.00866027
9991.3579578544
10174.344460308
10359.537555004
20854.677419435
10618.974387791
10836.213184849
11022.112590909
11215.732792264
11373.404702046
23041.149426628
11753.326996294
11905.446170959
12084.472062208
12373.674765295
12592.799452552
25655.591628516
13048.780529793
13302.807118327
13554.364120659
27631.651114553
14074.915641147
14353.408708862
29334.705200616
14963.881768822
27771.701172028
28422.861925245
44818.40152318
43042.858021343
45841.786896578
16997.209263225
0
0
15197.638639765
0
17536.026243682
16608.475439603
17299.462374787
0
38052.185646657
0
0
0
0
0
0
24435.084589591
25959.461783185
0
27886.662968616
0
0
0
0
0
0
0
45444.766166174
0
0
33657.635223618
85851.762580013
99844.032681492
115920.36514795
215569.70517629
232645.4352767
202338.46792962
419835.82280473
65059.093260975
682556.02907302
621267.77125315
452304.71600977
498816.63390433
107874.07751674
734606.64541469
420151.61855981
543959.48786495
1310923.8752413
1230504.1719733
932001.01753424
234953.22320584
6567.8403487903
13466.690216405
0
7093.1029708145
7217.1569517436
7436.3146785259
7638.1951615485
0
7973.8328944124
8259.2069960126
8457.8972486843
8584.1680603929
0
9083.142627271
9338.4751830007
0
9833.2557332978
0
0
0
0
0
0
0
0
0
0
0
0
13428.024773254
13716.431195035
14052.451099614
14393.31844659
29547.491658331
15050.023662567
15429.568043563
32022.369567897
16423.944829966
16876.100607779
17380.25419696
17787.754967416
36685.717145158
19103.168372838
19327.945260734
20221.004596246
21444.820709161
22191.569889162
21766.645005824
69119.82543405
66543.432104963
0
25871.551498253
53712.553874672
58617.871255754
0
31000.304064621
0
61801.784576479
38570.2453967
41484.995669248
41925.240005431
31162.15958069
45156.793078045
78323.021585969
243056.30136244
249267.37838518
423088.21982418
211757.14806306
124750.00242822
370568.23727304
363478.04992811
381003.62199208
441999.86893232
347482.04032053
210583.98629146
1034770.928453
685790.82189266
0
309564.3802067
753750.60185161
0
5801.6717542043
6003.8480609041
6107.72291722
6277.90170868
6471.281899021
6591.2373269516
6786.0279773006
6947.9637632923
0
7275.1472307302
7464.0760163298
0
0
0
8318.2903208034
8497.9795078746
0
8930.1447922452
9194.3635033724
9394.5354681911
9630.2474874922
9919.1276841984
20232.475228038
10395.907232379
21068.534591416
21494.909152216
108541.93550926
153551.24057844
40230.963491655
9671.1160443914
0
21878.73589369
10973.125433508
10877.465936682
10720.932713935
0
0
12125.997830913
0
0
0
0
16263.711064392
0
17375.135404629
0
0
0
0
0
43445.743307225
23049.185687113
0
50900.816114644
0
55701.071322285
32657.874849361
76203.680490616
60887.80210234
67992.840588822
34886.819439477
36254.53534308
0
151933.84421833
210293.13432923
249808.87633613
191275.95636597
163137.25482513
319972.26434781
453798.14026387
65191.632098565
492497.21594498
385543.95145796
103389.31699703
473088.20398551
468538.75147696
755832.46287623
759177.84467014
631857.73688458
10354.321152543
0
5412.7338385921
5552.2011952773
5711.8091407736
11714.424183397
6017.7672459972
6169.079718457
6306.9825624961
0
0
6822.7116770601
0
7136.9677726347
14746.612650829
7565.9073270858
0
15894.416451331
8159.0866083931
8357.3602105324
17102.035513768
8774.139393683
8999.4483016552
18376.457404094
9405.88928453
19195.236704887
29458.206369301
34250.313085176
9319.2141375742
0
0
0
0
9395.7511504137
0
0
10556.10746297
0
0
0
12056.196481879
0
27060.693832445
28140.348408167
15232.527414924
30211.25964348
0
17721.848008663
0
0
17200.63296834
15968.659165919
0
0
23429.450747884
23264.051541108
44887.450947469
57857.941315056
0
34719.708648562
20011.592114529
23490.901858961
35498.643701762
20667.055311141
0
0
0
42860.261313106
406201.39384247
68672.590069878
53304.474328268
491848.84618041
316038.15006399
315019.63601311
180246.56768039
297564.75109449
775216.52535877
231723.9281192
626567.71570709
113267.85093218
4913.99033373
5018.6977904062
5119.4409095653
5256.9155673317
10774.357411851
0
5672.9169814241
0
0
6033.8445483309
6228.8429048258
6428.2866351325
6592.1984777319
6715.3120981479
6923.6855683073
7120.3779754266
7261.6795506722
7456.2513599856
15299.49462344
7850.6958380282
8013.5522268065
16410.325850662
8392.6789476507
0
0
0
0
72097.252855486
162466.03728072
24134.467590767
8119.8794209715
8176.7836516693
17624.910929014
9063.855343329
9418.6574729783
9381.1263193384
9642.8747406951
21201.163828579
0
0
11160.756759457
0
0
0
14063.077955289
14677.210001804
12880.859454084
0
15025.215842746
26700.272042236
21687.346747119
30423.780715214
34045.258584288
0
0
20620.601776819
0
0
32514.933420632
0
29664.800835417
0
0
0
0
0
34656.627544598
30476.637926333
0
56357.960755603
380671.77127953
62390.58082329
459040.16747241
85077.470624777
484125.34785571
0
97767.19935679
411270.0741563
118718.95500432
602797.11376614
4698.9595019881
4837.4123396047
4968.8212875849
5096.213565787
5186.5907832885
16005.002930417
5422.3943825158
5619.8215786583
5746.7977571885
5900.2008035531
6029.4815185902
6178.4401266983
12659.23757431
6531.2587434901
6683.5431203847
6881.16414522
7060.0985579826
7238.7814463771
7401.6229728646
0
0
0
8178.7381346939
8277.3832734914
17032.31684639
26148.131405941
26443.697547189
159508.21950295
129779.24309031
15566.420450257
16032.780726925
8038.1869378779
9220.1853993978
6112.9105122134
9560.1270545746
9772.3836517099
10382.63563424
9599.3648562537
9678.2725280621
11405.057043679
11025.402040029
0
11919.734262065
0
29101.125204551
13055.182041782
13513.607281988
9352.1342202986
12232.581550594
35403.973690516
0
17767.996654095
0
0
40737.71590124
0
0
0
77111.030132349
0
0
72486.489190866
37257.373930215
0
30798.803478416
0
0
37043.007561835
87560.061314228
92045.160669404
116784.21333502
0
179750.4141956
72404.776542356
480914.66060972
92488.470898014
194953.84776903
229292.92402981
370142.31817936
162936.7876463
4631.0738063842
0
4888.2373402798
9973.2136615631
5126.0600990674
0
0
5488.1465957758
11242.38107619
5748.5167109081
5941.8124291449
12174.373630578
6259.4755714314
6389.5353779509
6574.0583727921
6739.5851002685
0
0
0
14912.850401915
7653.2077420911
15671.269001995
8101.9276383662
16460.953997403
25235.362639758
8482.0341233524
34929.205486508
55048.633896592
24546.477348307
8928.1597422926
0
0
8222.933878008
24235.139814963
9073.699180758
35459.886781396
29920.316297709
9510.9187982865
32334.86863792
0
16201.235258338
17999.252171861
0
22286.155716871
9516.9326087421
0
29725.690653008
15719.900171311
0
39318.744964015
0
0
72600.93257435
66638.076442353
24427.528375524
12811.342619711
18419.110051838
24654.169215058
0
0
0
27349.422307187
0
0
30234.3341924
39607.984857164
0
37543.717581249
90872.674064712
77374.157689075
151617.87199224
173111.57241337
184756.51845888
137936.84248694
339940.09817883
170854.63011609
102072.59661024
541984.01976454
92083.686735028
505847.68402805
13830.602977491
4679.6274506512
9643.6029435318
0
5084.7618694211
5205.4225299715
5352.9319291611
0
11181.426010138
0
11794.305278612
6070.3405334875
6194.7811472493
6367.2002474572
0
0
6801.6300909051
14100.804222173
7209.1751619399
7441.8945044508
7567.0771113214
15584.192102003
15955.17648374
8238.343513917
8379.0240870232
41850.801032474
16664.680312794
38327.594867367
141291.71467931
93105.632016303
15948.543992797
24433.656018686
7930.1729975466
26886.18889838
36720.007041223
9397.5033769351
0
8767.3174374839
25365.674570988
21110.34412578
30571.860397183
11067.999938256
11348.905904231
25217.08232517
25188.910326878
0
42086.108817055
32277.293413879
21734.792925382
0
0
23411.282723445
0
14211.07742005
39473.182939555
0
40252.574128401
18453.930183663
24599.869775594
0
114167.21668168
29768.156444902
107979.74788838
0
0
0
78377.955261432
0
126947.42218722
0
0
99056.702218666
53618.909005828
66089.914866408
256603.58573817
156309.91169048
399557.84284092
348684.27626474
531524.29313745
214311.76575212
4638.5030118725
4743.0514293211
0
4971.7108204715
10195.329749949
10437.895587348
5347.8911865694
5475.0124002167
11234.281968897
5775.6725620217
5868.7364623414
0
0
0
6557.7032320929
13465.59923112
6903.5882990628
7047.8229389784
7285.292658448
14864.04477124
15253.786973118
7906.4465464751
0
15545.433762342
52371.688448364
88115.252307344
66722.416771017
106558.38455274
184393.14788284
131644.24161407
16607.495389631
16572.626811843
0
36127.319465854
9453.6988482861
28545.739710181
20527.465230784
9741.4027453685
42432.254748197
9322.8627119106
9481.7589412622
0
8268.4062237681
0
0
15820.671658538
0
11634.36704115
13834.821678141
18446.820642101
31792.542996198
16986.77917904
20171.680446388
15517.296755786
21662.390242672
15933.791701016
0
0
0
46085.764711404
27325.057789746
54599.318549546
0
29914.01548708
110753.34286971
16575.777577393
0
94040.468318887
141306.75153108
0
143443.7397277
51483.414740552
110797.30877898
141845.13452797
53311.971908221
225245.60894642
0
388154.9482589
0
339862.08311082
4740.4975125124
9635.6422636795
4916.1608372769
5025.7207169388
0
0
10923.197269216
5539.3883516819
5743.1212129951
5853.6437191157
6018.144336135
6152.8498471599
6353.9788345392
6513.0055337622
6651.542671646
6815.6834487044
13973.47688363
7191.1242228173
7369.7078474496
0
0
8213.394514307
41782.464112124
33633.828274801
67408.483405732
128963.78582813
99917.902732583
68385.554451113
34361.028757078
24384.841978305
8240.0389172151
8329.57816478
8650.7999055005
26375.617885716
9037.8015084678
9238.1028972238
20251.832809999
12978.914773297
9853.9527532975
20133.620800739
11721.211203515
10892.018324216
12814.781245247
12626.274310109
13258.728089338
29313.725210776
25280.658551526
8693.5331750605
0
51345.513191682
10143.29743399
14584.010903175
0
29818.912249868
0
0
21394.639422008
0
0
0
0
0
28229.710139627
16195.295710557
0
82398.224074458
81225.304559399
0
42970.014435549
107151.47282049
0
113952.050301
111811.3884437
118273.89945339
67326.245684327
76286.469260597
486743.59516306
117054.94139111
227791.6672787
130325.64810112
0
9821.228342542
15135.561377127
0
10589.305132336
5410.6019751771
0
5688.0422674869
5789.8306804655
5970.9639511863
6112.993112656
0
12924.918138937
6648.6281039464
13600.092487977
0
7166.1672829597
0
7885.412075554
31434.582401868
16092.910054607
32887.567278961
42771.631174557
8950.3806437695
26581.303088841
82371.947033647
74876.169940564
135834.42177521
179198.51615899
186943.24778369
17342.642551534
16843.187246098
26222.344537034
10137.390026054
0
0
0
10067.517046233
42317.18525999
11536.937042702
0
0
12105.65171559
0
23979.637845584
49712.234605622
16187.174701252
24554.388678473
0
0
0
0
18156.648491009
41869.804876522
26883.933823969
0
0
19847.90601122
0
110363.96520114
0
24757.626841035
60243.768919028
41070.796393526
34027.099336637
0
33596.423662877
40982.345283836
32226.02166871
0
53446.082814891
0
118277.72659237
42314.135333626
368140.50557247
232863.82128862
366305.50518839
0
256691.70343987
264366.19496553
9906.9635094909
5082.5631325134
0
0
16260.800103136
0
5666.5451598417
5822.2030410145
0
6155.2628881936
6318.3597734679
6492.3958227557
6643.7250126461
6793.9697366286
6970.8311239738
0
14900.800163825
23128.78278525
15481.533736683
16032.474025234
25102.204376419
0
8857.7345254051
35393.998656663
52905.992270432
109007.95872881
80941.080145157
155112.75733404
113797.09540563
36385.44029838
17579.17681461
0
8539.3268245544
30241.867925424
18500.861390097
9661.3298415978
30578.877959705
0
10887.63577406
11324.483186423
0
0
33240.046880195
29001.674345506
0
13477.169444587
0
0
0
20312.23971117
37853.450698769
24270.956818471
23331.773672383
22809.364758754
0
0
25775.163292063
0
0
0
0
0
0
0
0
76077.475058291
39256.732651215
0
0
0
0
47334.551609555
189226.94072914
138427.51707009
0
206257.34894466
406254.19595002
307710.17922424
213521.30391299
332888.38618481
10215.182920248
5229.7673497897
10698.84808344
5478.8549596125
5589.6603323476
5763.180368726
5893.7904312201
12135.629152859
6200.1871657751
6333.5589949743
0
6705.2389095769
0
14081.828354771
0
7662.0694854723
15163.406171238
23916.315826918
24333.656862254
16774.373837544
17416.01454994
26021.537206017
44840.680980324
36542.61350813
28117.665872507
42650.167545374
110190.48547307
114408.69269626
151742.11371216
199825.17998345
45222.197208666
26590.219707565
31761.31284526
5248.7628788325
20493.861817329
0
18871.455200629
26255.991200648
9744.660036171
0
0
11011.746418406
6597.415980558
30377.075511583
22636.123124653
0
7102.8766657111
18715.918367273
0
0
31274.01888922
0
86173.61465414
0
0
22298.062953102
0
19025.274109109
0
20913.693241705
53978.950297683
0
116003.39142847
0
0
55181.107386458
42786.356013967
55116.853177243
0
0
0
0
175026.38560066
0
0
0
87172.606822675
326121.2700817
529204.84344481
94294.725502403
10651.067709626
5464.1659909037
0
5670.6920884849
5820.9886342332
5947.363168874
12227.91906851
6274.2833492882
6428.1257185663
6614.839088858
6716.6358240918
6946.1333702049
14574.772556729
0
15135.127509897
7871.3378883021
15862.996124528
16028.093620479
17039.220434856
8435.2478178294
26332.895114097
27146.30057669
18654.347457145
0
19229.778842988
67805.358299901
45644.505453038
61587.869453211
189380.2401482
128146.49083018
36538.76538192
9011.3744182592
19018.766240213
39003.987979496
15296.711293491
22347.019137195
21744.612049967
0
14109.621675344
22783.942042309
0
40116.662061188
0
38006.683828904
12682.622290118
0
0
0
16770.769351834
17335.344286591
19696.021691861
0
20158.912144398
17781.183561769
27606.244261314
0
0
26413.653073578
0
56438.677015696
61648.567636308
54731.409269042
40525.543400079
81389.83048257
39011.422406284
0
0
197213.27256465
0
50389.532887162
122133.74508672
47746.164050045
0
119387.71810823
137883.29516664
0
0
310133.0062749
264138.6287713
250157.96412851
5535.8930878448
5688.6226159884
5829.1090592668
5951.4178893974
6094.7168338368
6204.1884595745
6371.3653044921
6709.9765922985
6633.0519319464
6991.5022759775
15768.300355283
11884.319476606
22678.76206805
15165.649883581
15792.219862819
16218.926802967
8589.2728698697
0
50885.477929582
35610.887807645
0
9527.7420362506
19321.903431629
39307.170462736
19800.437850088
30511.085326539
102906.12314382
81608.166036156
62369.338286581
232674.44437771
81288.076980454
9707.4431387523
19568.57019468
20805.801248306
0
10777.699620744
20333.86507294
0
22417.555668193
9622.2931739877
19552.471483739
27648.890250689
17094.00843257
14105.909440148
0
30420.970078101
0
0
17601.255789186
0
22448.398051477
19546.440067948
40325.040160923
45866.334814893
0
0
28806.355242156
0
0
50655.929454748
79086.795707206
79216.690447954
0
33780.530749323
0
26280.508532205
0
0
110139.48706861
45683.284702216
55970.250730154
0
0
209203.56012779
238032.60274882
83787.784497572
0
0
264152.9680134
103347.90196846
5847.8062083702
5988.7400409631
12153.73910492
6229.8537008373
6377.9651635592
6621.6619468392
6781.6904261246
13874.031426188
17160.77780275
7153.7961989676
22255.399237343
7715.6029849497
7597.6463345409
0
25608.371869143
0
25957.714937886
26205.347349449
9118.5747534545
0
28561.302332895
29449.644899816
10013.321805827
20652.807355893
31751.118576514
31876.630077612
42659.321211974
72328.02543396
177176.95666635
175295.54763824
69148.750620533
0
28521.074839132
0
28569.883926537
17631.478087297
0
10942.536179493
13343.337580231
12461.95758573
0
0
0
0
41502.707129731
10208.053607043
16003.510070085
19139.730170619
18152.053654824
0
19397.024764612
0
26694.695604756
0
0
0
53779.294832639
0
0
67681.865670883
0
0
135856.39186029
49578.723887241
0
0
0
47738.923862863
0
49388.648395267
0
191693.44186123
55345.301905075
0
316117.93086332
394783.40775632
292984.27488934
124546.62942512
155812.45904496
445372.71479772
6094.3855050772
6267.5536496559
0
13187.982198823
13508.449758498
13870.367692652
6978.734297642
14599.256047404
7378.8755145459
15365.838839642
15729.932811816
13087.832410998
18785.706515354
17051.882411299
8338.1532255066
17763.16501853
0
0
18841.1818059
19527.622756684
19624.888257283
0
31532.496727548
10598.775954901
21902.235181916
44426.53745741
11070.599208605
49683.788375588
90383.998554293
134903.77072636
118673.18003103
31456.6483829
21228.801429733
0
8423.5983493737
0
35471.411112294
34424.781973979
13906.397761897
14258.824762816
0
13763.492520139
0
0
27005.166526993
17400.163750981
0
0
0
0
20240.326375819
0
0
29931.31050497
25737.586219746
39551.855675175
18111.72013686
30477.017377288
32480.65853873
27990.919555272
22870.499895682
0
0
0
39421.359040584
83186.663233066
0
53295.20573368
0
0
69452.620863121
76638.780414756
0
0
85203.330896121
348342.47678852
0
239467.75158876
116843.79823801
148855.1372402
6455.9264565612
6595.340887132
20141.268068097
6901.6167928117
6997.4702773028
7230.4073935654
14660.071119774
18709.35344203
7790.9083246295
8194.4171730215
8066.9473269073
0
21735.199843488
17395.443641642
31270.90168455
12558.17289443
19285.614142056
19420.783094149
10362.995583015
19838.799626941
10429.386156259
32368.282788512
22021.500426344
11295.736907305
34444.832135257
11675.064836472
46622.071969162
23085.747382105
142662.30375174
172592.5006696
142221.7256875
34814.296503055
40818.972351646
23383.286556695
0
23836.927140908
8421.3734663285
8727.9290093458
0
15875.781203688
10614.362057698
30300.051781095
13955.740437545
0
34291.128953339
0
0
0
39958.952296804
0
23496.40057473
45704.799729259
0
24612.836505292
0
0
0
0
28807.296081516
72097.509778554
0
0
0
31961.102925538
44032.234796654
0
38768.315129475
0
0
0
0
0
0
114358.60175108
246222.89196045
0
0
0
0
340558.59513325
1174142.9883279
1206587.6700342
0
0
1981001.8823195
1394559.627334
1644994.9667358
3236961.196724
0
0
4286359.7910429
0
1905662.3700994
0
2126174.5031014
2670168.6703345
0
0
0
0
0
486241.28539871
1712666.7833585
693177.92142614
1907747.4785402
0
2080248.5359152
2485938.6169686
0
0
0
0
0
628714.90961849
0
0
0
0
0
0
309681.84367511
0
690364.08289962
0
0
0
0
480819.39869993
0
0
0
659176.01274175
560678.44701914
1231243.2025711
0
1451538.0209653
0
0
0
0
978415.88994331
682164.23744217
0
1060186.7750372
0
747369.3954733
995043.06266198
392822.22560466
307046.26165232
1289576.0010266
1051615.6768061
0
0
603981.91072427
0
0
0
0
0
0
280570.73011381
225260.16185707
467948.81199288
919198.62304428
0
1000481.988422
325566.69144818
0
345958.81743883
0
0
1180384.5794805
392096.83042218
0
0
0
0
0
0
338450.82305132
179565.34583599
0
217553.77149413
771826.17804561
490103.44674616
322354.50741938
239799.7192804
321157.1812262
285792.52172242
719714.68421093
699105.5656371
391084.27016055
288056.70053069
706279.72417373
0
522846.05425514
0
0
0
0
369245.2559411
463798.66979493
644653.41661485
509221.45813948
254579.59418412
0
298263.5267883
274432.91776033
734908.83569449
256476.48980711
0
0
430270.99885132
0
453241.80401814
0
0
0
0
0
0
164037.34062698
468368.44380373
0
496645.25250205
535148.47596789
171283.86127269
533285.76129041
423979.18044517
441934.824009
0
482657.90917953
0
403585.48283667
366086.30053625
0
0
315152.77532869
0
508365.67494526
0
0
254104.81804406
649705.19605611
450155.48891214
289299.81822019
692123.47697802
795244.03531645
382119.99826333
342790.98245156
555611.24293995
340602.28128742
581133.0069553
505102.35701624
0
0
509457.37951291
907592.88969911
0
0
0
0
0
228109.25599236
809240.50869941
339076.16348412
351520.17204335
0
246418.2370103
245736.93066021
1503978.965565
315585.18901827
277632.3273669
368712.68301951
0
0
444320.44654143
0
0
0
1017317.8512237
140143.88742238
160259.3988876
367283.46815018
215392.7969738
818017.25423702
0
250052.22606959
609667.72574758
522751.1580861
849959.76563562
0
0
0
1271342.216315
412988.05011875
307337.34562244
0
0
0
449133.86820109
205053.82985809
375648.99679423
176568.73657764
372602.34567677
683688.98175757
919857.7958161
311480.26459202
598556.19803708
0
0
0
381922.72983618
0
0
0
0
0
0
0
216557.28025124
248956.64629791
0
223496.39612072
316550.88238358
228293.18685291
584213.47447178
348268.40928959
542386.40003753
1231363.1169254
816992.90036608
315606.3572088
0
725615.01945605
0
0
0
0
0
0
174360.65189524
193420.33235769
178599.39986189
210902.97423654
0
722729.75359166
538882.98581557
259840.21333936
361987.90015554
247031.23311754
283616.2317186
0
0
0
0
0
0
0
0
0
235470.90601333
0
368697.46014993
0
207637.49160982
977747.85006211
992953.59641047
378026.78310737
635817.45228743
0
0
414191.80568735
0
0
0
417049.60995281
0
0
578739.596807
0
211372.61299458
416759.72790213
740190.15471646
0
485292.48663567
269452.97467403
0
0
0
0
0
365052.45811481
0
0
0
0
0
0
0
0
307401.22822217
0
221650.82384268
0
0
0
0
0
0
0
353065.84081279
0
381846.86928911
0
0
0
0
0
0
0
524146.42024999
211720.39959125
277424.37564294
245350.69163774
0
0
0
321823.84676583
0
0
0
0
0
0
0
0
0
0
0
0
210107.96876625
224773.69871289
280500.23415017
280368.19203895
0
0
0
0
0
0
0
0
0
0
0
0
0
0
0
0
312604.47537924
0
0
0
0
0
0
0
0
0
0
0
0
0
0
0
0
0
0
0
959373.21373111
0
0
2592649.6901025
0
0
0
1804240.7595606
1054920.2467512
0
1050264.2817256
1235079.9608142
6273548.3872505
0
3253886.0800512
1251810.824316
1212517.6185024
1505852.6449736
3359697.3423441
1896378.2950128
0
0
0
0
0
0
1573749.9218977
0
3518290.1104095
0
2420846.8063739
5398913.7250621
2589161.3375211
0
1949146.3832067
0
4339443.0213502
1299369.847456
0
2043642.5731336
5016618.0861863
1869112.3829283
0
4596545.5221901
2390894.6003703
0
0
3208444.6746286
1836881.4575382
0
0
0
5546436.6082758
2157208.826321
1895639.5585339
3942005.8273876
0
3455201.5509459
1657273.8853045
0
2323572.6217601
0
0
0
2252938.1993939
4506935.7703877
5275257.6969452
0
0
0
0
1461782.4092758
2080664.5188593
0
2300291.3804794
0
0
1972217.7094105
0
1996246.6948436
0
0
0
1527845.5896937
0
0
0
0
0
0
0
1790214.3813213
1827289.3328473
1956524.3182914
0
0
0
0
0
3428687.5929274
0
0
1973529.8842302
3571771.2679655
0
3416494.1620083
0
0
0
0
1688735.599658
0
0
0
2081177.0856127
0
0
0
0
0
0
1991986.8268731
1403630.2002685
1667557.6257077
2175579.7306352
1556008.1190756
0
0
0
0
0
1728682.9964407
0
0
0
0
0
0
0
0
1642144.6872258
0
0
0
0
0
0
854966.49647194
972762.38733048
0
2610903.5508957
0
1365740.3608767
0
0
0
0
0
0
0
1866781.781227
0
0
0
0
1004438.1363766
0
1093743.0829945
0
1635862.8988186
0
0
2551176.7577603
2118297.6319862
0
1156944.4128
0
0
0
0
0
0
0
0
0
0
0
0
1235596.0281567
0
913633.36488174
0
0
0
0
1336174.6328379
1309035.9224805
0
0
0
0
0
355276.62488414
428947.55818352
0
382998.58969258
0
0
0
0
1875620.0995807
1442301.7271333
688761.45254622
508555.77521194
1086276.5999299
504811.33785801
0
1800422.0911169
1598412.5284606
561443.91274558
0
766445.18850436
0
0
0
0
0
0
842740.85514755
0
0
2595421.5440453
0
0
663152.96183427
0
0
0
806187.52368217
963456.88877764
735270.36167167
1616031.5720263
0
0
422289.10852006
630573.91408419
1109610.7687444
884639.08146475
1915579.312027
978548.32086561
658376.77062336
0
659458.14892899
0
722145.93330206
1527907.1813919
0
0
0
0
1485978.1023924
565107.89011569
704283.54102121
0
0
911397.62154267
0
701731.87451013
0
0
972367.64153403
0
0
0
530173.06928289
613651.87121034
0
0
0
675616.57216149
598785.61445981
651213.66440915
743578.35973319
0
0
1515723.6470892
0
2001423.2034476
750456.44365164
0
1363757.0972395
669466.45153337
0
0
0
725400.66499217
0
0
1321939.2104054
0
0
599579.62074288
0
0
0
1593787.168046
1552870.5207226
0
0
0
538996.85038721
477771.61693177
0
0
1610179.8418954
0
0
0
512644.19643888
0
0
0
0
0
0
0
0
660774.52679115
0
574787.88617061
0
0
0
1149740.3699462
0
0
772399.55523141
0
563102.9919215
0
0
0
0
0
994408.52185511
0
0
0
0
0
0
0
483143.06676502
0
0
0
0
0
0
0
0
0
0
0
890488.13517251
0
448752.03336075
463501.29703975
0
0
0
350418.46919033
0
0
0
0
528414.00941161
391977.60098929
0
0
0
0
0
0
0
310365.30500665
0
0
0
384068.48306226
0
0
0
0
0
772940.96102596
0
0
0
0
0
366626.18026769
451170.57379852
0
0
706272.05131919
0
657959.21542883
0
1086285.9606405
963934.99094712
332548.94446981
271706.35340152
0
1224561.6553973
0
477862.74282614
318271.60735543
870139.92313385
1023122.914953
370906.11536638
0
389975.07481694
0
0
0
0
0
0
472352.8922921
588267.09742238
420187.82865425
0
0
0
516120.40556583
549046.06098999
445088.79362032
1732934.046877
0
0
450425.89643549
443163.87174155
504784.75138517
0
0
984316.93229651
1542239.5619782
0
0
0
0
0
0
0
0
389913.64041978
910886.57935689
0
0
402275.68506358
0
923195.11234202
440446.49714561
2020352.4474816
445726.49718259
1835674.9515023
489363.56806174
513875.16357399
836750.37189284
0
0
0
1255699.3883127
0
866584.75521409
477696.71527535
462420.50601201
1556961.4357868
393593.4261739
0
546838.93376259
1663550.6927688
470858.8591583
458709.06484609
0
0
421547.75999644
0
0
448723.8851905
0
0
467499.14468082
463325.09742549
1296062.9430337
0
0
0
513755.54305599
0
0
477845.25972201
0
0
470270.40324262
0
532100.48842616
0
544283.32796583
377841.48000549
0
0
0
0
0
0
0
0
0
0
389485.23438889
0
422008.0821742
0
0
0
482928.60506105
338441.37766528
0
0
0
0
304308.60038797
0
0
238041.63371205
474435.26648949
0
254866.72350165
0
0
0
329822.10139756
0
0
0
268607.15887736
360814.15552956
272869.99554794
0
0
0
0
0
0
0
0
0
0
291469.37499613
0
0
0
0
314993.81388582
0
0
0
0
0
0
0
0
0
0
330545.8629733
0
0
0
239313.33805456
232566.64831282
0
0
222804.91142791
229804.80670912
0
237960.62397323
0
0
0
0
0
0
218907.90669157
525061.61112892
0
224651.8694066
0
0
119911.04491824
436445.64278216
165572.21498493
362962.27881888
413683.23741252
0
240908.94477166
464876.17829074
0
472156.60813201
300901.52113474
301909.03014453
0
278995.60954298
710476.64479732
350696.74037614
0
375985.48716806
279517.3126555
650312.32037133
659383.29174837
0
0
0
0
0
339168.38691022
0
0
0
0
388191.69120048
0
0
0
0
0
0
0
0
0
0
0
0
0
0
1278433.3954129
385707.31142378
0
0
0
415623.0738777
0
400796.39521277
0
376635.86395348
369997.16798596
361832.75402453
0
0
1054388.8804777
341119.84782202
0
0
404248.60981681
0
375755.49600798
655716.91480481
0
941337.65635359
0
313009.44626906
812387.2105821
705169.15744458
1614834.3924623
661493.72959015
0
0
533866.30448282
0
379810.46847467
0
324762.46242159
0
0
690227.37311491
0
361569.52943711
0
0
0
0
363308.34614536
369016.18918419
0
0
0
0
424297.21712242
0
0
0
0
0
0
0
0
0
0
0
0
326765.55977187
0
0
0
0
0
0
0
0
0
0
0
645337.13265674
309541.17892277
0
0
0
0
0
0
0
0
0
0
0
0
0
0
0
0
215441.74180101
195496.91992249
192909.85003199
0
0
0
0
0
0
0
0
0
0
0
0
0
0
0
175685.62973459
0
0
404183.40739152
0
0
0
0
0
0
177221.52394838
166537.97501853
197303.09122201
0
0
0
0
0
0
198345.89335926
0
0
0
197917.83460209
0
0
0
251845.98064802
213241.69076021
0
0
0
0
0
0
0
0
0
0
0
0
326915.23011168
279465.25609675
399989.85665489
331264.33792913
555545.67067382
169833.10675633
376004.99018085
220250.91220284
234119.64612126
453299.21514224
484852.57428032
529391.82301501
778529.49985563
0
324826.83457507
0
0
0
0
247807.01188859
304321.68210658
0
0
0
0
0
0
0
0
0
0
0
0
0
0
0
394381.31057383
0
0
677389.72833207
0
0
0
0
0
0
0
0
0
0
0
0
0
0
0
0
643377.72207463
0
0
0
0
271611.53540903
0
0
240167.63747456
570652.46141811
893520.48212415
386864.74093451
0
311985.74784394
835276.73509788
0
573699.5114452
0
0
0
549259.61885688
267635.46659557
0
0
0
0
0
0
297861.8932278
0
0
0
0
0
0
0
0
0
0
0
0
0
0
0
0
0
0
0
0
0
0
213783.4617763
0
0
0
221776.25793965
0
0
0
0
0
0
0
0
0
0
0
0
0
0
0
0
386886.02505272
0
0
0
0
0
0
0
0
0
0
0
0
0
0
0
0
0
0
0
180746.48059928
0
0
0
0
331332.57564265
0
0
0
137723.18910348
0
0
0
0
0
0
142015.97764355
0
0
0
0
0
0
0
0
0
0
0
0
0
221977.65161466
0
0
0
0
0
0
0
0
0
0
0
0
0
0
0
0
157822.38038071
0
0
0
0
722451.36936103
266498.25048609
382335.70210584
157680.65646446
173517.41874675
168113.42510612
0
335367.46435674
227423.02545866
0
204480.38741638
0
255170.45158547
0
250473.59139701
0
0
0
0
0
0
0
382552.53821861
0
288044.94471272
0
0
0
0
0
0
0
343928.16482256
0
0
0
0
0
337488.16494579
0
0
0
448781.74454493
182030.34504206
0
0
0
0
0
0
0
371860.42876267
0
0
0
0
300647.5963404
289739.20783542
0
0
0
302232.24105024
0
0
0
287752.05327467
253419.32327148
296977.70103003
0
281041.08669784
478310.98669835
240019.78017114
307915.93006875
0
0
0
0
0
278123.55403423
0
0
0
0
565393.43919437
0
272093.73896736
298072.5699659
0
0
0
0
0
0
0
0
0
343520.41430151
0
0
0
0
0
0
0
0
0
0
0
0
0
0
362705.45482649
0
0
0
0
0
0
0
0
0
0
0
0
0
0
0
0
0
0
0
0
0
0
0
0
0
0
0
0
0
0
0
0
0
0
0
0
0
0
0
0
0
0
0
0
0
0
0
0
0
0
0
0
0
0
0
0
0
0
167372.20240668
0
0
0
0
0
0
0
0
0
0
0
0
0
0
0
0
0
0
0
0
0
0
0
0
0
0
163542.70092169
0
0
172404.20298904
0
385572.91620997
0
307584.44081063
191999.07358837
227486.58284349
0
345387.13063409
0
0
0
0
0
0
0
343186.05414935
0
0
527675.77173545
0
360312.18854654
0
0
0
0
0
0
0
0
0
0
0
0
0
0
242499.56702644
0
0
178524.24772413
0
0
0
0
407016.4784717
213619.87522973
0
0
0
0
0
452604.21282946
0
0
0
0
0
0
0
0
558953.1013994
0
0
266018.95714448
0
0
0
0
0
0
256782.53344931
0
0
0
0
0
0
0
0
0
0
0
0
0
0
0
0
0
0
0
0
0
0
0
420345.26280267
0
0
0
0
0
0
0
0
0
0
0
0
0
0
0
0
0
0
0
0
0
197149.29853701
0
0
0
0
0
0
0
0
0
0
0
0
0
0
0
0
0
0
0
0
0
0
0
155842.98980823
0
0
0
0
365464.5530029
0
0
0
0
0
0
0
0
0
0
0
0
0
0
0
0
0
0
160115.46976645
0
0
0
0
0
0
0
0
0
0
0
0
0
0
0
0
0
0
0
0
0
0
0
0
0
0
0
0
0
0
0
0
0
0
0
247972.83397792
257242.93708318
0
0
174257.88560606
0
0
210032.72737802
0
0
0
0
0
0
0
0
0
0
0
0
0
0
189931.41237671
286412.41068508
0
0
0
0
0
0
0
0
0
0
0
0
0
0
0
0
0
0
0
0
0
0
0
0
0
0
0
0
0
0
0
0
0
0
0
0
297828.17210067
0
0
0
0
0
0
248194.38740586
0
261931.160788
0
0
0
236634.20739276
0
0
0
0
0
0
0
0
0
0
0
0
0
0
0
0
0
0
0
0
0
0
0
0
0
0
0
0
0
0
0
0
0
0
0
0
0
0
0
0
0
0
0
0
0
0
0
0
0
0
0
0
0
0
0
0
0
0
0
0
0
0
0
0
0
0
0
0
0
0
0
0
0
0
0
0
0
0
0
0
0
0
0
0
0
0
0
0
0
0
0
0
0
0
154174.46204723
0
0
0
0
0
0
0
0
0
0
0
0
0
0
0
0
0
141894.05208711
0
0
0
0
0
0
0
0
0
0
0
0
0
81661.424330717
219831.6867054
129470.36150463
129838.2276058
202471.64072545
0
147590.87892028
0
0
154512.51107016
200919.28255513
0
0
0
0
0
0
0
0
0
0
0
0
0
0
0
0
0
0
0
0
0
0
0
0
0
0
0
0
0
0
0
0
0
0
0
209639.24272924
0
0
0
0
0
0
0
0
0
225527.04568558
0
0
0
0
0
0
0
0
0
0
0
0
0
0
0
0
0
0
0
0
0
0
0
0
0
0
0
0
0
0
0
0
0
0
0
0
0
0
0
0
0
0
0
0
0
0
0
0
0
0
0
0
0
0
0
0
0
0
0
0
0
0
0
0
0
0
0
0
0
0
0
0
0
0
0
0
0
286095.60989265
0
0
419814.54707345
0
0
0
0
0
0
0
0
0
127034.07822705
0
0
0
0
0
0
0
0
0
0
0
0
0
0
0
0
0
0
0
0
0
0
0
0
0
0
0
0
0
0
0
0
0
0
0
122864.66953515
0
0
0
153504.32898317
0
0
0
0
0
0
0
0
0
0
0
0
142423.87771885
143446.29459833
0
0
0
0
0
0
0
0
0
0
465273.43463236
0
0
0
0
0
0
0
0
0
0
0
0
0
0
0
0
0
0
0
0
0
0
0
0
0
0
0
0
0
0
0
0
0
0
0
0
0
0
0
0
0
0
0
0
0
0
0
0
0
0
0
0
0
0
0
0
0
0
0
0
0
0
236922.61484035
0
0
0
0
0
0
0
0
0
0
0
0
0
0
0
0
0
0
0
0
0
0
0
0
0
0
0
0
0
0
0
0
0
0
0
0
0
0
0
0
0
0
0
0
0
0
0
0
0
0
0
0
0
0
0
0
0
0
0
0
0
0
0
0
0
0
0
0
0
0
0
0
0
0
0
0
0
0
0
0
0
0
0
0
0
0
0
0
0
0
0
0
0
0
0
0
0
0
0
0
0
0
0
0
0
0
0
0
0
0
0
0
0
0
0
0
0
0
0
0
0
0
0
0
116438.61956487
0
0
0
0
251945.08986038
0
0
201264.71196357
0
0
0
0
0
0
0
0
0
0
0
0
0
0
0
0
0
0
0
0
0
0
0
0
0
0
0
0
0
0
0
0
0
0
0
0
0
0
0
0
0
0
0
0
0
0
0
210232.7164822
0
0
0
0
0
0
0
0
0
0
0
0
0
0
0
0
0
0
0
0
0
0
0
0
0
156184.00089811
0
0
0
0
0
0
0
0
0
0
0
0
0
0
0
0
0
0
0
0
0
0
0
0
0
0
0
0
0
0
0
0
0
0
0
0
0
0
0
0
0
0
0
0
0
0
0
0
0
0
0
0
0
0
0
0
0
0
0
0
0
0
0
0
0
0
0
0
0
0
0
0
0
0
0
0
0
0
0
0
0
0
0
0
0
0
0
0
0
0
0
0
0
0
0
150181.62623998
0
0
152902.48386776
0
0
0
0
0
0
0
0
0
0
0
0
0
0
0
0
0
0
0
0
0
0
0
0
0
0
0
0
0
0
0
0
0
0
0
0
0
0
0
0
0
0
0
0
0
0
0
0
0
0
0
0
0
0
0
0
0
0
0
241153.37143523
0
0
0
0
0
0
0
0
0
0
0
0
0
0
0
0
0
0
0
0
0
0
0
0
0
0
0
0
0
0
0
0
0
302693.6378973
0
0
0
0
0
0
0
0
0
0
0
0
0
0
0
0
0
0
0
0
0
0
0
0
0
0
0
0
0
0
0
0
0
0
0
0
0
0
0
0
0
0
0
0
0
0
0
0
0
156382.50058528
0
0
0
0
0
0
0
0
0
0
0
0
0
0
0
0
0
0
0
0
0
0
0
0
0
0
0
0
0
0
0
0
0
0
0
0
0
0
0
0
0
0
0
0
0
0
0
0
0
0
0
0
0
0
0
0
0
0
0
0
0
0
0
0
0
0
0
0
0
0
0
0
0
0
165646.09708878
0
0
0
0
0
0
0
0
0
0
0
0
0
0
0
0
0
0
0
0
0
0
0
0
0
0
0
0
0
0
0
0
0
0
0
0
0
0
0
0
0
0
0
0
0
0
0
0
0
0
0
0
0
0
0
0
0
0
0
0
0
0
0
0
0
0
0
0
0
0
0
0
0
0
0
0
0
0
0
0
0
0
0
0
0
0
0
0
0
0
0
0
0
0
0
0
0
0
0
0
0
0
0
0
0
0
0
0
0
0
0
0
0
0
0
0
0
0
0
0
0
0
0
0
0
0
0
0
0
0
0
0
0
0
0
0
0
0
0
0
0
0
0
0
0
0
0
0
0
0
0
0
0
0
0
0
0
0
0
0
0
0
0
0
0
0
0
0
0
0
0
0
0
0
0
0
0
0
0
0
0
0
0
0
0
0
0
0
0
0
0
0
0
0
0
0
0
0
0
0
0
0
0
0
0
0
0
0
0
0
0
0
0
0
0
0
0
0
0
0
0
0
0
0
0
0
0
0
0
0
0
0
0
0
0
0
0
0
0
0
0
0
0
0
0
0
0
0
0
0
0
0
0
0
0
0
0
0
0
0
0
0
0
0
0
0
0
0
0
0
0
0
0
0
0
0
0
0
0
0
0
0
0
0
0
0
0
0
0
0
0
0
0
0
0
0
0
0
0
0
0
0
0
0
0
0
0
0
0
0
0
0
0
0
0
0
0
0
0
0
0
0
0
0
0
0
0
0
0
0
0
0
0
0
0
0
0
0
0
0
0
0
0
0
0
0
0
0
0
0
0
0
0
0
0
0
0
0
0
0
0
0
0
0
0
0
185739.99803036
0
0
0
0
0
0
0
0
0
0
0
0
0
0
0
0
0
0
0
0
0
0
0
0
0
0
0
0
0
0
0
0
0
0
0
0
0
0
0
0
0
0
0
0
0
0
0
0
0
0
0
0
0
0
0
0
0
0
0
0
0
0
0
0
0
0
0
0
0
0
0
0
0
0
0
0
0
0
0
0
0
0
0
0
0
0
0
0
0
0
0
0
0
0
0
0
0
0
0
0
0
0
0
0
0
0
0
0
0
0
0
0
0
0
0
0
0
0
0
0
0
0
0
0
352225.96568064
0
0
0
0
0
0
0
0
0
0
0
0
0
0
0
0
0
162158.89828214
0
0
0
0
0
0
0
0
0
0
0
0
0
0
0
0
0
0
0
0
0
0
0
0
0
0
0
0
0
0
0
0
0
0
0
0
0
0
0
0
0
0
0
0
0
0
0
0
0
0
0
0
0
0
0
0
0
0
0
0
0
0
0
0
0
0
0
0
0
0
0
0
0
0
0
0
0
0
0
0
0
0
0
172325.03168895
0
0
0
256948.16118069
0
0
0
0
0
0
0
0
0
0
0
0
0
0
0
0
0
0
0
0
0
0
0
0
0
0
0
0
0
0
0
0
0
0
0
0
0
0
0
0
0
0
0
0
0
0
0
0
0
0
0
0
0
0
0
0
0
0
0
0
0
0
0
0
0
0
0
0
0
0
0
0
0
0
0
0
0
0
0
0
0
0
0
0
0
0
0
0
0
0
0
0
0
0
0
0
0
0
0
0
0
0
0
0
0
0
0
0
0
0
0
0
0
0
0
0
0
0
0
0
0
0
0
0
0
0
0
0
0
0
0
0
0
0
0
0
0
0
0
0
0
0
0
0
0
0
0
0
293605.59206943
0
0
0
0
0
0
0
0
0
0
0
0
0
0
0
0
0
0
0
0
0
0
0
0
0
0
0
0
0
0
0
0
0
0
0
0
0
0
0
0
135051.3573294
0
0
0
0
0
0
0
0
0
0
0
0
0
0
0
0
0
0
0
0
0
0
0
0
0
0
0
0
0
0
0
0
0
0
0
0
0
0
0
0
0
0
0
0
0
0
0
0
0
0
0
0
0
0
0
0
0
0
0
0
0
0
0
0
0
0
0
0
0
0
0
0
0
0
0
0
0
0
0
0
0
0
0
0
0
0
0
0
0
0
0
0
0
0
0
0
0
0
0
0
0
0
0
0
0
0
0
0
0
0
0
0
0
0
0
0
0
0
0
0
0
0
0
0
0
0
0
0
0
0
0
0
0
0
0
0
0
0
0
0
0
0
0
0
0
0
0
0
0
0
0
0
0
0
0
0
0
0
0
0
0
0
0
0
0
0
0
0
0
0
0
0
0
0
0
0
0
0
0
0
0
0
0
0
0
0
0
0
0
0
0
0
0
0
0
0
0
0
0
0
0
0
0
0
0
0
0
0
0
0
0
0
0
0
0
0
0
0
0
0
0
0
0
0
0
0
0
0
0
0
0
0
0
0
0
0
0
0
0
0
0
0
0
0
0
0
0
0
0
0
0
0
0
0
0
0
0
0
0
0
0
0
0
0
0
0
0
0
0
0
0
0
0
0
0
0
0
0
0
0
0
0
0
0
0
0
0
0
0
0
0
0
0
0
0
0
0
0
0
0
0
0
0
0
0
0
0
0
0
0
0
0
0
0
0
0
0
0
0
0
0
0
0
0
0
0
0
0
0
0
0
0
0
0
0
0
0
0
0
0
0
0
0
0
0
0
0
0
0
0
0
0
0
0
0
0
0
0
0
0
0
0
0
0
0
0
0
0
0
0
0
0
0
0
0
0
0
0
0
0
0
0
0
0
0
0
0
0
0
0
0
0
0
0
0
0
0
0
0
0
0
0
0
0
0
0
0
0
0
0
0
0
0
0
0
0
0
0
0
0
0
0
0
0
0
0
0
0
0
0
0
0
0
0
0
0
0
0
0
0
0
0
0
0
0
0
0
0
0
0
0
0
0
0
0
0
0
0
0
0
0
0
0
0
0
0
0
0
0
0
0
0
0
0
0
0
0
0
0
0
0
0
0
0
0
0
0
0
0
0
0
0
0
0
0
0
0
0
0
0
0
0
0
0
0
0
0
0
0
0
0
0
0
0
0
0
0
0
0
0
0
0
0
0
0
0
0
0
0
0
0
0
0
0
0
0
0
0
0
0
0
0
0
0
0
0
0
0
0
0
0
0
0
0
0
0
0
0
0
0
0
0
0
0
0
0
0
0
0
0
0
0
0
0
0
0
0
0
0
0
0
0
0
0
0
0
0
0
0
0
0
0
0
0
0
200570.19641405
0
0
0
0
0
0
0
0
0
0
0
0
0
0
0
0
0
0
0
0
0
0
0
0
0
0
0
0
0
0
0
0
0
0
0
0
0
0
0
0
0
0
0
0
0
0
0
0
0
0
0
0
0
0
0
0
0
0
0
0
0
0
0
0
0
0
0
0
0
0
0
0
0
0
0
0
0
0
0
0
0
0
0
0
0
0
0
0
0
0
0
0
0
0
0
0
0
0
0
0
0
0
0
0
0
0
0
0
0
0
0
0
0
0
0
0
0
0
0
0
0
0
0
0
0
0
0
0
0
0
0
0
0
0
0
0
0
0
0
0
0
0
0
0
0
0
0
0
0
0
0
0
0
0
0
0
0
0
0
0
0
0
0
0
0
0
0
0
0
0
0
0
0
0
0
0
0
0
0
0
0
0
0
0
0
0
0
0
0
0
0
0
0
0
0
0
0
0
0
0
0
0
0
0
0
0
0
0
0
0
0
0
0
0
0
)
;

boundaryField
{
    inlet
    {
        type            calculated;
        value           uniform 0;
    }
    outlet
    {
        type            calculated;
        value           uniform 0;
    }
    wall
    {
        type            calculated;
        value           uniform 0;
    }
    wedgeBack
    {
        type            wedge;
    }
    wedgeFront
    {
        type            wedge;
    }
    defaultFaces
    {
        type            empty;
    }
}


// ************************************************************************* //
