/*--------------------------------*- C++ -*----------------------------------*\
  =========                 |
  \\      /  F ield         | OpenFOAM: The Open Source CFD Toolbox
   \\    /   O peration     | Website:  https://openfoam.org
    \\  /    A nd           | Version:  10
     \\/     M anipulation  |
\*---------------------------------------------------------------------------*/
FoamFile
{
    format      ascii;
    class       volScalarField;
    location    "0.10999998";
    object      theta;
}
// * * * * * * * * * * * * * * * * * * * * * * * * * * * * * * * * * * * * * //

dimensions      [0 2 -2 0 0 0 0];

internalField   nonuniform List<scalar> 
7600
(
0
0
6.4339376432504e-12
0
0
0
0
0
0
3.2169688216252e-13
0
1.2867875286501e-12
0
0
9.6509064648756e-13
0
3.2169688216252e-13
0
0
8.685815818388e-12
0
0
9.6509064648756e-13
0
0
8.3641189362255e-12
0
0
9.6509064648755e-13
0
0
0
0
0
0
1.2867875286501e-12
0
4.5037563502753e-12
0
3.2169688216252e-13
0
0
9.6509064648756e-13
0
6.4339376432504e-12
1.2867875286501e-12
0
3.2169688216252e-13
0
0
0
9.6509064648756e-13
0
0
0
9.6509064648756e-13
0
0
0
9.6509064648756e-12
0
0
5.5936653870419e-09
0
0
6.4339376432504e-13
0
6.4339376432504e-13
0
0.25822869964817
1.3984549503863e-07
6.4339376432504e-13
3.2169688216252e-13
0
0
0
0
0
1.0294300229201e-11
0
9.6375298698113e-12
7.00911263259e-12
1.2265947107033e-11
2.1903476976844e-12
1.4894364344254e-11
0.00032247591767555
3.1403584432102e-07
1.7991251543691
3.0846140943042e-07
2.1903476976844e-12
2.0011853278865e-06
2.8251639751911
1.0203796079398e-06
8.062888909946e-09
0.13608207844716
2.4779403503903e-08
1.0513668948885e-11
0.00015009320756734
3.504556316295e-12
8.980425560506e-12
0
6.7900778628216e-12
0
2.1903476976844e-12
0
0.0015183239633907
0
0
1.3142086186106e-11
0.0021826256627979
1.6646642502401e-11
0
0.0011155990264265
0
0.0029021006931613
8.7613907907375e-12
1.3142086186106e-12
9.6375298698113e-12
8.8174636917982e-09
0.17141540734826
0.52381325362072
1.606370336614e-07
0.10628278702526
0.65913868539197
0.0013830417759044
6.5710430930531e-12
0
0
0
0
1.3142086186106e-12
6.5710430930531e-12
1.3142086186106e-12
0.00019909965444502
3.9426258558319e-12
4.3806953953687e-13
0
0
0
0
0
2.9688065677869
3.3801357992462
3.3321827756166
2.8306038634167
3.8189089158287
3.815801724333
0.00020919189786846
1.3142086186106e-12
1.3142086186106e-12
3.0664867767581e-12
2.497354234367e-05
7.8195412807333e-10
2.4969963753602e-11
5.8263248758404e-11
0.0074210161243299
0
0
0
0
3.2830338770643e-13
0.00012946368811812
0.00011709317707294
0.00013058185629801
0.00013015916699955
0.00013385008205077
0.00012468613481607
1.0003305732398e-07
5.8832415867722e-05
0.00012254560362259
0.00045641855324437
0.00016515969556341
9.8491016311928e-13
7.9983947313953e-05
3.2176723495698e-05
1.3132135508257e-12
0.00010816379604269
9.8491016311927e-13
8.6192813431279e-05
7.7944470529641e-05
0
0.00031384501091231
0
7.6403518828224e-05
1.8529429413408e-05
8.2075846926606e-11
1.5375359673103e-05
0.00064712163485691
3.2830338770642e-13
0.00012231450364531
7.2974990410527e-05
0.00020239644361103
0.00054942609634018
0.00076843309975434
4.913744906572e-05
6.5660677541285e-13
7.3170753780975e-05
0.0001424445781953
0.00011507471925642
8.8686196241669e-05
0.00020457307865636
7.4068115936302e-05
0.00012645558370551
1.3181545168107e-07
0.00017350699928351
0.0001141385158556
0.0001759846248445
6.5660677541285e-13
0.0001003015100192
0.00011140972539917
0.00010039611458001
7.5509779172478e-12
0.00034497475225168
8.1372173592621e-05
6.5660677541285e-13
0.00014482586936494
0.0001203468084269
0
0
0.91318243074359
1.4728018275898e-08
3.2830338770642e-13
9.8491016311928e-13
0.0001767888345249
0.19482784663719
0
0
0
3.2830338770642e-13
0.0038425215822071
1.3132135508257e-12
0.0035355447205168
0.084132731294168
0.0025435027585589
1.9698203262386e-12
0.0017081090423316
0.00010440940057672
0.01400496806198
5.6139879297799e-11
0.0098716566192402
0.048161790159668
0.012617320515577
0.0098132813931318
0.0012378090885774
0.0024185646058335
0.0062322345756092
0.017911280903182
0.030422335643062
0.067366044503085
0.093990863230107
0.081158457937545
0.13880088494334
0.35418500991853
0.23269285709097
0.22135518381796
0.097894422665746
0.024681460427755
0.0099491621625439
0.0014315756432736
0.039091924283864
1.2388632559047e-12
0.034233116278276
0
0.05010358879025
0.036931767983203
1.2388632559048e-12
0.054260881540848
1.2388632559048e-12
0.024393633597507
1.6518176745397e-12
0.010978730782392
0.0091508724475152
0
0.0096744731272835
0.017902584705447
0.0066833411059472
0.0001308727223072
0.0038528893928701
0.015278566924065
0.01402381552606
0.063310068414835
0.07796772285599
0.12133659434093
0.10864623043894
0.031269075174484
0.15631212247931
0.036708540048879
0.073274612446654
0.026591007216517
1.2388632559048e-12
0.0017630053589724
9.9522014891015e-11
1.2388632559048e-12
1.2388632559048e-12
0.025798689704659
1.2388632559048e-12
1.2388632559047e-12
0.58079553950647
1.2388632559048e-12
0.028774958464082
0
0.0039230724751068
0.0017123138446391
0
0.0030023976565643
0.0084620237979182
0.002703776630727
0.0092087788282128
0.034073091903925
0.092106177353602
0.12352362051303
0.088822066055504
0.0094385728987071
0.0034815673696978
0.0068937497429168
0.0032457384169165
4.1295441863492e-13
0.010228289103314
1.2388632559048e-12
1.2388632559048e-12
0.052400884724065
0.019165511015306
0.0011473462383483
0.0028044150829594
0.0032604127074096
0.050798789946208
0.11484239974975
0.1181175721666
0.070466948105337
0.089556380401408
0.21424108249273
0.14781271209516
0.088957028970011
0.076688793382558
0.18336366438263
0.16218550595339
0.026783991404542
0.0094258476686257
0.039026557215942
0.034873932394274
0.022099182364045
0.050965221143371
0.021728364402004
0.037105752964088
1.4310559490345e-12
0.016575534030971
0.051633980434726
0.041358959697989
1.4310559490345e-12
1.4310559490345e-12
0.015978431702437
0.025975796454666
0.013531881963818
0.0065664791739786
0.015233017668534
0.0095300107511459
0.00072008796560817
0.0066229941631403
0.0026037865522863
0.0097294302214451
0.09400393828996
0.069151652323517
0.10089611091963
0.13321853706525
0.074628189676104
0.016977175492787
0.00082901463682117
0.0010036369052679
0.0043617323452443
0.00015523259842427
1.1925466241954e-12
0.025488501254598
0
0.0025233327660316
5.8673293910415e-11
1.4310559490345e-12
0.0030224832979591
0.055696578066149
1.4310559490345e-12
1.4310559490345e-12
0.008407810286806
0.011320629754849
1.4310559490345e-12
0.0028048474873268
0.0019923061142878
0.0040385187865831
0.0064856461849285
0.015018833483598
0.045448931079985
0.06239163138738
0.19495997225281
0.054153136930942
0.0084672458480913
0.0074669050959784
0.00073638529775704
0.0034119717706637
1.1925466241954e-12
0.0052908511729998
0.011367519433553
0.0079471869336429
0.055163348849517
0.021323372870845
0.0050811760579694
0.00063292801842803
0.00088311399312852
0.0036996904478813
0.015476476756263
0.045995712360947
0.076689610188759
0.11898942594594
0.048254024174615
0.16280510588432
0.13079858327915
0.089822881791952
0.24055691419459
0.031308619876006
0.10447628340392
0.062860565201744
0.1696621906411
0.19767450362733
0.13850137183935
0.052705024932855
0.056707007344273
0.060488659331969
0.07390976970886
0.0082949507234391
0.035546604634686
0.047004161066229
0.017443268080809
0.024675221328315
0.029619907478482
0.0090105078378118
0.013848928710785
0.010210199542644
0.014521883104748
8.307494013098e-05
0.0032627132747536
0.0050748498352762
0.019536516669591
0.010102580672131
0.069760788081849
0.12938081924433
0.099157262414667
0.095231192576003
0.06587228498057
0.018176204108927
0.0065731756742423
0.00092063008390744
0.015498053218174
1.0478622926067e-12
0.034135423528559
7.85896719455e-13
0.044302894913555
1.0478622926067e-12
0
1.0478622926067e-12
0.021505261593492
1.3098278657583e-12
0.0050755159614229
0.0039899117749778
0.0049316379949547
0.0028059845770364
0.0031493962384206
0.0010498665210001
0.0022896816381301
0.0036906363745312
0.0073732065908511
0.010467882328835
0.025057726932394
0.094978204577164
0.15191275822765
0.04642738154467
0.011584124883661
0.016884697795757
0.012831434084959
0.00073657114178676
0.0012880384425148
0.0050511125799371
0.0023914987986596
1.0478622926067e-12
0.022033248277442
0.016377320930368
0.0028974919986417
0.0028294639787906
0.0037681516583639
0.028686015235679
0.031324718559554
0.037207481888975
0.054113234500053
0.15935240789037
0.1459416357339
0.18989077076488
0.13110094137891
0.30673716458063
0.3304289585934
0.082930690249379
0.023203619804353
0.023741688859101
0.029631236753518
0.023962823727405
0.11325581087561
0.087396129645382
0.051201212145354
0.00064911771490598
0.047501886863301
0.088781936430252
0.051526790434392
0.065850209668273
0.049515861782758
0.029104447769316
0.045873059957407
0.018325527560698
0.0053214013081173
0.0012872354932017
0.02895917502733
0.00039328043664813
0.00094163179137572
0.0069738699894505
0.031563483864033
0.051859799292347
0.042188324041845
0.25079220783593
0.1533189177135
0.11378663525276
0.13915035838615
0.041508762768159
0.0031205299063679
0.0010179674970549
0.018460724209004
0.050949116267863
1.1132310919351e-12
0.046274497245605
1.1132310919351e-12
0
0.016455638267265
0.019792250990511
1.1132310919351e-12
0.02645409284784
0.017380252507112
0.0053471014971982
0.00065571266482742
2.7830777298376e-13
0.0086724256901769
0.0021802965394697
0.00058779460651113
0.003091538790769
0.0044220385634367
0.021073285630307
0.044069797739641
0.063950790739377
0.22518637284743
0.09548883502941
0.052471163402778
0.0059143739151648
0.0023491767326396
0.0058058880153052
0.012472821352757
0.01426612167181
0.027068197334219
0.01536062619543
0.082236622836067
0.044384605449141
0.016135399311407
0.015572076818636
0.014014677720747
0.056480034192079
0.24276994295742
0.11130631330995
0.2452419303824
0.075759729481928
0.20916696898016
0.24014867785238
0.12507713450089
0.11403261767567
0.21480944173275
0.12847575417286
0.016523912707541
0.016619387093758
0.044950157803879
0.016941636528024
0.097124638893387
1.1551133335137e-12
0.059964576206798
0.045281296267259
0.019288680332272
0.069480951439543
0.07005513574166
0.024908055408087
0.021670459738241
0.010448867880523
0.0033495280983257
0.021490685675717
0.033031884924813
0.0016233741307771
0.017076609818215
0.0049615315794345
0.0047395285666817
0.009982238923032
0.021823137546562
0.035485580210211
0.11452116242011
0.18459224879933
0.16736161436453
0.20441961639424
0.13674173109176
0.022725345222731
0.04119137445528
0.0093588321355777
0.0014451778671071
0.00057870362470144
0.046015905237677
0.0076182350925671
0.021603162785664
2.8877833337842e-13
1.1551133335137e-12
0.033783854767819
0.068320443817726
1.1551133335137e-12
1.1551133335137e-12
0.0025077142113603
0.0074661998950667
0.016272060117449
0.0021110667911942
0.0005951926015725
0.0055874921118536
0.0023834057407599
0.0024980238808009
0.0092902218942232
0.017385132834242
0.069772821443769
0.24404144684565
0.12004415094472
0.028321454930162
0.017660399709929
0.0039954627323976
0.00090681250659571
0.024500221592209
0.038746939156674
0.010792204685409
0.013037435858158
0.068207037350651
0.011277194380744
0.010604707602025
0.013185978827303
0.010355631960998
0.01938173931189
0.030737875245983
0.044025101856133
0.033215056462858
0.054934067542375
0.15724188950349
0.096063724274624
0.32757800816768
0.047443250381419
0.1908667115649
0.088600106636478
0.020194449195297
0.0066938091144668
0.057675649147661
0.052426204461324
0.013163544133803
1.4721575861204e-12
0.055663933021422
0.085726936372965
0.024016674060897
0.025222503152911
0.05169353178504
0.010390113064655
0.0081139711714796
0.00070221737519707
0.027902334374916
0.0073480722878134
0.018780401881435
0.0094794654037009
0.0097039633403611
0.008594480876656
0.01109887492651
0.029426992516749
0.077992041058997
0.062459057743095
0.22881481107087
0.18384337411943
0.10506281048669
0.2216852108781
0.11771488829373
0.059394453370341
0.032555181609107
0.040192733957553
0.056779406753906
0.02681443645834
1.1777260688963e-12
0.021945486083969
0
6.7015557635373e-09
0.00018685727435708
0.012168259285776
0.044626232853191
0
0.011554243593362
0.0081950767587936
0.019516942527232
0.010807452701274
0.0019098249033549
0.0025098482994923
0.0050743004368392
0.0082809277691415
0.0047607882235071
0.0085001866788305
0.01065140682251
0.056729947298445
0.18954713965124
0.12182563424863
0.02226085459639
0.0032950887359727
0.026574780337542
0.031375137763922
0.026318906104072
0.009592136924785
0.020080308931149
0.018700719380082
0.042711486828714
0.012290453908001
0.011974736575948
0.0021109447479933
0.001932642977519
0.0107188183009
0.072303347056496
0.046498160608618
0.06318735636156
0.046678171837992
0.097925581584506
0.1127124767315
0.16022060854559
0.13589135470695
0.27605347434826
0.09417755262888
0.19746634762223
0.085897681436356
0.10381597633859
0.045135859173002
0.017363635907102
0.078203834142763
0.074574247910737
0.044570639477166
0.036213781612574
0.020786975254357
0.038690290035852
0.024144876288308
0.021854303268
0.035598526096626
0.022411883288385
0.016463364617206
0.011424945113094
0.017303426713195
0.010768756319978
0.0053968389919705
0.0027210153963316
0.0064630393255978
0.0099929887540527
0.044414629396462
0.04237910863322
0.10635948749764
0.11249029560354
0.13480959195939
0.051999460078271
0.052215637201308
0.024856352696253
0.12268458244338
0.041035388076237
0.023364054386167
1.4808017813588e-12
0.013456181432994
1.184641425087e-12
0.17734532904541
0.045832978965911
0.17199804111917
0.020132684434896
1.184641425087e-12
0.014872736445873
0
0.011218339286709
0.0046911287569595
0.0054468581811982
0.0019301101756513
0.0031449374313188
0.0030035660671159
0.0011927146648854
0.0096914300018123
0.015547918521647
0.026859809312963
0.21933103397582
0.12483668531789
0.035101051424975
0.0065768120418551
0.0038389563261826
0.00098449333815185
0.0025458694242337
0.012518740717452
0.016809851550896
5.9232071254351e-13
0.063155079636045
0.041980904435662
0.012938157376906
0.035848878728211
0.058735271239725
0.15650243133482
0.11938151113755
0.034665448790442
0.053331502861447
0.09314025638389
0.083890623599983
0.026151124632644
0.31233715150193
0.078180077323715
0.26297052465113
0.5162335571341
0.40731196097594
0.23172354341616
0.1916479215423
0.15268881243275
0.24944269859527
0.088793969136353
0.044315236209943
0.065756577968586
2.947198153614e-13
0.13777583745129
0.018886035210238
0.083730062886737
0.32846076430897
1.7683188921684e-12
0.13302437956531
0.13962836475737
0.027818528786629
0.017740384721163
0.0022007233672418
0.0040381667330924
0.0025402767358327
0.0015324665785563
0.026684651913572
0.11023586700645
0.079113991543502
0.15104033391477
0.13975169636265
0.14634210193871
0.056862870824778
0.047330570503082
0.0057491321427233
0.0064021252593509
0.010221008459139
0.053446710529553
0.070011943128343
1.7683188921684e-12
0.14031883808708
1.1788792614456e-12
1.4234967081956e-10
1.1788792614456e-12
0.00925540773548
0.011443285071341
0.039088114813277
0.0087181181386065
0.014367856017705
0.004588684271858
0.0042493590748571
0.0031730720572912
0.00090895366614771
0.0024005126818387
0.0048312290233075
0.011548507699495
0.043514305499783
0.10087727924514
0.17072315391937
0.17197398011481
0.022662030227537
0.055036805802466
0.021652015044388
0.02816118867537
0.007063373261093
0.0060134017021608
0.016331575529989
0.020072332797845
0.049086260668931
0.01947478915499
0.011455149133387
0.0025460387808915
0.01167695950903
0.015302131241125
0.0083233906457303
0.092181721054316
0.1077607454813
0.14352046655547
0.11734187776403
0.35970738857522
0.43256699539849
0.19449464423108
0.32849025052489
0.17243120677027
0.034153310339883
0.13856023946836
0.06205266528062
0.087966862374208
0.17277286280706
0.19181620914923
0.12661915490636
0.17817352360017
0.021790672411078
0.0084729736337843
0.030052026411406
0.0217368684667
1.1629868876321e-12
0.036272472627297
0.01742367651765
0.020621739089498
0.023625381921771
0.0085589961787792
0.013049480686277
0.018864866903363
0.011255814265913
0.0024279170295482
0.0020013314248714
0.025817319186845
0.047773463485906
0.062145401982581
0.38222142593213
0.1670244985375
0.10473847539044
0.090041764750143
0.023795097593955
0.0047403107356294
0.0097772640059774
0
0.016995277934555
0.00076578843373181
1.4537336095401e-12
0.11424509485274
2.9074672190803e-13
0.055019645756166
1.1629868876321e-12
0.034421856448056
0
0.020423807384022
0.0057463152284382
0.012837310831029
0.0079809390654298
0.002218872756415
0.0091846616897016
0.027647825459965
8.0536841968524e-10
0.081761705919501
0.22851211346243
0.16326256331813
0.17292906536723
0.20477475140104
0.043191948408353
0.010441978042171
0.0016572733756027
0.0012400047411978
0.0022543854134013
0.019583848001983
0.018083512355045
0.014157064797317
0.042947852467013
0.031429449514517
0.0041457217485475
0.0010882284583823
0.00098883729366589
0.0021724232668005
0.016730884636098
0.10987641995685
0.050025921892969
0.064852679783146
0.11293508979312
0.20256042696147
0.17813340963919
0.075008341669614
0.23640009077559
0.088908178555039
0.024401094367567
0.0043085322803178
0.0035888950108682
0.035046321417016
0.01561316053724
0.040692988591434
5.6955381231626e-13
0.033971979537851
0.071885544643607
0.040560299858392
0.01902660343002
0.017421454207968
0.024861877675889
0.025000853071008
0.027473124621365
0.0008407614990075
0.0055477748909981
0.022589342490065
0.0036094799400876
0.015962203272216
0.012273632816186
0.038142651147886
0.012042508525022
0.056919658516932
0.16595559061054
0.17871770140878
0.18365612498675
0.12766877818258
0.11287142300695
0.070781255125018
0.34960409677678
0.14820719150394
0.065485620977703
0.024634863723876
0.026191698321684
0.020121097945257
0.013130769076053
5.1800919230164e-10
1.1391076246325e-12
0.017724743436168
0.014330300689409
0.06247589023264
1.4238845307906e-12
0.0036179277413566
0.0072682442463896
0.0062083463599307
0.0037040594563879
0.010297452775268
0.0042808293044865
0.0072111312686688
0.004067108714152
0.019491989506599
0.050658017936989
0.076187919799496
0.11463311754252
0.15192840230588
0.027078814712977
0.013683717784703
0.0059647506281065
0.010060117301576
0.0066431522217635
0.022498847274813
0.0071419897292571
0.019561350872804
0.04946629095289
0.022326213254333
0.0039711319913212
0.0003156667721298
0.00088793775623606
0.0038826372334416
0.01176548310666
0.007716198634055
0.12298781956332
0.095844339432301
0.11669500579877
0.026839765769154
0.43931365231044
0.25003645420501
0.18232737472585
0.17577449878404
0.019497079618621
0.0069017500227488
0.017701986258115
0.023491661928229
0.02006673189852
0.043450282301457
0.024680691023435
0.043619639667779
0.033672345691364
0.0066486662477488
0.01090316099405
0.0086150624557981
0.031687379454418
0.031738937409788
0.022434090147388
0.0096868616655108
0.015109932942945
0.018756074179589
0.0085223296126893
0.0044045174147755
8.0743409590105e-05
0.0010680104427875
0.01285948792913
0.013507598423367
0.030451074700847
0.13644200102239
0.13780580696367
0.048514727602995
0.13884563091919
0.035450420137682
0.03832524657356
0.00093188502014798
0.0018738459553037
0.0071187223872584
0.018113161006507
0.014600473541167
0.052379855776791
1.3862996839443e-12
0.026006930048514
1.1090397471555e-12
0.011090839623244
0.027983643163412
1.3862996839443e-12
0.013803594111476
0.00080386437356797
0.0048731719903326
0.00031495771995173
0.0021173461635104
0.020306307814775
0.01949969555374
0.00034576376635757
0.00089206537223407
0.012782045855973
0.010270431173277
0.21065995435335
0.16873925424577
0.023362293303077
0.017259907628802
0.003891076403931
0.0013058072873867
0.0011011856014172
0.0038241112988055
1.1090397471555e-12
0.0042834152306848
0.018832126392594
0.015897864227855
0.005753800132383
0.0028052442894016
0.0016674510884823
0.0032130027473395
0.0088897948201849
0.10294049753921
0.058230108815002
0.055902709418584
0.037677072575859
0.090405028740381
0.063423108501359
0.11097816094015
0.19199062988857
0.15033137369461
0.040121285044611
0.0037888521617114
0.023590979135132
0.010477160745123
0.023219905623719
0.012492373836915
0.023509391201358
0.024685217060545
0.077718502375678
0.26780541604968
0.081460082392224
0.019652964618266
0.039697199242955
0.011695615800618
0.019517478032522
0
0.0063671221845996
0.021730796474875
0.0086061244492277
0.00052890952141884
0.001247900227214
0.0014227248222151
0.0017688115016845
0.0086139040989765
0.042853166967597
0.10421627875799
0.068628334970957
0.12379032168618
0.084141658874214
0.098454755286764
0.020395771514982
0.00085258301947608
0.0042781083149156
0.16541240396109
0.14625231588494
0.084278035738717
1.074287135179e-12
0.038823515665622
0
2.6857178379475e-13
0.010220792515651
0.02963263396305
5.3714356758951e-13
0.021084216218974
0.016961956957968
0.008695732613446
0.002216181429475
0.0059214346365676
0.0044086015663395
0.0010953223000143
0.00028371214532855
0.00094445951519736
0.0062306676749195
0.023219508124588
0.077609662897283
0.19989242203695
0.028048089111063
0.0050273346017852
0.0065041020110201
0.012934027059679
0.0092519074959823
0.0055064974816129
0.0085294605405282
1.074287135179e-12
0.040951706344045
0.010496287652659
0.018597435445262
0.0017149199616402
0.0009430100658019
0.012767014932191
0.0078448514278873
0.018038095028977
0.048221645518465
0.092107315635152
0.052993536989973
0.1181921333442
0.11637256131999
0.2220785871168
0.14515427518673
0.09344204485335
0.028718395089097
0.049985557620809
0.026966607769215
0.0572101470571
0.0050891870215896
0.012486842158509
0.004891134034714
0.041649473960541
0.04913101389252
0.03514702231399
0.012541698852056
0.0084951331758293
0.029812394507811
0.0099886489663031
0.017425088600257
0.012810500163475
0.0098959224076245
0.0072675703352232
0.0017088142198693
0.0048850897801172
0.00031457678400725
0.003401100875622
0.0025391507259932
0.015919553776634
0.040453149592609
0.093649845150111
0.12444690716981
0.051985915233718
0.10952396277986
0.056817077567389
0.0067215040262969
0.0066959254850614
0.0082147554098168
0.01445824203643
0.023375909442735
1.0361027806129e-12
0.043222433341497
1.0361027806129e-12
0.015393568471766
1.2951284757661e-12
0.011750058398384
5.1805139030643e-13
0.0031324595549637
1.0361027806129e-12
0.0030668920520459
0.012072299279472
0.0098687046600085
0.0047880611484556
0.011092159771157
0.00048738709203388
0.012391546080735
0.00048719560918826
0.005444139689415
0.022049705447049
0.038466974082379
0.1789758181569
0.065725094105674
0.018113240722108
0.0058350759739471
0.0026168467535164
0.0080012753492627
0.0031789208892569
0.0019849961288889
1.0361027806129e-12
0.038880917227495
0.0066176291166542
0.0039829615467556
0.0026940090299797
0.0011856376192214
0.0084525003306159
0.01120265821481
0.022721153387635
0.032228968403154
0.076198518585171
0.051473792605397
0.17411206999944
0.12605479717346
0.17901655049585
0.1446833840362
0.13505158049415
0.030973724063264
0.0093046083061743
0.0073471397629439
0.025511598732379
0.0094097099795995
0.092337169211872
0.078110524287757
2.4888153450386e-13
0.059020795036697
0.09351856052386
0.080653262221193
0.082439293925236
0.036752625819645
0.031794374844262
0.01957365661627
0.023286484599945
0.017870103198749
0.012615584474463
0.0024113453118403
0.0048714285047333
0.0080865121502246
0.0025063086576624
0.0045633497844509
0.03874079145614
0.034506165348211
0.082285674793701
0.1104756087323
0.094069932768432
0.10611813621469
0.030503086913096
0.0022302215045709
0.020111261462796
0.01919186753843
0.072321489557962
1.2444076725193e-12
0.042696499271774
1.2444076725193e-12
0.0045791004146328
0
0.014975934174171
4.9776306900772e-13
0.032925749394943
1.4932892070232e-12
0.014200883775128
1.9910522760309e-12
0.0017951974805917
1.4932892070232e-12
0.0097150975771164
0.013272836487859
0.00080327927464724
0.00046874686421871
0.0022867550454327
0.0040264501633315
0.011805725358907
0.046132735104551
0.26326945248826
0.06640430305356
0.027467589219396
0.0051488117662392
0.0028046437677444
0.0018467248119457
0.0012329282123388
0.001006116380561
0.0028173936730028
0.044039143666176
0.005124580326348
0.013670670490895
0.00093580047273342
0.00043516967050465
0.0073597933598307
0.0034175107311065
0.009035333892545
0.14260733271273
0.076909492939077
0.056517087020999
0.11242985539895
0.045174379292423
0.16093750689159
0.19278217513289
0.14909973278221
0.040299446530688
0.011553340465214
0.0014625333668345
0.0034565740454071
0.13819003110993
0.095064379000307
0.056503372823922
0.053736865055246
0
0.1029185249024
0.010037908575814
0.0020463574403096
0.033730964495164
0.0063877972961884
0.0076691626978397
1.9068303454397e-12
0.0067773723490469
0.017455566342351
0.0058028284544934
0.0025025262643203
0.0019362292687198
0.00018870981313298
0.0027506751568945
0.023893804180596
0.038756331674953
0.053622052801551
0.065189133537665
0.11804698956866
0.036328404482229
0.076147893715041
0.12592509954734
0.0032364914725508
3.9293224410691e-05
0.012696907436217
0.016236740209192
0.0036838347925106
1.1917689658998e-12
0.0094467716306286
1.9068303454397e-12
1.4301227590798e-12
0.0019076397934912
1.4301227590798e-12
1.4301227590798e-12
0.0048538094100124
0.0097466654936554
0.0046413017082296
1.9068303454397e-12
0.0035757974893943
0.01712858554549
0.00443498973681
0.0083112596637466
0.00030294867126425
0.0083700311790453
0.028394484171958
0.044711905578114
0.13476801854827
0.074600302001463
0.068535517112173
0.0065086204952773
0.0022731852921142
0.0062613393993658
0.0078053848233471
0.0073234029306656
5.0956493085665e-05
0.039719176918067
0.039863282314821
0.0040088069924735
0.0019096236838684
0.003947976102265
0.0036841349232514
0.030980565265331
0.020270943207135
0.050179831949234
0.015089067469987
0.15021843227418
0.10258729063506
0.046174404460702
0.15453420974076
0.17797353909347
0.091775918229644
0.14868994988709
0.039751417750327
0.098825345127082
0.019430416817579
1.1380923032385e-12
0.061703770570395
0.026286303574589
0.013425103406595
1.3657107638863e-12
0.005646181748025
0.025190095495888
0.023018167087661
1.3657107638863e-12
0.062933550238379
0.030937880857655
0.021722063134326
1.3657107638863e-12
0.0072637349599485
0.015324264001999
0.0049620592172981
0.0010277313350815
8.8140528078952e-05
0.0090318221965063
0.002476295657492
0.017515304866052
0.01873210103144
0.051744611307853
0.2826182374467
0.14994261705882
0.045721315234758
0.020011313769343
0.0050530579302052
0.00084761201741076
0.0078290672732858
0.013406717473767
0.020510655850409
1.3657107638863e-12
1.3657107638863e-12
0.0046322072434166
1.3657107638863e-12
1.3657107638862e-12
0.0033905098768564
0
1.3657107638863e-12
0.032706881938933
1.3657107638863e-12
0.0057227429635527
0.014441022251767
0.0070389639329503
0.0015727167213228
0.00044482248126977
0.0037628058389946
0.0044549216259596
0.0077409665418667
0.020369576332894
0.23088108401931
0.16362645743936
0.022687951105882
0.012227548656699
0.0071192523684493
0.00074967394374137
0.0018235938705762
4.5523692129542e-13
0.001965530596786
0.047456453427171
0.006727843964919
0.0069979543209086
0.0040158581221681
0.001951829475966
0.0030642453904421
0.0053272522789489
0.012899075034228
0.066368721663301
0.087602105731628
0.04645367276735
0.090985558544441
0.10029435601913
0.15190455768532
0.19148837338482
0.2766277171891
0.044409162105703
0.022016682439953
0.037578518579769
1.0840945607105e-12
0.021663175375143
0.024379868695943
0
0.0847748889025
0.04232767685936
4.3363782428422e-13
0.020939041771256
0.028603971028675
4.3363782428422e-13
0.031339794593228
0.0072160444965373
0.012840650812857
0
0.030527538207577
0.0046896977963683
0.0052737796529794
0.012028321567812
0.042638973490214
0.0063406672023269
0.067696572834591
0.053347394356258
0.057581969413207
0.075953323835233
0.10022436130118
0.1435321785241
0.11360880188898
0.015346133963744
0.032340662172481
0.0012130224279368
8.6727564856844e-13
0.01737460944971
0.021479887422554
1.3009134728527e-12
1.3009134728527e-12
0.042178470481421
1.3009134728527e-12
8.6727564856844e-13
8.6727564856844e-13
0.023966578855633
1.7345512971369e-12
8.9329391802549e-11
0.0018771311297288
0
0.0013664364798349
0.00026199338963415
0.0010066587876791
8.6727564856844e-13
0.0018822734387563
0.0077809806235377
0.030427511330713
0.015431730156821
0.1141539321463
0.095038610064662
0.11634167414436
0.019053761623266
0.0065366242187932
0.0025283360551725
0.00031438399122995
1.3009134728527e-12
0.00045007779436994
0
0
0
0
8.8169632847753e-12
0
0
0
0
0
6.8254662572609e-12
0
0
0
0
0
3.4060039325924e-12
0
0
0
0
1.8601319469708e-12
0
0
0
1.6393210749538e-10
1.9661707738072e-12
2.3456694694473
3.3204142361043
0
0
1.012716148493e-12
0
0
0
0
0
9.7607016673717e-12
0
0
0
0
0
0
0
0
0
0
0
0
0
0
0
0
0
0
0
6.8799006444469e-12
0
0
2.9006616148668e-12
18.454223592689
4.7646307246058
9.748512379643
3.972896334803
4.6769337775994
20.210578425545
11.374617178947
21.903669385283
19.64470930251
13.478905572419
19.045402367187
46.469276970688
71.961627509505
19.647396292511
92.360247143822
24.260178371809
1.0525541647234e-12
22.824661298185
0
3.0510899832048e-13
0
9.4531298211195e-12
0
2.8586826535285e-12
0
0
0
0
0
0
0
0
7.8357638490815e-12
4.329140496615e-12
0
1.0203849168942e-11
1.0017186758023e-11
9.3853271545689e-12
6.5788850325021e-12
1.2910279656996e-12
4.643884298852e-12
7.0393305811856e-12
0
0.12625323296093
0.040697753967915
7.7310707636123e-07
2.6435958823746
0.29839400783759
0
0
0
0
0
0
0
0
0
0
0
0
0
0
0
0
1.9964499978436e-12
0
0
0
0
0
0
0
7.6776526311288e-12
1.0215756591662e-11
4.5827651927568e-12
3.3393342022506e-12
0
0.00026417376110156
15.137706459792
0
22.019250987732
13.944311459188
180.84355299266
26.990351712604
7.683160090443
0
8.9165314763236
15.682267901172
17.029629433016
14.243719854005
145.3723161932
47.807271829929
30.074635575603
19.937965981743
10.616554194791
4.9911559328269
254.25590808771
138.26041688308
2.0054298806927
6.8597545865131e-12
3.0151280495631e-11
2.3024557427583e-11
0.00050488432085178
1.285433176463e-12
0
1.2432308919447e-12
1.222393896155e-12
1.0014441650153e-11
0.00043739345277309
1.5479193262588e-12
4.9434965211952e-12
0
4.0372565643286e-12
1.0814656598452e-12
8.9769679390024e-05
1.042785328314e-12
2.3886550544178e-12
1.0048093873848e-12
0.00010047017905723
1.6125630617572e-12
1.2655549444992e-12
0.00027506953201795
3.5769390176007e-06
5.5885930143455
5.3507559749631
5.2826659099959
5.1637868256094
5.1739357039051
6.4682615538135e-12
0
0
0
0
2.4211997383666e-12
1.8945430930956e-12
2.1768002873585e-11
0
4.6483617006422
0
0
0
0
0
0
9.7253245213407e-12
1.0942144545009e-12
0
0.0012716492467371
0
0
0
0
0
0
0
1.1122685959776e-12
0
0
0
38.713933908791
204.71002557294
13.467233703012
146.7668555885
11.380181925761
13.980848969974
19.512081884879
2.3554627832208e-12
19.979324615842
13.55442245222
8.2479117944616
24.126853883331
0
30.073786566216
26.232533544829
14.953246461421
81.032889311244
30.517973441141
18.154679082825
7.8896991111158e-12
1.1504667423799e-12
0.011167664737873
0
1.1780197569833e-11
6.7369762486645e-12
2.6503693410299e-13
9.9040059482232e-12
0
0
1.9811011438274e-12
9.2484443038785e-12
1.9132760061643e-12
0
6.463212769224e-12
6.8015749998018e-12
0
8.7444078686544e-13
0
0
0
0
0
0
0
0
0
0
0
0
4.2793557971131e-07
5.6433926393223e-12
2.2749981587656e-12
2.91101578375e-08
0.0044219577951064
9.4410232125511e-11
2.9787993776644e-13
0.0057041818658243
1.139052179523e-12
3.6237215216281e-08
5.4388297960928e-13
1.0625658557807e-12
0.035785784750227
1.0130516623452e-12
9.8873757232439e-12
7.235391150936e-12
5.1754747315414e-12
0
0.00075590173371702
185.84549049667
180.38550316789
0
0.00010786005862721
0.16288749491563
175.61171019212
0
2.520016944762e-12
0
6.5876228892966
0.0013167379441214
1.9196342228366e-12
2.4823389081293e-12
0.0012444120639217
3.3736574328771e-05
0.027406669495828
137.29729966611
19.887540591905
95.015824939477
60.205193699007
259.18425720616
10.069849038398
6.3438941568814
143.61366299674
214.61497954063
147.45739314091
3.0553541844987
190.65078986585
45.27024275688
0
249.113852708
211.04217208194
0
4.2501505048462e-12
9.6502641465701e-13
3.7975071998224e-12
6.2257007902751e-13
0
3.0106518519109e-13
7.9925190661784e-12
1.0185556800456e-11
0
1.4056860484697e-12
1.9338327882456e-12
0
0
0
2.0574939198028e-12
5.0504915863725e-13
0
1.9466255303377e-12
4.7758792784515e-13
9.8407000012419e-12
7.3553101591135e-12
0
0.028882721590467
5.9219513226777e-10
0.04884879596894
0.0335875975779
3.1604349017297
2.0137695256835
2.7412768159739
2.9659459482276e-06
0
0.39673909875053
3.6269530089979e-08
5.6287323155283e-12
3.4409193670656e-13
0
0
0
0
0
0
0
2.8553167150717e-13
0
5.4348898757509e-12
0
0
0
0
0
25.156559303949
1.3570558247787e-12
0
189.74450567663
0
137.41335758444
0.00082023753058879
182.39266172106
39.60663826864
0.38953574003204
2.4124657695775e-08
1.346621069931e-12
0
151.68707559796
167.34076820332
135.27825582886
3.0529462999426
2.5672626397902
10.834939851129
203.71061255966
0.0085332329655568
19.824482134762
159.41359106101
8.8134206826601e-13
21.654679188415
6.5764093002293
220.90498996623
118.9397742847
55.14831649058
0.0047249145429746
0
3.5331071156592e-13
3.4758115181296e-13
1.0256952910925e-12
0.0045583274790824
1.6533675118948e-12
9.7539388752718e-12
6.3927185521986e-13
0
0
2.124015969161e-12
0
1.1714466440376e-12
0.0080024005266792
0
0
0.01241760931673
1.336291760056e-12
1.0491128204956e-12
0.001168784149387
1.5147505575869e-12
1.4857127657192e-12
0.00025761716366067
1.4284802714926e-12
0.012652160853344
0.025028987154031
0.24970452658395
1.3173876409352e-12
0
0
0
0
0
0
0
0
0
0
0
4.3813839871653e-12
0
209.61499527033
203.62067141512
1.8359637812781e-12
219.37092068315
0
3.9718124248118e-12
0
0
2.0980072072227e-12
1.7870178101177e-12
0
0
0.00074905677875045
3.4960941017575e-06
4.8751718740918
5.5725398308725
0
0.0002403762300457
1.8629308448538e-06
1.1448842935086e-12
8.1348013689741e-12
7.1617330512165e-13
0
0
0
0
13.58216643443
0
9.0109830536382e-12
36.608963477697
289.0453056974
178.1515989998
167.01199269867
54.613232740129
192.33601468973
83.344848600269
158.0595198561
0.00098468371485526
0
0
3.0028103654776e-12
1.10779292632e-12
0.0091724126758992
0
2.4591133654415e-12
0
0
0
0
0
1.2668825455747e-12
0
1.5279581357883e-12
1.0203459937345e-11
5.3039098582106e-12
1.1570852597498e-12
0.0019865516708419
1.6718394472697e-12
1.093595378711e-12
0.0042943327660747
1.0522639957268e-12
0
0
0
0
1.6868030007741
1.6762896584041
0.34055935381501
3.4271541630834e-08
2.1903132387949e-13
0.017450066316501
4.1958640587146e-13
8.2099513117439e-13
8.0301649146051e-13
9.3901964877392e-07
0.63380934388789
0
0
1.7902722650878e-12
0
0
0
6.1765729474094e-12
0.00045488775099105
0
0
0.00017727918232267
72.720380927958
5.5722180067391e-13
44.128491092694
147.73331251067
0
0
1.4557268421948e-12
0
0
0.0016569909423186
0
9.2012532176777e-12
0
0
0
0
0
2.0664176022292e-12
3.3279360194045e-13
0
1.240688244138e-12
9.1517141945375
0.00019035911845687
37.726914610241
0.0021432092976164
32.127071842618
0
0.014768251134664
41.950191767487
0.0058469883621628
19.657967609208
1.2067791993971e-12
5.1459261822362e-12
1.5578914011227e-12
3.9465156303767e-11
1.1306774899938e-12
0.021035954336804
5.7593950220899e-11
3.5840920855726e-13
1.0570541314181e-12
3.4634517803431e-12
4.4250779459923e-12
1.0034630302167e-12
0.0091821617929781
1.6141835234204e-12
6.3417733424272e-13
5.6050607135355e-12
3.3632223780798e-12
0
1.1784513597991e-12
0
0
0
1.0918525188935e-12
1.0707191317563e-12
0.018343046614901
0.020102838795377
0.051921753029904
2.3144524246672
1.6079058562625
0.097378174996827
0.029653916618086
2.0520368274479e-09
1.0072677082561e-09
0
0
8.3322776648761e-13
8.1477925941336e-13
1.5930745631493e-12
0.00095433862437315
0
3.7152526173654e-13
0
1.7710633273119e-12
0
104.11219023819
0
3.0803120251944e-05
3.4401213613221e-12
0
50.046940576624
0
6.8769940485843e-05
0
0
34.730159228799
0
0
0
158.98681630971
0
0
148.49094365711
0.00025797178551237
0
3.8207193100362e-13
0
0
2.0718842459273e-12
0.15379432540963
100.05155198364
48.9075414956
0
19.374875885453
9.9854838115354e-12
15.467926981515
1.0255211492552e-12
59.319660699319
18.14956606393
54.629502385493
1.734960897055e-12
2.4046182927793e-09
0
1.1912917518859e-12
0.0060940368679599
0
0
0
1.461702002751e-12
0.067997343536225
1.059375906691e-12
1.0411625028181e-12
0.0415292385371
1.0052094827582e-12
9.8746986655923e-13
1.6164802993205e-12
0
0
0
0
0.026229263631372
0
0.0019171192990323
1.1132268476021e-12
0.0052393251469375
0.032302243304948
0.0026506383944339
0.1127913201479
3.3250917391089
0.24351263960769
0.0021863031252715
0
0
0.00046754452232428
172.45506032556
0.0016894014604795
211.02727264997
0.82189816571164
0.00026621623765861
174.14878708358
0
0.00044325921154412
132.05300518605
0
169.1257095804
0.00028094111538053
0
6.4256845204577
2.8697448127239e-12
0
105.25850853403
0
0
139.86297623934
142.09340374122
0
7.700321450172e-13
8.9895362934835e-05
1.4531067292589e-12
0
0
0
0.00030215749090935
0
0
8.9596833370904e-12
7.5369677428837e-13
0
1.4082959177355e-12
16.593413807372
139.98207093268
177.48884125204
2.2702163617536
8.960485491924
4.3913873882026
123.86918716902
216.11967368857
0
188.18529820795
9.2348262430728e-13
126.33464240411
0.075160191937723
1.5061090825772e-10
0.007430883284347
0
1.1595809295921e-12
1.2697191448684e-10
3.7383684083367e-12
0
0.034093828250358
0
0.0097920173138326
1.7151908239201e-12
1.0111118583644e-11
6.621787192828e-13
0
0
1.2542531731839e-12
0.0060953989405783
1.2085760399129e-12
1.304660705009e-10
6.6420811029572e-10
0.012253231300946
0.0090664078510451
0.00039393700614833
0.0016119353133612
168.82712006257
0.43170998182676
194.23846452222
49.149109383275
122.49725651782
0.15187149879913
0.13254095489412
0.00021875536072218
157.81960931877
129.69234026557
0.0011135904452313
0
2.859146904038e-12
38.718344922199
205.20639285803
30.100557107642
1.1162760256858e-12
2.7374338345889e-05
23.588134651724
187.66557202645
0
150.01131302544
190.64612869417
1.2501744623439e-12
0
0
55.81395159962
0
5.4637236024588e-13
205.00771219758
0
45.264539231604
3.1476671986699e-05
4.7295270756819e-13
0
150.37832189641
0.00026664871706007
52.335578221335
0
0
0
6.5691068757143
0
67.371007531278
0
0
46.286938331545
0
9.1028818881591e-12
121.11176540076
181.3222608847
198.5757401745
229.82933441466
239.24027456235
224.72844384205
0
1.2119541362794e-12
0
1.1731204026515e-12
0.010229948360884
0.021455686501253
1.1160554311798e-12
1.097349941743e-12
0.022353070986344
0
2.3935446062415e-10
0
0
0
1.2944504850373e-12
0.076636230513783
1.872228621029e-12
6.1265977312569e-13
1.2026974569356e-12
0.014798982294311
0.06409857933238
2.8402396497924e-13
0
258.86563883288
0.78704742664403
203.84260604984
187.99010086809
216.34738394536
52.28886729765
50.883878072796
174.66754769933
192.11042157645
0
181.56290418603
0.00080444248536161
167.81375318598
176.56498370922
0.00065776125149609
174.31038739458
0.00094893062891926
7.5833844776456e-12
0
0
0
0
0
0
0.00030773985318344
1.2440935422615e-12
3.6357528883009e-12
0.013161657950107
0.00020605412881148
1.1179192326722e-12
2.7185738692077e-13
0.00054172239272596
0
0
0
0
37.009163512143
0.0016776529047295
126.42922306487
0
3.6257324873192e-12
55.858281446042
0.00081791936866204
0
12.733221302865
76.21184984885
0
14.991607309531
7.3284174950408e-12
22.865589612726
12.828930460333
2.7226291027042e-12
18.908583469831
0
186.12998922231
0
248.86793263372
1.2150049215484e-12
0.014700115841923
8.3974125311252e-09
1.92884277256e-12
0
0
0.026489648614786
1.8114781409607e-10
1.6247691803033e-10
0
4.7979512353238e-12
6.7353526417792e-13
1.9356272085326e-10
1.3001489758697e-12
1.5962501313896e-11
1.2540591713379e-12
0.020490620001116
1.2088011147995e-12
1.7797259879984e-12
0
0
0
230.77337020162
243.56697775406
187.16242637956
106.66384804386
170.80185140114
87.864157291069
142.56034876767
171.96942197067
8.8271312493766e-05
7.4391021902126e-05
1.7917553144615e-12
1.2168321737173
1.2865341876669e-12
5.0334435871568e-12
178.67137499098
3.2078667507489e-12
7.8380830476631e-13
59.830678855371
4.9501369411783e-05
1.8264519448085e-12
3.5662707148632e-13
1.0442031674982e-12
0.00049414034881619
111.98410238651
74.199498879416
0.00010865765881847
0
64.485977475892
0.00036568025671645
1.7000147790371e-12
0
48.832031647828
0
0
4.4326317400938e-12
0
0
0
0
0
0.00012402808856858
3.9742825417289e-13
0
26.810625354859
30.311265593413
0
0
211.40105803718
0
192.68482477274
0.34364824689045
214.81917869477
1.0743702259924e-11
0
21.431021890137
0.0085270967896119
0.29873582627139
0.0043579365947897
0
0.030215049968778
0.12225720535208
0
0.055341212306042
1.0966304469291e-12
0
3.5344294828987e-13
3.4746905658874e-13
3.415460817605e-12
1.0070220714049e-12
0
0.023840110677458
1.5918167557695e-12
0.0032995047357641
0
0.0004056363057964
0
8.7159170247074e-12
240.09826619847
246.32874219682
247.55476002854
245.27524888069
0.00023803814905009
0.0062909421196825
7.6794866105935
151.66589815359
208.97620931301
105.9043220529
146.63594881291
187.1633346879
189.04019880344
146.45402262946
0
0
0
0
0.00025276633196112
140.20346485504
0.00053896254288513
0
0
0.00036536564008641
0
121.7502025906
50.406809192063
0
12.985666136621
0
0
0
0
0
45.165585233916
8.6843599706829e-12
0
0
1.0306694673536e-11
0
76.906096893811
0
4.1485935612374e-13
44.782741025901
6.2282876532807e-12
5.2748890692514e-12
0
0
2.0431753953632e-12
6.248220581761e-12
0
1.1020092545628e-11
0
156.74412100721
3.2823736613346e-12
52.093653559682
159.1471118471
180.93399705822
0
2.4326181410388
10.263996420326
0.0092058573631023
1.1401551904601e-12
0
0
0.095080184266134
0
0
1.5553928867395e-10
0
1.3301225344022e-12
0
9.6343826447445e-13
5.1525750935463e-10
1.2398393368015e-12
1.3395406926914e-11
0
246.07633981604
214.48334519333
0.013148490202891
237.14385964752
222.10921702618
0
2.0966043873883e-12
251.09854955015
136.04227977914
168.44464487004
84.513090382595
202.57079970933
195.44084197986
190.19642137959
0.62493423220747
0
0.0016697231744867
150.83812190215
178.15422288868
0
128.07454501337
0
0.0018377639711123
1.4606644582758e-12
0
0
25.356801614391
16.452858063881
0
5.3702120064221e-12
0
0
0
5.8441203637299e-06
9.783263860519
0
0.0016458243017288
1.0230077244152e-12
0
0
9.3933700400581e-12
0
0
0
0
0
0
0
0
150.80189575398
0
0
0
0
0
5.1706989118083e-12
5.6241948740259
35.407607304623
0
189.73443207084
185.90516091409
32.290514365817
156.1487616842
104.66304672061
0.0027122150331636
3.6814251739148e-13
0.0086217904323398
1.0690392119029e-12
1.0515611293674e-12
2.7579389473095e-12
3.3901237982954e-13
0.0067496267027381
1.638482305334e-12
9.663315926634e-13
0
4.0440754759071e-12
0
0.042133207059499
0
1.1584134342778e-12
0.024177664476548
221.54055843398
217.65318938648
0.14930379908755
0.085482271320397
214.2092779378
239.76076714364
184.68045207303
214.62082756552
156.97038604506
0.9987434235955
110.81931758083
186.33178310883
173.78671819657
187.37208527436
167.81612152682
146.51133992663
0.0011931547917679
1.7549570408743
0
22.533580682801
81.376603731318
0.00016504333614423
0
0
2.6994406876949e-12
6.5885502068629e-13
25.870846367181
87.609747120823
0
0
7.5622356212498e-12
0
0
34.384644220694
0
59.985969073578
0
0
4.6826714004997e-13
0
1.3254812867908e-12
0
6.2423304388566e-12
17.996243961389
0
103.1057959405
0
0
0
1.3294189990788e-12
0
0
0
0
0
18.599493789107
0
0
0
0.023263453208045
38.336830867145
370.93127656022
0.012444041536867
0.003552198090519
1.4202291861856e-12
0
3.4368046299869e-13
6.7612303045277e-13
0
0.010233592924072
0
3.7925862096622e-12
0
0.0001427989686576
0.0002700315587656
246.93163551809
0
241.30195015129
2.2344778058876e-12
0.1577105590563
226.5644368306
1.2062563300339
0.0031063786306945
227.56617985699
232.0374208623
241.76564936097
0
0.20521022508446
198.17451052301
227.19871258608
211.35595579339
206.07522241522
191.56297742268
148.99253723322
0
0.45109310311804
121.12609205938
86.401896253978
101.75647496276
191.86519039368
0
0
7.3631983162017
0
183.89740279947
0
51.117028511567
0.00022305622903096
0
0
0
0
4.2605592168753e-12
0
0
0
4.2986046149403e-05
9.2930221340524e-13
0
0
8.0963339119253e-12
0
156.73337537388
74.565688093762
33.701903628105
8.4780998193921e-05
59.389005847119
1.9950523390318e-05
0
0
93.883145088398
0
6.928375692748e-12
136.44146907065
0.00031243792507394
0
0.20903508983676
81.877382314787
0
0
215.83749096865
17.474722919171
42.811968686328
6.2403239628035e-12
2.3880659146376e-12
1.0069931440983e-12
9.9066296445463e-13
3.248220938721e-13
0
2.1048572741888e-11
0.00051077029196277
0.0013239424456541
3.5942787374628e-05
38.005816091667
33.777291834475
212.91655771374
0.14610781355018
237.82450517682
239.79032711309
9.4862260599358e-12
0
203.92856648802
176.45069931762
0
0
0.64163348850493
246.1159902365
0.0062924518882864
214.70325312428
79.452616220105
0.55247708371163
1.2223699726576
161.34231608398
194.78312275319
0.0041283112229145
0.90554074000389
27.026537323482
0
0.00018324483766609
21.125609335807
0
68.485607512957
0.00010571592370896
90.213485279332
179.23143780224
4.2738590172421e-12
0.00057632203226984
0
210.86446104438
0
0
5.2529876466733e-13
0
1.4949156682555e-12
6.3059807902218e-12
25.062240085421
8.1843105887073
0
0
1.26478948427e-12
0
0
18.854965716197
21.079018828295
77.958083905924
0
0.00032909964327611
0
9.5564434561108e-13
0
0
31.594515175052
0.0001107711505576
1.6051731980418e-12
0
0
166.91880049303
170.26004408834
0.0084758546069264
0
0
166.47570218112
0.023432759391184
1.3280793211033e-12
6.9264949626686e-11
0.01501589845085
0.00049091671609742
0.00050622074668477
0.00052292255571099
2.7078197483399e-12
235.01332097747
236.2522587039
2.8586870063362e-13
205.43487833726
2.2210244140296e-05
0
0
127.5252713933
0
208.92137866778
223.25016812671
8.2677635867019e-12
0
222.49705835145
220.81655424204
4.5060026911952e-13
251.8218293393
0.47844574270235
0.0030912382527872
240.74188744075
221.72379772825
180.38727049292
156.34081166165
91.875723584796
0
173.54188613279
0
84.874635322634
86.730606250825
0
2.9585307219252e-12
0.00025901856791607
0
0
0
0
0
69.921178572725
0.0010866955773536
2.6480604581911e-13
0
2.5153925814676e-12
0
2.3861340344485e-12
0
9.9452531949563e-12
0
0
0
69.556295888065
0
0
1.6343143218595
0
0
17.145664506478
1.8892793216957e-05
0
0
0
2.8501761383868e-12
0
1.0625745230685e-12
0
221.96607362823
0.0032592562251554
0
152.45169458921
165.05660884528
150.12902783702
0.0039025181316265
0.0047883398841879
209.07755225305
1.5853291374907e-12
0
0
230.06394382531
234.61789809142
236.25347743787
0.00058942282782612
228.97275927912
1.666364864704e-12
235.88969460132
0.080367091484972
178.43374380502
51.119509075456
246.19754539633
4.9123770189541e-05
245.7441336893
0
0
0.56334881629859
241.44618157332
0.83034773554725
0
0.0092971105737061
8.4395334547871e-13
0.19168484910363
252.02542979986
0
4.8223274564102
183.98985382588
179.90811093764
140.85382708228
170.36443629939
194.32612988545
0
2.2119456429999e-05
0
56.543815549623
149.3031905748
0.00019161640254843
0
0
0.0013394425465885
0
0
10.71937698699
1.037344152597e-12
0
0
0
0
1.0026120640685e-11
0
0
4.1992262957238e-13
1.2303741018814e-05
32.060943951202
0.00024632833751405
1.4978193457337e-12
3.6349486005298e-13
2.7204313549959e-05
3.4206327355854e-13
0
0
0
3.0115356569291e-12
75.43690939658
0
1.0887222670782e-12
0
0
0
0.0046773519600205
0
0
0.012700718750128
98.153548951154
0
201.88824119693
0.0013082517072834
2.7350329510645e-12
1.2080894950244e-12
2.9720270315241e-13
204.78224680355
0.00083221463914802
2.8297628899393e-13
0.00030676819426884
231.29844947833
201.02547897228
6.9599098416677e-05
0.00050821145106259
1.2778507509004e-12
0
86.459746402021
233.96005031592
219.08352594202
1.0287102047367e-11
0.068979551541458
242.63938257738
5.7988277389743e-05
253.85768451703
0
222.38718781468
0.8279011160307
1.6466767819603e-06
0.16651500320518
0.0023168657338099
166.37334490407
1.2259714415
205.85202426686
189.30921624005
173.85341756977
176.89635295984
150.78072424901
0.28150642979205
0
79.857501812829
0.00024960815123059
0.00023818391119956
0
0
8.368394762231e-12
191.49192630973
7.4465425055701e-12
0
1.1090059269066
0
0
0
0.11948169938565
0
0
25.489500853998
0
3.9999904870714e-13
0
0
0
0
3.4624854197435e-12
9.3375062390581
0
0
0
5.0383692710276e-12
8.0322223110984e-12
0
2.1464889355956e-12
0
0
0
0
0
0
5.8311900740016e-12
129.58329587707
0
0
0
0
6.7574705418302
4.1042023029164e-12
0
0
0
0
4.1042023029163e-12
5.4722697372217e-12
2.0262684373479
0
0
219.44481712249
0
6.840337171527e-12
0
2.7361348686108e-12
8.2084046058326e-12
0
0
0
0
0
8.3833234608245e-12
3.3891780010767
0.016551528520395
232.22544756766
0
279.31112184071
283.551751033
0
0
0
0
0
0.00038725497218029
0
0
0
0
0
0
1.3961626555847e-12
0
92.07099997438
0
0
0
0
0.035490805453132
0
0
0
5.5846506223387e-12
0
192.76778832739
0
260.98372298124
0
0
0
0
102.82682471949
230.43113139432
0
195.43423661499
0
485.59948483038
125.15673381259
3.5123094024981e-12
0
194.10070777309
26.203503696851
0
0
0
0
0
0
0
0
0
0.00078466295773043
0.0093066080044951
5.1893745103493
228.15962685516
0
115.43985080079
0.010283842743969
0
4.0571961766886e-12
0
0
167.00083175904
8.1143923533769e-12
0
0
0
0
0
0
0
0
0
2.2281009820719e-12
203.23278740591
101.63940269492
0.0033732945763368
2.228100982072e-12
0
0.00077027249696153
3.7950846825942
244.36625001351
1.114050491036e-11
2.2281009820719e-12
658.18995373309
0
1.114050491036e-11
0
0
0
0
214.43408610734
159.38312117341
28.738418572968
130.91406270846
0.0037027441739685
0
0
1.183548309122e-11
62.690247980869
0.0017537992210726
0
0
2.3670966182439e-12
0
1.183548309122e-11
0
0
0
0
0
0
8.596532290913e-12
8.7443917780398
0
54.470635197111
26.80556374661
0.0030214555100555
4.084888481181
0.00021915354928148
7.3684562493538e-12
0
9.8246083324722e-12
0
2.456152083118e-12
7.368456249354e-12
0
0
0
0
4.4298309142492e-05
0
0
0.005046586958691
185.05254518831
222.11434861533
5.0084684394775e-12
45.65842555755
161.76292036233
0
0.0031243324443028
153.04633647892
5.0084684394774e-12
50.506587326919
113.01896739688
0
0
5.7286361163898e-07
0.099811961496665
0
0
0
0
0
0.0017785361172448
211.94660408391
2.5189385487611e-12
0.00029713361589
0
0
3.7784078231416e-12
431.17520174698
0.034219489615282
0.0013146576839502
0.0043112918222978
0
0
2.518938548761e-12
0
0
0
197.26432900717
0.026029444613337
0
261.29181333135
0.0082436032865174
297.8132780854
0
1.2533431438007e-12
11.418908226494
178.68711774356
103.2539896072
0
0
0
164.5371219068
0.0016934682702401
0
0
0
0
7.7254523297888
8.9305975002057e-05
5.0521406362586
0
274.67065243487
197.53904129687
133.05839109506
0.0012947860506584
144.59643349919
0
0
0
0
0
0
0
0
0
0
0
1.211059332431e-12
0
0
2.4221186648618e-12
0.004300892060267
1.211059332431e-12
5.3938413503975
0.0038234625776342
227.921184611
178.43726455714
194.26536471502
0
0
168.91608465513
0
0
0
0
0
0
8.2536455270105e-12
1.1790922181444e-12
8.25364552701e-12
1.1790922181443e-12
0
189.62888017153
412.72590567933
1.1790922181443e-12
7.0745533088664e-12
8.25364552701e-12
9.4327377451549e-12
0
0
0
0
0
0
0
0
0
3.4264333746074e-12
0
10.691129583574
0
0.0063342097793249
20.601886296583
194.58577885056
0
19.178229900571
0
0
4.5685778328098e-12
0
0
0
1.1421444582024e-11
0
0
9.1371556656194e-12
0
3.3046445691795e-12
290.80733518655
257.56668955628
0
116.63575158537
0.00063586422684324
0
0
0
0
0
8.8123855178117e-12
0
0
0
0
0
0
0
0
0.00035975656712759
0
0.012913158752718
0
0
0
0
0
0
0
6.3504511464237e-12
0
6.3504511464237e-12
0
0
0
0
0
0
0
4.9008335007118
7.7291589751824e-05
4.0545504836796e-12
0
0
0
0
6.0818257255195e-12
0
0
0
0
0
0
0
0
0
0
0
0
0
9.6798390262753e-13
7.7438712210201e-12
3.8719356105099e-12
0
0
0
0
0
0
0
0
0
0
0
0
0
0
0
0
5.5323425738443e-12
0
0
0
0
0
0
0
0
0
0
0
0
0
0
0
0
0
0
0
7.3979613156284e-12
0
0
373.48646011595
0
0
0
0
1.1299325168889e-11
0
0.00091137667096478
0
30.396940029832
0
28.209384196349
0.00046545780724264
0
0
394.56721171522
1.3432111441212e-11
0
0
0
0
0
0
2.2327922828791e-11
0
141.97527415186
0
0.019472071533502
436.96879986295
0
0
0
0
566.95417975485
0.016765362768794
0
0.012634902785515
474.36259861435
9.1252486794451e-12
0
61.029348754231
0
0
0
0.77358459984856
0.00018808253332011
0
0
0
1556.5914877754
2.1189379837675e-11
0
531.00202677264
0
1678.934359105
0.00076584933868607
0
1.5241595281915e-05
0
0
0
0
258.76128953056
790.46292437309
0
0
0
0
1.3004443528229e-11
1.3145552512557e-11
0
0
0
0
1.3862519198106e-11
0
1.4154636028814e-11
0
0
0
0
0
0
0
0
0
0
0
1.5971298890939e-11
1.6127636893808e-11
3.256947269521e-11
0
0
0
0
0
2.9774598030662
0
0
0.0048525278336703
1170.1766309061
0
1068.0888519065
0
0
0
0
0
0
0
0
5.9279160124436e-11
0
0
0
0
0
0
4.1985340260572e-11
2.1171851660968e-11
0
0
2.1713964958571e-11
0
0
0
0
0
0
0
0
0
0
0
0
0
0
4.9054654643488e-11
0
0
0
0
0
0
0
0
0
795.819425385
0
2.6901372262466e-11
0
0
0
0
0
0
0
5.7089969927552e-11
0
0
0
0
0
0
0
0
0
0
0
84.980052009766
0
0
0
0
0
0
0
0
0
0
0
0
0
0
0
3.4681400685585e-11
0
3.51425596221e-11
0
0
0
0
0
0
0
0
0
0
0
0
3.5374059634444e-12
0
0.0011837607200812
0
0
0
0
212.62923881417
21.693813723166
2.4620842638233e-11
1.2506887361359e-11
13.460573653558
1.781462503957e-05
0
979.17350017747
339.4601528783
0.0032512536130227
0
9.4230723069531e-12
0
0
0
0
0
0
0.0023560084756935
0
0
393.93882664094
0
0
0
0
0
0
2.3898704829381e-11
0
0
1438.3723331855
0
0
0
0.00026080131910652
116.43062182388
0
251.05354810223
0
0
0
0
0
0
262.44939316786
0
0
0
0
57.965294612424
0.00028488633776977
6.6722690984099e-05
0
0
3.3155200033994e-11
0
0
0
0
0
0
0
0
0
0
0
0
0
1.927502326343e-11
0
0
0
0
0
847.76312405101
0
23.156071044562
0
0
0.71646135570527
9.9935998821455e-08
0
0
0
0
0
0
1026.4427062818
0
0
0
0
0
0
0.14464564836972
31.503564583999
0
0
0
0
0
0
0
17.575092020707
0
0
0
2.7860912969377e-11
0
0
0
0
0
0
0
0
0
0
0
0
0
0
977.06803568526
0
0
896.26684586376
0
3.2875706091838e-11
0
0
0
0
0
6.8922044922619e-11
0
0
0
0
0
0
0
0
0
0
0
0
0
0
0
0
0
0
0
4.0015005135338e-11
0
4.0593215268384e-11
0
0
0
0
0
0
0
0
0
0
0
0
0
0
0
0
0
0
2.3146536838796e-11
0
0
0
0
0
0
0
0
0
0
0
0
0
0
0
228.81165129733
56.320912452467
0
0
366.46552955107
0
100.76469697017
0
115.24157795012
144.42330150736
1.2106337236686e-11
0
0
236.60837459519
0
6.5478472748404e-12
0
356.9775413746
363.43970003356
0.0017515398809116
0
7.1671055801941e-12
0
0
0
0
0
0
0
0
0
0
0
0
2.5814406981582e-11
1.7441668007062e-11
0.0012619218850498
900.66860042769
0
0
0.0047171134151651
0
0
0
0
11.157691172105
1794.8708611098
0
0
0
0
0
0
0
0
0
699.24687945465
0
0
0
0
391.97684215623
0
1238.5304110774
0.0048415243998919
1231.3521248823
0
0.0022354077138803
913.18610319337
0
0
0
140.97338285702
0
7.1144482886177
0
0
2034.7516471183
0.013212024298874
0
0.00070091394622602
58.040442174279
0
0
0
0
1.5668868729454e-11
0
0
1.6140520815783e-11
0
0
0
0.00067472139704171
453.79601593337
0
0
0
0
0
0
0
0
0
0
0
0
0
0
1.9463598392464e-11
0
0
0
0
0
0
0
0
0
0
0
0
0
0
0
0
0
2.2720132447972e-11
0
0
0
0
2.3669407824791e-11
0
0
1.2153574365664e-05
2.4442815717639e-11
0
2.4834182194528e-11
0
0
0
0
0
0
0
0
0
0
0
0
0
0
0
0
0
0
0
0
0
0
0
0
0
0
0
0
0
0
0
0
0
0
0
0
0
0
0
0
1.677109920244e-11
0
0
0
3.4461698918961e-11
0
0
0
0
0
0
0
0
0
0
1007.8202098616
0
0
0
0
0
3.9439279956
4.0043026275151e-05
23.399786380673
164.49537035882
0
5.3096950546045e-05
167.47453003788
0
62.622275017965
0.00092408135410242
0.0003818758181013
0
0
817.32404567676
1.6219538468398e-11
0
0
0
31.152296011333
182.72637038656
0
0
0
0
0
0
0
0
0
0
0
0
0
0
0
0
0
0
0
0
0
0
0
0
0
786.35018803253
0.0033904233669365
0
0
0
0
0
0
0
1.3928209638633e-11
0
0
0
0
95.327035668903
3.6990580516002e-05
0
0
1.5452887762034e-11
0
0.0017998106473466
46.83748107699
0
101.8102769158
0
0
357.20067528194
211.14404920206
121.71699486525
241.28870427562
0
0
0.0010958250791829
0
0
0
5.0245378638033e-05
0
0
5.8953968722623
0
0
0
0
0
0
2.0702652983975e-11
4.1808635420036e-11
0
0
0
0
0
0
0
0
0
0
0
0
0
0
0
0
0
4.9402855485414e-11
0
0
0
0
0
0
0
0
0
0
0
101.07236433947
2.3664372803365e-05
0
0
0
0
0
0
0
0
0
0
0
0
0
0
0
0
0
0
0
0
0
0
0
0
0
0
0
0
0
0
0
0
0
0
0
0
0
3.7179739876208e-11
0
0
0
0
0
0
0
0
0
0
0
0
0
0
0
0
0
0
0
0
0
0
0
6.5897395648338e-11
0
0
0
0
0
0
0
0
0
0
0
0
0
32.921316236058
19.286003027546
48.859251833215
3.2511861094996
183.93541443993
0.00027719389422477
55.938699151815
0.0003175290013131
3.2205516356524e-05
204.93750852763
18.106931562512
105.54172935059
300.92606278691
0
0.0018980003908904
0
0
0
0
0
0
0
0
0
0
0
0
0
0
0
0
0
0
0
0
0
0
0
0
75.006803688774
0
0
0
0
0
0
0
0
0
0
0
0
0
0
0
0
311.99332438087
0
0
0
0
0
0
0
8.9250959927288e-12
6.3064129577811
225.50175278907
1.8457586054364e-11
0
0.00023325531843997
155.86647391871
0
102.93266635467
0
0
0
21.387031078481
2.4069196946139e-06
0
0
0
0
0
0
2.2091431902727e-11
0
0
0
0
0
0
0
0
0
0
0
0
0
0
0
0
0
0
0
0
0
0
1.3763597605536e-11
0
0
0
1.4266758236785e-11
0
0
0
0
0
0
0
0
0
0
0
0
0
0
0
0
0
0
0
0
0
0
0
0
0
0
0
0
0
0
0
0
0
0
0
0
1.9349203297827e-11
0
0
0
0
4.0190595355218e-11
0
0
0
0
0
0
0
0
0
0
0
0
0
0
0
0
0
0
0
0
0
0
0
0
0
0
0
0
0
0
0
0
0
0
0
0
0
0
0
0
0
0
0
0
0
0
333.66161377414
29.43442007394
242.12802748573
0.00046198406719887
0.001762613819704
4.3768451088991e-12
0
0
2.4613976416821e-07
0
2.8970989501828e-05
0
4.9077544172697e-12
0
0
0
0
0
0
0
0
0
0
0
0
0
0
0
0
0
0
0
1.3184113007779e-11
0
0
0
0
0
1.429142486106e-11
0
0
0
500.44273521971
0.00072154035730111
0
0
0
0
0
0
0
0.0001051916057992
0
0
0
0
1.7881229778369e-11
1.8092444676072e-11
0
0
0
0
0
0
0
1.6701905423418e-06
1.0024592435764e-11
2.0272801128372e-11
0
0.00012037748988399
112.24660775013
0
2.1409484451311e-11
0
0
0
0
0
0
0
0
0
0
14.474604358753
0
0
2.4757135832115e-11
0
0
0
0
0
0
0
0
0
0
0
0
0
0
0
0
0
0
0
0
0
0
0
0
0
0
0
0
0
0
0
0
0
0
0
0
0
0
0
0
0
0
0
0
0
0
0
0
0
0
0
0
0
0
0
0
0
0
0
0
0
0
0
0
0
0
0
0
0
0
0
0
0
0
0
0
0
0
0
0
0
0
0
0
0
0
0
0
0
0
0
0
0
0
0
0
0
0
0
0
0
0
0
0
0
0
0
0
0
0
0
0
0
0.0058336581334424
0
177.46072311774
0
235.45890383987
0
0
0
32.99812262934
0
0
0
0
0
0
0
0
0
0
97.083272533563
0
0
0
0
0
0
0
0
0
0
0
0
0
0
0
0
2.2178350705185e-11
0
0
7.6918215145668e-12
0
0
0
0
0
8.3076836477301e-12
0
0
0
0
0
214.25300452308
0
0
0
0
0
0
0
0
454.36490122528
0
0
0
0
0
0
0
0
0
2.833992576492e-05
0
0
0
0
0
0
0
0
0
0
0
0
0
0
0
0
0
0
0
0
0
0
0
0
0
0
0
0
0
0
0
0
0
0
0
0
0
0
0
0
0
0
0
0
0
0
0
0
0
0
0
0
0
0
0
0
0
0
0
0
0
0
0
0
0
0
0
0
0
2.1219185583249e-11
0
0
0
0
0
0
0
0
0
0
0
0
0
0
0
0
0
0
0
0
0
0
0
0
0
0
0
0
0
0
0
0
0
0
0
0
0
0
0
0
0
0
0
0
0
0
0
0
0
0
0
0
0
0
0
0
0
0
0
196.93880441843
197.89440956692
0
0
0.00026595358688803
0
0
1.4965863931391e-11
0
0
0
0
0
0
0
0
0
0
0
0
0
0
6.3042444339518e-12
0
0
0
0
0
0
0
0
0
0
0
0
0
0
0
0
0
0
0
0
0
0
0
0
0
0
0
0
0
0
0
0
0
0
0
0
0
0
0
0
0
0
0
0
0
0
0
0
0
0
1.1927749588272e-11
0
0
0
0
0
0
0
0
0
0
0
0
0
0
0
0
0
0
0
0
0
0
0
0
0
0
0
0
0
0
0
0
0
0
0
0
0
0
0
0
0
0
0
0
0
0
0
0
0
0
0
0
0
0
0
0
0
0
0
0
0
0
0
0
0
0
0
0
0
0
0
0
0
0
0
0
0
0
0
0
0
0
0
0
0
0
0
0
0
0
0
0
0
0
2.7143209644922e-11
0
0
0
0
0
0
0
0
0
0
0
0
0
0
0
0
0
0
0
0
0
0
0
0
0
0
0
0
0
0
0
9.5378205631891e-05
38.653314865141
9.3479985748072e-12
2.3775307590553e-12
9.6736413261999e-12
0
0
0
0
5.2560701022822e-12
5.3420107329655e-12
0
0
0
0
0
0
0
0
0
0
0
0
0
0
0
0
0
0
0
0
0
0
0
0
0
0
0
0
0
0
0
0
0
0
0
8.9000183495511e-12
0
0
0
0
0
0
0
0
0
0
0
0
0
0
0
0
0
0
0
0
0
0
0
0
0
0
0
0
0
0
0
0
0
0
0
0
0
0
0
0
0
0
0
0
0
0
0
0
0
0
0
0
0
0
0
0
0
0
0
0
0
0
0
0
0
0
0
0
0
0
0
0
0
0
0
0
0
0
0
0
0
0
0
0
0
0
0
0
0
0
0
0
0
0
0
0
0
0
0
0
0
0
0
0
0
0
0
0
0
0
0
0
0
0
0
0
0
0
0
0
0
0
0
0
0
0
0
0
0
0
0
0
0
0
0
0
4.6048495055428e-11
0
0
0
3.1531993052496e-11
0
0
0
0
0
0
0
0
0
0
0
0
9.0809412230672e-12
0.00015637556128305
0
0
0
0
0
0
0
0
0
0
0
0
0
0
0
0
0
0
0
0
0
0
0
0
0
0
0
0
0
0
0
0
0
0
0
0
0
0
0
0
0
0
0
0
0
0
0
0
0
0
0
0
0
0
0
0
0
0
0
0
0
0
0
0
0
0
0
0
0
0
0
0
0
0
0
0
0
0
0
0
0
0
0
0
0
0
0
0
0
0
0
0
0
0
0
0
0
0
0
0
0
0
0
0
0
0
0
0
0
0
0
0
0
0
0
0
0
0
0
0
0
0
0
0
0
0
0
0
0
0
0
0
0
0
0
0
0
0
0
0
0
0
0
0
0
0
0
0
0
0
0
0
0
0
0
0
0
0
0
0
0
0
0
0
0
0
0
0
0
0
0
0
0
0
0
0
0
0
0
0
0
0
0
0
0
0
0
0
0
0
0
0
0
0
0
0
0
0
1.5814349259832e-11
0
0
0
0
1.4772280573071e-11
0
0
5.1758894974331e-12
0
0
0
0
0
0
0
0
0
0
0
0
0
0
0
0
0
0
0
0
0
0
0
0
0
0
0
0
0
0
0
0
0
0
0
0
0
0
0
0
0
0
0
0
0
0
0
0
0
0
0
0
0
0
0
0
0
0
0
0
0
0
0
0
0
0
0
0
0
0
0
0
0
0
0
0
0
0
0
0
0
0
0
0
0
0
0
0
0
0
0
0
0
0
0
0
0
0
0
0
0
0
0
0
0
0
0
0
0
0
0
0
0
0
0
0
0
0
0
0
0
0
0
0
0
0
0
0
0
0
0
0
0
0
0
0
0
0
0
0
0
0
0
0
0
0
0
0
0
0
0
0
0
0
0
0
0
0
0
0
0
0
0
0
0
0
0
0
0
0
0
0
0
0
0
0
0
0
0
0
0
0
0
0
0
0
0
0
0
0
0
0
0
0
0
0
0
0
0
0
0
0
0
0
0
0
0
0
0
0
0
0
0
0
0
0
0
0
0
0
0
0
0
0
0
0
0
0
0
0
0
0
0
0
0
0
0
0
0
0
0
0
0
0
0
0
0
0
0
0
0
0
0
0
0
0
0
0
0
0
0
0
0
0
0
0
0
0
0
0
0
0
0
0
0
0
0
0
0
0
0
0
0
0
0
0
0
0
0
0
0
0
0
0
0
0
0
0
0
0
0
0
0
0
0
0
0
0
0
0
0
0
0
0
0
0
1.9624884421905e-11
0
0
0
0
0
0
0
0
0
0
0
0
0
0
0
0
0
0
0
0
0
0
0
0
0
0
0
0
0
0
0
0
0
0
0
0
0
0
0
0
0
0
0
0
0
0
0
0
0
0
0
0
0
0
0
0
0
0
0
0
0
0
0
0
0
0
0
0
0
0
0
0
0
0
1.3097848640491e-11
0
0
0
0
0
0
0
0
0
0
0
0
0
0
0
0
0
0
0
0
0
0
0
0
0
0
0
0
0
0
0
0
0
0
0
0
0
0
0
0
0
0
0
0
0
0
0
0
0
0
0
0
0
0
0
0
0
0
0
0
0
0
0
0
0
0
0
0
0
0
0
0
0
0
0
0
0
0
0
0
0
0
0
0
0
0
0
0
0
0
0
0
0
0
0
0
0
0
0
0
0
0
0
0
0
0
0
0
0
0
0
0
0
0
0
0
0
0
0
0
0
0
0
0
0
0
0
0
0
0
0
0
0
0
0
0
0
0
0
0
0
0
0
0
0
0
0
0
0
0
0
0
0
0
0
0
0
0
0
0
0
0
0
0
0
0
0
0
0
0
0
0
0
0
0
0
0
0
0
0
0
0
0
0
0
0
0
0
0
0
0
0
0
0
0
0
0
0
0
0
0
0
0
0
0
0
0
0
0
0
0
0
0
0
0
0
0
0
0
0
0
0
0
0
0
0
0
0
0
0
0
0
0
0
0
0
0
0
0
0
0
0
0
0
0
0
0
0
0
0
0
0
0
0
0
0
0
0
0
0
0
0
0
0
0
0
0
0
0
0
0
0
0
0
0
0
0
0
0
0
0
0
0
0
0
0
0
0
0
0
0
0
0
0
0
0
0
0
0
0
0
0
0
0
0
0
0
0
0
0
0
0
0
0
0
0
0
0
0
0
0
0
0
0
0
0
0
0
0
0
0
0
0
0
0
0
0
0
0
0
0
0
0
0
0
0
0
0
0
0
0
0
0
0
0
0
0
0
0
0
0
0
0
0
0
0
0
0
0
0
0
0
0
0
0
0
0
0
0
0
0
0
0
0
0
0
0
0
0
0
0
0
0
0
0
0
0
0
0
0
0
0
0
0
0
0
0
0
0
0
0
0
0
0
0
0
0
0
0
0
0
0
0
0
0
0
0
0
0
0
0
0
0
0
0
0
0
0
0
0
0
0
0
0
0
0
0
0
0
0
0
0
0
0
0
0
0
0
0
0
0
0
0
0
0
0
0
0
0
0
0
0
0
0
0
0
0
0
0
0
0
0
0
0
0
0
0
0
0
0
0
2.6928630329577e-11
0
0
0
0
0
0
0
0
0
0
0
0
0
0
0
0
0
0
0
0
0
0
0
0
0
0
0
0
0
0
0
0
0
0
0
0
0
0
0
0
0
0
0
0
0
0
0
0
0
0
0
0
0
0
0
0
0
0
0
0
0
0
0
0
0
0
0
0
0
0
0
0
0
0
0
0
0
0
0
0
0
0
0
0
0
0
0
0
0
0
0
0
0
0
0
0
0
0
0
0
0
0
0
0
0
0
0
0
0
0
0
0
0
0
0
0
0
0
0
0
0
0
0
0
0
0
0
0
0
0
0
0
0
0
0
0
0
0
0
0
0
0
0
0
0
0
0
0
0
0
0
0
0
0
0
0
0
0
0
0
0
0
0
0
0
0
0
0
0
0
0
0
0
0
0
0
0
0
0
0
0
0
0
0
0
0
0
0
0
0
0
0
0
0
0
0
0
0
0
0
0
0
0
0
0
0
0
0
0
0
0
0
0
0
0
0
0
0
0
0
0
0
0
0
0
0
0
0
0
0
0
0
0
0
0
0
0
0
0
0
0
0
0
0
0
0
0
0
0
0
0
0
0
0
0.36442552780017
0
0
0
0
0
0
0
0
0
0
0
0
0
0
0
0
0
0
0
0
0
0
0
0
0
0
0
0
0
0
0
0
0
0
0
0
0
0
0
0
2.7924964211886e-11
0
0
0
0
0
0
0
0
0
0
0
0
0
0
0
0
0
0
0
0
0
0
0
0
0
0
0
0
0
0
0
0
0
0
0
0
0
0
0
0
0
0
0
0
0
0
0
0
0
0
0
0
0
0
0
0
0
0
0
0
0
0
0
0
0
0
0
0
0
0
0
0
0
0
0
0
0
0
0
0
0
0
0
0
0
0
0
0
0
0
0
0
0
0
0
0
0
0
0
0
0
0
0
0
0
0
0
0
0
0
0
0
0
0
0
0
0
0
0
0
0
0
0
0
0
0
0
0
0
0
0
0
0
0
0
0
0
0
0
0
0
0
0
0
0
0
0
0
0
0
0
0
0
0
0
0
0
0
0
0
0
0
0
0
0
0
0
0
0
0
0
0
0
0
0
0
0
0
0
0
0
0
0
0
0
0
0
0
0
0
0
0
0
0
0
0
0
0
0
0
0
0
0
0
0
0
0
0
0
0
0
0
0
0
0
0
0
0
0
0
0
0
0
0
0
0
0
0
0
0
0
0
0
0
0
0
0
0
0
0
0
0
0
0
0
0
0
0
0
0
0
0
0
0
0
0
0
0
0
0
0
0
0
0
0
0
0
0
0
0
0
0
0
0
0
0
0
0
0
0
0
0
0
0
0
0
0
0
0
0
0
0
0
0
0
0
0
0
0
0
0
0
0
0
0
0
0
0
0
0
0
0
0
0
0
0
0
0
0
0
0
0
0
0
0
0
0
0
0
0
0
0
0
0
0
0
0
0
0
0
0
0
0
0
0
0
0
0
0
0
0
0
0
0
0
0
0
0
0
0
0
0
0
0
0
0
0
0
0
0
0
0
0
0
0
0
0
0
0
0
0
0
0
0
0
0
0
0
0
0
0
0
0
0
0
0
0
0
0
0
0
0
0
0
0
0
0
0
0
0
0
0
0
0
0
0
0
0
0
0
0
0
0
0
0
0
0
0
0
0
0
0
0
0
0
0
0
0
0
0
0
0
0
0
0
0
0
0
0
0
0
0
0
0
0
0
0
0
0
0
0
0
0
0
0
0
0
0
0
0
0
0
0
0
0
0
0
0
0
0
0
0
0
0
0
0
0
0
0
0
0
0
0
0
0
0
0
0
0
0
0
0
0
0
0
0
0
0
0
0
0
0
0
0
0
0
0
0
0
0
0
0
0
0
0
0
0
0
0
0
0
0
0
0
0
0
0
0
0
0
0
0
0
0
0
0
0
0
0
0
0
0
0
0
0
0
0
0
0
0
0
0
0
0
0
0
0
0
0
0
0
0
0
0
0
0
0
0
0
0
0
0
0
0
0
0
0
0
0
0
0
0
0
0
0
0
0
0
0
0
0
0
0
0
0
0
0
0
0
0
0
0
0
0
0
0
0
0
0
0
0
0
0
0
0
0
0
0
0
0
0
0
0
0
0
0
0
0
0
0
0
0
0
0
0
0
0
0
0
0
0
0
0
0
0
0
0
0
0
0
0
0
0
0
0
0
0
0
0
0
0
0
0
0
0
0
0
0
0
0
0
0
0
0
0
0
0
0
0
0
0
0
0
0
0
0
0
0
0
0
0
0
0
0
0
0
0
0
0
0
0
0
0
0
0
0
0
0
0
0
0
0
0
0
0
0
0
0
0
0
0
0
0
0
0
0
0
0
0
0
0
0
0
0
0
0
0
0
0
0
0
0
0
0
0
0
0
0
0
0
0
0
0
0
0
0
0
0
0
0
0
0
0
0
0
0
0
0
0
0
0
0
0
0
0
0
0
0
0
0
0
0
0
0
0
0
0
0
0
0
0
0
0
0
0
0
0
0
0
0
0
)
;

boundaryField
{
    inlet
    {
        type            zeroGradient;
    }
    outlet
    {
        type            zeroGradient;
    }
    wall
    {
        type            zeroGradient;
    }
    wedgeBack
    {
        type            wedge;
    }
    wedgeFront
    {
        type            wedge;
    }
    defaultFaces
    {
        type            empty;
    }
}


// ************************************************************************* //
