/*--------------------------------*- C++ -*----------------------------------*\
  =========                 |
  \\      /  F ield         | OpenFOAM: The Open Source CFD Toolbox
   \\    /   O peration     | Website:  https://openfoam.org
    \\  /    A nd           | Version:  10
     \\/     M anipulation  |
\*---------------------------------------------------------------------------*/
FoamFile
{
    format      ascii;
    class       volScalarField;
    location    "0.10999997";
    object      rhoEs;
}
// * * * * * * * * * * * * * * * * * * * * * * * * * * * * * * * * * * * * * //

dimensions      [1 -1 -2 0 0 0 0];

internalField   nonuniform List<scalar> 
7600
(
12159.708322202
12275.288241994
12691.694509249
12850.721346008
12775.631920373
12565.764589612
14069.38451804
13418.760341513
13821.936329878
13938.344538524
14435.151041997
13322.871937634
14071.370769271
15144.617846496
13886.050974149
12840.053549381
12659.53013721
9677.0563979409
8815.4564080074
7826.2698202582
7359.1594500165
6296.2608386319
6919.3020744953
6241.3509890596
6674.8655207173
6535.9353690824
7108.7220179185
6852.9701477897
8152.9038177821
7051.1487708776
8168.1357037028
8748.891705021
9579.3088332654
9465.715869195
9958.2887539496
10770.186091979
11559.829357598
13019.353004636
14611.118955826
16843.876380758
17959.88163906
22163.593865001
21986.787518931
26578.82142227
25394.711959367
21255.633906753
16746.265640581
14815.776431394
11364.172926403
9271.4593357218
10135.530029241
7938.1127691679
8464.3215038864
7353.7304230686
7385.5539345953
7540.1889628817
7882.4673081006
7510.1801046016
8291.5066516504
8093.5878952595
9405.5961781119
9536.4584056247
10062.149238383
11177.634093321
12846.866084044
15151.105264759
15972.247716782
19348.228911602
22500.612891225
28372.980281631
32741.994155105
30959.954715663
27426.871305187
23646.944056852
19067.887835144
14524.851776687
12316.312444333
11504.474861674
11465.345960054
10018.398029201
12142.349846994
12468.968581787
12487.218600761
12660.135348431
12846.580227649
13394.707242991
13341.038969979
13572.321677808
13637.868798494
14115.524571273
14348.053075741
13585.067719675
14766.978065534
14289.187651135
13902.875565363
13758.660651434
11518.457688621
9996.0990856514
9200.0530618702
7732.7484774464
7399.351903585
6656.9694862152
6616.1348699189
6573.7991060579
6558.7643759195
6790.6579252106
7117.0053985163
6991.2211115596
7225.8178550121
8151.8092501457
7781.8237592388
7578.5064345429
8278.7554573707
9348.2340213337
8815.4727985519
10089.860150197
10483.283744614
11379.406485562
12870.917592028
13385.661857098
15314.712539855
16141.787338104
18748.838267359
19360.067378249
19009.153873968
15936.311991887
14514.754790997
12085.841343634
9941.9154703041
7666.0706916467
7119.4290002198
5853.9005751452
6349.5896325479
6061.6917660482
5476.9814085
5371.7450762504
6005.652330277
5508.9635483811
6286.5926438176
6435.7221057593
6120.4870206962
7527.7299547003
7605.8622048498
7913.0237482338
8850.9119390745
9391.1958547732
12589.976691143
12530.923968555
15558.319148036
18384.001117241
18222.688301353
17781.321309703
16882.018797996
15025.121514257
12247.528047326
10801.146811953
7880.6295615872
7721.5202090007
6898.5889484626
5879.775689586
12179.183931443
12338.988908165
12645.270403387
12608.798349891
13109.691692239
13062.4403113
13238.322269732
13883.811851307
13552.673167545
14165.210212001
13960.531626396
14453.088938945
14355.268799018
14310.647560255
14051.461440421
12996.813206177
11877.472199264
10405.214669711
9057.7677279107
7652.7042879648
7188.029204107
7000.1843674194
6445.4761404235
6267.2941640231
6546.1076352387
6842.9095173223
6409.2090728323
7288.4262043409
7294.8526620513
7422.5387092768
8211.4178785649
8602.4906377361
8996.3803157578
9071.9111813317
9821.904045814
9907.6611908228
10765.62918049
11798.974518344
12592.290697572
14323.513281823
16945.621349419
17497.060090498
19886.523265991
20058.847672084
19482.269722059
18161.490515434
16250.114546383
12955.666821177
10326.849525137
9124.6771364548
7414.6970084397
6838.2808967782
6215.4765571395
5497.0461391572
6251.6217968835
5884.4720839492
5907.4683935422
6344.9993930523
6369.156563965
6737.0520954453
7251.7077618565
7278.3788160194
8339.6864950829
8552.6875329023
9759.3513054
10808.091824082
11956.463168977
13674.612750679
16424.621684719
19893.026694543
21202.960099682
20997.288737653
18204.366523591
16889.926901156
13441.738547221
10757.39527119
9798.2311260617
8624.1103697332
7739.424826745
7063.6308112909
12204.45407289
12370.810854411
12523.116230023
12803.92680191
13015.984797631
13153.133380912
13417.304148086
13405.465327822
13977.694134709
13944.631251628
14064.424652729
14295.863489615
14325.75609554
14449.579256353
13926.821299266
13520.451124425
11911.035173489
10276.467082665
8825.8487575705
7901.638821762
7453.9488578822
6593.6521704056
6659.7905721293
6672.492209835
6728.1538068485
6579.7410636253
6803.3021419204
7492.5296056915
7284.5000483988
7110.7993175151
8047.6573910842
8382.8708212224
8825.1603124189
8935.3909515001
9432.2333858462
10392.186856921
10800.28693477
11936.810829077
13470.73612383
14071.694904061
16084.196081832
18240.89647905
19375.766970412
20535.390976329
19733.885276187
18197.535380775
15544.82612172
13132.153951471
10038.768591886
8715.2110583798
7848.5503839827
6722.5822364161
7096.1428824436
6359.5655374901
6092.0494495782
5950.4450177021
6187.857683004
5809.5979303045
6420.6169065381
6927.9935885753
6938.5936052366
7728.303930578
7971.830546312
8717.1072606856
9820.0725490806
10674.601597166
12495.645927292
15155.352324885
16345.577343262
18780.22224686
20346.955359443
20445.312110261
19701.840834909
16273.985199801
13748.211406408
11245.382920867
9511.8449089662
8109.532737586
7443.1796635719
6944.8866339046
12170.30786234
12395.606095577
12588.17118753
12642.148818084
13058.201587578
13375.239757418
13171.210805363
13690.464072051
13692.157385299
14182.450014216
14177.920600374
14180.077973842
14348.166324407
14445.157468977
14531.078209232
12735.146454149
12117.493582546
10257.142389574
9122.1627356912
8009.5744552534
6965.6905843649
6969.1512560492
6515.1890907493
6689.2898204954
6487.42944157
6775.8843335332
7271.0855637134
6954.7291975065
7519.0815697419
7695.7320650276
8240.2884249258
8851.7045684492
8537.1572776991
9129.7916209463
9997.9904219173
10008.510126523
10816.283966995
11978.040228744
13166.757939127
14026.280394794
15517.917326188
17826.747616119
19417.475938539
20731.367813242
20023.542256042
17784.626826529
16199.950909539
12778.701519359
11091.142958751
8784.7055720599
7525.7800661537
6786.5952410532
6351.0952373441
5984.1796502417
6112.6839357053
6117.7774572799
6201.8293503822
5949.1872289675
6562.6240387296
6607.4935689722
7332.2376250624
7250.2434129053
8254.9172799155
9149.5409542277
9108.4570608026
10315.309499974
12354.352883487
14521.119623384
16334.891401623
18994.048931348
21184.590409843
20958.903998039
18514.087170326
16576.043066409
14279.791258474
11785.591537544
10009.532087657
8312.2785571271
7695.6747180487
7432.6719619112
12198.752302969
12406.308003542
12502.744908108
12854.472555904
13059.124394201
13129.636573642
13366.3194307
13969.64189597
13739.077969901
13872.292732804
14098.121304282
14424.228890471
14279.833420597
14580.66904401
14312.571424505
12864.70695023
12078.517882108
10615.618383391
8910.2741513831
7807.8537975853
7366.8943108327
6854.5558738534
6569.087664359
6633.66443194
6495.9358371976
6966.9506650205
6235.5838514952
7638.8259104651
7534.2152430901
7314.0107324757
7805.1666091315
8117.3927213906
8117.1075735549
8998.5439498088
9723.4899050204
9786.8495617185
10942.577778449
11285.375123119
12880.381074106
14278.328301668
16051.610453591
17719.548963665
19289.431764332
20268.258094381
19486.126658715
18082.014141742
15758.354584033
12613.106592546
10569.379309649
9025.2006767237
7785.1772831438
6998.0369594369
6537.8322127895
6085.0927997739
5818.8704519565
6003.7355941439
5724.6208240108
6049.6565110126
6583.7384107577
6451.5078866161
7551.9432943694
7252.1521083094
7821.980558396
9255.5552817319
9250.693530437
10454.718540936
11922.471684483
14144.493845823
15967.704123415
18884.342874567
20399.995074559
20759.078341854
19377.25410104
16990.266852475
13710.342125524
10740.602499468
9591.2091497565
8131.8513858139
7704.1030423298
6939.549698418
12201.671243738
12482.969269554
12426.018796807
12924.273125615
13098.704910032
13136.336045021
13427.917756737
13690.730721516
13833.009975724
14006.768366901
14357.494062608
14332.278748622
14393.894921154
14371.213317396
14044.18487488
13603.711956176
11670.175938489
10562.169915138
9234.0797237286
8152.9489864982
7252.9395169501
6903.3595143239
6683.4914191099
6602.5058077659
6614.3011857364
6861.3752737244
6785.7665357383
7477.5741323998
7410.1688345119
7783.0636472183
7996.6393125691
9177.0012819607
8280.1204119997
9977.9395626994
9452.3439601732
9688.5252518127
11200.596813327
12486.053613321
12819.225994346
15066.136344314
15896.486013521
17691.823795177
20074.559876745
20073.450570374
20320.282256431
17887.156703547
16385.170467225
13328.21148539
10646.47885547
9141.5479823914
7849.1623230121
6778.7581779273
6525.9378909182
6312.5888957089
6240.0042670541
6068.1144675752
6275.260433802
6073.1848121103
6367.664933605
7055.2231385209
6802.5827011009
7387.5326946407
8170.6635711166
8481.6580054541
9579.5258065404
10483.351582683
12485.083285694
14403.894125695
16197.26981959
19120.699924085
20214.451267192
20620.120365606
19381.393371853
17281.014774656
14259.121557338
11599.93923282
9450.7099081096
8162.8315262065
7454.839685559
7068.1292160491
12227.279053626
12378.895484791
12706.353168703
12792.496781242
13122.500747609
13211.727259748
13578.781456554
13513.828928724
13813.433063297
14206.507562346
14033.61502662
14536.320071565
14517.804540016
14383.807175786
14035.979449312
13354.301347189
12088.776665272
10565.750910002
9027.6966723968
7839.5008334108
7406.600832092
6593.2169956669
6677.6160178479
6477.6086571653
6741.7512839855
6770.5246521847
6612.20269224
6892.8246332935
7810.3849796756
7456.6502436276
7818.2993999264
8247.1344939857
8300.6949068133
8708.310756617
9634.755921359
10465.620319518
10633.746578901
11536.89271289
12745.899655632
13775.938391236
15436.823883515
18103.245537382
19583.838517106
19580.348308549
20497.861002455
18645.347864849
15905.75297733
12847.559148933
11176.824527528
9219.8905595755
7787.603592312
7315.7005923496
6465.7198743902
6257.7900297462
6157.7587202486
6138.892853525
5864.6434267068
5923.7973005944
6784.3611475891
6707.382442829
6758.0089009048
7727.9591823502
8220.1280510472
8757.7523132043
9517.392140482
10841.929719874
11957.8288483
13405.016915389
15914.142813172
18930.789594971
20349.449084566
21414.900565481
19831.166792888
17681.919918139
14532.22461816
11825.025072086
10772.262052257
8722.8436025537
8257.1007485292
7652.3573592304
12245.702362524
12392.829568538
12766.966621118
12772.535684096
13052.206702522
13185.898306908
13711.070368182
13578.430197998
13842.903572881
14199.461112
13994.265071564
14788.76340691
14534.885817646
14578.142042186
14387.752511413
13329.223273196
12373.070831671
10631.555438102
9423.165704006
8031.492439237
7382.8779503024
6923.7598782486
6690.2347277449
6741.3661471424
6722.2904118376
6689.6741701373
7188.118724081
7387.0441281423
7359.6011941793
8019.3679563914
8078.4132004004
8402.7164751075
9176.0551317374
9772.9074441172
9501.6788121842
10267.225359187
11197.824595392
11818.22121417
12917.787295993
14322.506739576
15697.798722554
17841.233841365
19445.305559039
20913.149172763
19579.976329427
18591.922191337
15601.250063164
13520.022663089
11317.078197449
9689.4540725434
8236.8821174698
6856.8841747988
6375.3931397034
6194.023359097
5863.915300021
6002.786471438
6332.9777950772
6089.2101758499
6391.6438534022
6872.771277401
7122.7610723071
7558.0288332146
8049.9512487445
8454.1285167591
9690.4510257282
11014.421224339
11751.691852892
13875.505197928
15861.069443748
18693.788605064
20547.035701786
21305.490103162
19984.629594372
17115.332534135
14659.231127164
12127.924454486
10201.076492474
8606.9528100069
8198.075199686
7301.2687531153
12267.430504203
12502.00829857
12544.855654963
12998.640363093
13191.604910983
13115.378217359
13567.794366926
13619.195616807
14065.056347899
13942.678383954
14308.707158724
14639.77889016
13988.390709565
14543.926530681
14115.851169688
13285.39930998
12513.492827083
10472.285312639
9003.6162996158
8194.3616343896
7242.263178812
7047.3255294092
6556.1869068655
6536.0671153028
6763.7438460421
6582.6939544998
6831.9015547569
6932.3053382437
7469.1585694035
7582.2795664527
8031.8361885071
8323.8007370827
8846.2642436312
8424.3821731963
9449.8284984301
9574.1532730058
10512.02653466
11796.14667938
12972.946952021
14078.808656181
14951.848690137
18083.008255061
18411.737104634
20017.396188162
20465.005834871
18918.521402629
16187.127198963
13479.7325758
11168.3498535
9051.6457604678
8038.7781306407
7535.1559061827
6434.1723274162
6121.8850559236
6350.737282867
6138.0058783065
6052.3580042849
6563.184205023
6045.8371357137
6719.0647974405
7225.7355866192
7472.2909290684
7971.9923810681
8520.1910200591
9136.9339244404
10155.687313592
11300.279306658
13579.707193452
15999.396824326
18119.827049316
20630.806436955
19870.029372811
19793.972505213
17223.026293745
14927.062001335
11874.618129496
10358.452952658
8532.6784761905
8014.47716616
7173.6558701578
12281.686677246
12470.613630525
12853.448311494
12830.616885772
13185.51769027
13299.350955801
13463.767330043
13801.268213464
13930.968061647
13989.349153895
14480.397420274
14607.052351678
14637.266781868
14492.635843476
14257.965993801
13603.290312665
12213.302942966
10859.548119876
9405.3497390703
8159.6039436071
7536.7623012187
7097.4893369871
6694.0913014245
6719.5335040121
6692.4071415
7077.5372204694
6939.2861707455
7296.1224076234
7512.241520753
8003.3409426898
7805.349107301
8204.1449351439
8726.0213061078
8936.2649860876
10322.155516101
9937.9334008272
10812.628917184
12006.331606877
12762.956250645
13552.769769106
15565.207900658
17851.377859713
19173.943781273
21215.927373785
20181.764666224
18744.063707886
16846.547879759
13703.862193847
11838.314173206
9446.2959110915
8351.1240583229
7353.1133067014
6690.2181753656
6507.984737472
6007.74615077
6001.8628122038
5637.5079932217
6206.1629993451
6807.6025389817
6599.0725076527
6645.378347125
7390.9263237443
7937.8342174669
8651.3020685773
9731.387590871
10140.403670961
11489.716379344
13782.314440863
15942.638244322
18670.832933924
20365.599226337
21619.641780838
20436.55973206
18685.849003394
15617.625837125
12703.721898496
10630.090332183
9711.9880273761
8058.6167016927
7822.7710324002
12324.364846055
12564.622171503
12773.910362577
12952.873740949
13059.055183553
13301.59377692
13621.071355606
13851.703294756
13932.109029035
14425.879532023
14482.326186571
14604.520800876
14441.635480275
14779.873981452
14396.601031761
13763.54353206
12323.079842881
10844.211597273
9277.9888898027
8224.1969634646
7692.2687428083
6773.3132094556
6907.4498712828
6737.1533159308
6632.7420290533
6859.6077044003
6820.2837424961
7407.4728763179
7613.3027127932
7796.6132101864
8291.713967549
8583.7698002201
9135.0546050642
8856.3238283742
10577.38154328
10250.219640856
10570.41657782
11995.511432047
12873.8513423
14583.607621295
16173.550061786
17380.360425969
19313.982653506
20269.882118863
20866.351677861
19426.657306544
16760.856639106
14228.4032658
11901.831231907
9194.9595428106
8187.7362692972
7573.6581472611
6729.3895100143
6252.0281969604
6375.873400539
5879.7023328229
6393.3185431996
6343.6724173563
6457.6656631365
6867.9919539191
7296.1948480707
7576.7033856683
8441.4825392269
8660.3624471074
9902.4966697241
10648.746551865
11525.692342945
13722.979563884
15347.27542496
17946.752110855
19768.961899351
21067.045450683
21000.345096476
18784.448053873
15896.358348808
13171.932631008
10199.607266494
9232.437812079
8049.0085174381
7588.674723484
12371.622165849
12592.160153094
12734.076092116
12979.128785083
13277.294164819
13291.879374728
13705.19464397
13639.127778673
14284.223535857
13986.343970736
14425.518914343
14493.599423871
14413.320543069
14736.355559581
14211.691378097
13638.131989867
12214.425393812
10783.900415395
9716.8836349664
8161.8192722453
7747.6528106015
6946.3622580999
6976.9420376283
6472.9529646616
6423.0341058932
7025.7333692752
7155.1291818243
7502.030420947
7216.1731537022
7757.3082060693
7925.7910719988
8573.4000856366
8132.2086959338
9033.1124318347
9100.7467015791
10900.218962813
10821.409288707
11760.072462644
12222.03093557
14401.719239976
15178.153134946
17276.377241126
19738.653126499
19601.854844959
20771.845299277
19273.862807024
16821.861086784
14840.132875746
12197.983739817
9800.91332269
8834.9473770931
7172.4855163349
7117.870301968
6925.8333031404
6168.3456977776
5875.3077271396
6466.0463354887
6228.1026025395
6170.1629761011
6673.5710339803
7037.1360396252
7727.8312992241
7693.9860612973
8760.2343523213
9335.8194762398
10074.727613149
11866.836818938
12754.866488093
15070.313736533
17173.22765252
20908.721021241
21572.99588402
21453.152996938
19575.523738699
16224.678184908
13025.593584751
10812.604198001
9975.7315629981
8475.7129173052
7824.2564063523
12433.887568161
12597.890391715
12885.50493736
12894.028065374
13194.10015555
13544.300414822
13671.753973355
13996.379655535
14061.249386314
14239.899413936
14499.834231824
14534.687130627
14927.814492376
14781.690115192
14347.286434499
14246.618712894
12257.515766161
11430.630165691
9463.3593970536
8290.2184366709
7506.0601874154
7275.4877824936
6877.3130667311
6985.8499751941
6990.7606987509
6592.8622260882
7125.6776477425
7021.565040502
8006.6855160157
7505.076449837
8262.2175778088
8736.4654354847
9321.1339578387
8955.7336717891
9747.2232207628
10216.792679119
10456.091498596
11507.549583772
12716.641707914
13893.505078261
14581.563307054
17850.882244067
19127.344452103
20046.725678354
20776.926082566
18725.639786867
18088.496139165
14333.863433043
12318.672275885
10426.819494338
8758.2233800441
7657.6435110158
7051.6493447716
6809.9482455398
6433.485888436
6204.5879658689
6081.0385038383
6385.1583270079
6892.0662727494
6595.8095853959
7001.3406451123
7315.1103989241
7762.5635418964
8639.1875414538
9228.9935493248
9969.6547787707
10936.270244408
12470.291330003
14678.52461054
17562.634786624
20749.720608696
21134.781657283
21355.270017098
18402.076613867
16836.593986744
14437.423897364
12283.963985937
10583.001736498
8840.2671056786
8530.8862887275
12480.916168338
12686.231632191
12841.66980723
13196.080472594
13118.458966893
13578.631224953
13658.511200039
13862.749216607
14255.134902008
14114.225212873
14681.976164556
14578.796760747
14495.608857696
14533.651139644
14145.039409453
14299.595612979
12395.177903206
10903.270383639
9482.7363181373
8522.9991845066
7695.4084762428
6934.4454109257
6830.1499825228
6614.080603745
6843.3395585219
6943.460270621
6777.6029089819
7461.8894537912
7274.3767903846
7876.5407681036
8183.2288751017
8123.4129607938
8438.9285804615
8860.7603993372
9709.8341169301
10168.959894701
11146.128341472
11175.226390058
12594.089865739
14506.57091441
15198.49739925
17473.57059551
18727.273956014
20214.579807135
20616.158332174
19557.161959083
18251.328055925
15252.481588025
12149.231568976
10835.19398046
9032.3646710604
8032.9540772735
7451.6503851941
6728.8482582515
6106.3547159867
6166.4622634556
6144.4164785213
6755.1022704168
6466.8577199779
7238.7667309586
7097.5470139164
7457.7661679195
8331.872271169
8494.3872032775
9450.8021954768
10232.279899934
10889.880678073
12938.781157775
15160.784886478
17382.932126438
19854.377638401
21468.926033712
21395.413789636
20218.68224775
17502.111774163
14380.973719246
11724.357597538
10050.489371038
9184.4290785371
8031.5615271994
12524.496988894
12742.496310532
12934.717655518
13065.591158838
13345.913772908
13619.035675287
13745.540637322
13930.891947473
14100.942834343
14223.48858689
14577.097062709
14768.741242687
15335.568634201
14867.522385169
14690.049512972
14028.513851787
12958.901254799
11639.281434747
9832.001402632
8478.8991388187
8214.4427457295
7413.8671008881
7051.3871975189
6838.3469287968
6960.4524057217
6966.0553147829
6946.5099032061
7687.2338593211
7817.9871770372
7625.2438824214
8337.9193924486
8597.6789568471
8788.6131931031
9513.5002810626
9697.2603439669
10296.904381105
11079.759438504
11753.960354794
13164.397313798
13850.385963008
15631.084175
17357.784234341
18634.940487456
20891.24225034
20647.383329675
20627.913630338
18781.312740334
15384.608803069
13255.73227866
10821.941460591
9108.7169879741
8211.5174944581
7279.9285580495
6809.5294620635
6522.8433817704
6314.2468060966
6386.7028721346
6562.6126514433
6326.5810677595
7045.5743738055
6894.4514948546
7436.0304047119
7907.7358315939
8376.3211275493
9114.2341167127
10280.398567986
11029.365553894
12612.892845098
14341.431337758
16876.080013451
18714.119328806
20760.047320692
21836.284785213
20400.584376282
17741.959180247
15093.540381206
12007.5490858
10967.666014292
9555.1434412902
8640.1533643359
12619.677638562
12768.162304403
12967.989674739
13176.777015232
13426.980047097
13623.929936488
13787.138386409
14401.323176523
14171.751284264
14734.409123794
14367.959822679
14773.840901264
14907.880497841
14712.783858073
13910.441878886
14197.533411809
13228.419680256
11308.657155368
9822.1179490982
9018.2946528306
8103.0874595171
7115.2521701569
7399.3555117797
7325.4213020841
7224.1977001277
7130.2407036491
7077.9035862726
7536.4956801893
7606.4170074646
8068.8817814645
8568.0148345436
8843.2590385454
9098.5998188138
9278.8494242723
9425.535265311
10229.363225682
11550.198587907
11332.900596598
12955.917069643
13409.116688479
15609.691852784
17376.641436235
19567.164849216
20751.59243391
20675.829209344
20526.020622916
18122.220331982
15606.984269296
13591.113993814
11252.139497218
9162.7003179529
8446.0509088559
7100.8040688203
6405.2254577855
6409.9447532107
6272.9947116493
6070.2278146879
6322.4348941077
6319.9541718026
6920.5826354864
7209.222807354
7241.5150800294
7552.7026428604
8611.2497804187
8661.8864452466
10343.615139662
10710.792193184
12576.236642882
14059.111315601
16139.883613219
18555.150734198
19679.38197389
21440.068612413
19671.690897383
18255.342454461
15845.662931134
12448.506657374
11124.348407564
9430.3769109542
8497.2487714733
12581.575583768
12957.456239927
13005.036773467
13336.556039154
13359.999508474
13785.162378728
14385.354171979
14363.008408615
14548.79119502
14845.681927323
14996.830378378
14971.07741198
14980.571858099
15682.026285355
15818.361527163
14421.474487278
13353.292077905
12022.346521812
10083.881349922
8633.2107649999
8204.6855767223
7387.2536520726
6897.1528967982
6613.4228521962
6613.2829566523
6845.8037634415
7330.4408421036
7324.4741639847
8092.5157335101
7174.135613704
7771.4264865368
8539.8157074207
8851.7256398234
9442.3288640929
9596.3214607595
9681.5772008435
10498.049015029
11174.859065447
12364.833563483
13415.363817396
14210.068553736
16540.117563015
18104.736924776
19181.666604262
20486.330573778
19200.741159173
17898.835538761
15410.337187655
13831.191110496
10655.709839095
9010.1643345388
8419.4627557108
7229.829210373
6794.3349910446
6131.3336729071
6007.5906587953
6581.5147516641
5946.8904261772
6120.6774008842
6549.2705970624
6861.6294279024
7122.472281142
7297.2410403483
8197.892258611
8977.2440978838
9180.5491922664
10166.439452848
11889.795200781
13075.923019667
15171.627728083
17018.292469648
19398.855795112
20263.24750793
20459.156198857
18112.259442371
15126.525836279
12497.965801221
10629.592275819
9091.3887894163
8858.2440051602
12723.46594248
12889.880226475
13289.417401463
13327.454267255
13373.932225514
13602.353255438
13508.668645072
13436.414463611
13550.760421225
13748.919147912
13992.567188506
13986.839691877
13832.588142487
13859.801161363
13022.942201555
12971.03356993
11959.139122503
10835.003044586
9408.3925114164
8562.9159960546
7495.0839115948
7172.8049854218
6687.8962684956
6854.4031769612
6667.8433744234
6420.5437128293
6568.9953103438
6757.8429192843
7283.7477464052
7516.1263207076
7503.6703094707
8114.0461029369
7524.7399807495
8530.2158799198
8899.3359831274
10054.621552377
10375.061479643
10996.186591306
11567.214026514
12934.562829502
14119.70315677
15425.416900356
16832.186677109
18667.656259316
18877.279094043
18789.098174412
18522.254847185
16704.694402947
13673.328176274
10800.764992005
9419.9028133237
8065.6280939409
6850.0512804123
6591.8455335791
6568.5333913897
6106.0105980252
6254.5052261772
6029.153875937
6255.9448486692
6373.2915375218
6839.30722692
6959.6122594359
7140.2925025849
7957.8573258388
8479.8006330407
8758.9255722515
9903.9172214802
11435.173457557
12576.383798962
14272.39567445
17290.577660176
18991.469061191
19713.216034344
19276.429958523
18385.036799127
15920.529245189
12241.057116943
10849.707965038
9144.8724422432
8458.5032445123
12736.91133058
13071.714610527
13229.096965401
13501.300321723
13481.813398572
14048.690989353
14123.355283849
14589.383435513
14511.886902123
14615.677593078
14861.925798154
15394.072840263
14910.042732934
15367.466390561
14927.834586644
14941.988631258
13497.645844175
12031.40531921
10208.398877182
9478.7491876963
7675.3895945235
7466.7920385063
7157.3767737021
6873.874229371
7046.8646934498
7038.3207030454
7143.695836387
7486.7512761002
7184.0121524744
8156.3800240666
7889.6712840769
8555.2573164451
9155.18382837
9374.9619645224
9360.7877925744
9778.0063702919
10467.160228124
11494.568699789
11643.016873686
12988.16133422
14395.45951943
14984.182817327
17948.697069898
19665.155582261
19593.111477905
19202.466470394
18072.868029771
16043.973398928
13432.703031056
10849.94936345
8763.4114535409
8770.9845382011
7206.7714835224
6362.4121717904
5840.2267181
5995.1984217904
6073.7455116372
5590.3229052621
5543.3363768199
6557.9874881515
6057.4108491974
6677.346983095
6758.4477082836
7799.1627750432
8589.1590163026
8528.2371553186
9220.7348713119
10973.582758612
12555.531175336
14185.42193189
16551.148833825
18003.712832694
19177.569735285
19541.743718634
17420.481241472
15167.076072392
12417.133797733
10441.891847196
8718.893445535
8434.6768612007
11577.879887255
10561.942890066
9638.9246396073
10165.538162552
10119.14514466
10289.639599777
11106.273406068
9340.2665835791
10061.679694812
10570.341420279
9369.0400549451
9334.1920329285
10191.022789509
10555.442641834
9284.3661262777
12086.244510213
10759.391042596
11225.064719709
12560.35755877
12922.213627231
14405.541831528
16691.651634892
15709.923870538
18974.417106373
23577.121212151
38046.69887623
45077.897141989
54748.911744986
65844.213697884
61476.977187608
54125.341176665
45958.184485218
31846.863880747
21418.989976578
18324.07391173
11873.712411322
9575.8238401217
12107.194051003
10314.915137526
7966.1981339286
9169.3828404784
11600.255901669
10504.500399951
9895.081232192
10960.855711245
9848.5958291296
8407.5196190885
9098.4589297706
8702.8928982578
10429.447677159
11462.170995549
11750.987433362
15062.438229744
23996.360839488
35298.308786907
51992.880172455
80877.281506278
120606.12775281
178511.95412126
238389.94355967
321841.11664131
434747.00186926
510451.37766316
636616.10433969
718735.71737925
865117.05451793
971769.70383186
1025299.3505523
1147349.1238198
1180724.0401419
1242113.1645929
1201655.8723154
1249091.9872404
1229747.147394
1338018.9875356
1315445.1144717
1387794.0212664
1476818.2483369
1561619.3697709
1756228.48066
6301.6536211016
5915.9691266974
5517.7871695983
5754.1498852819
5587.8233405784
5279.3863793504
5644.4259944873
5339.5724510854
5581.3693441757
5459.9237141841
6227.4618231298
6336.9391280452
5968.6013153498
6110.5817336685
6830.0370945236
5691.6693893955
6583.5983134108
6591.411748989
7813.2778357745
8145.4337689116
8000.8003397919
9830.3969099019
11362.306820732
14638.736304091
16828.119049332
23939.949001348
28906.000556057
31708.534973788
31831.062645259
33616.391693397
33515.737552733
27578.651225555
21611.560354027
17073.951415924
12357.774595673
10160.541746999
7199.3074264133
5732.8524039252
6840.553038755
5654.4101652442
5323.3519555
5735.050673859
5387.9686889581
6297.2586981319
6731.4849832395
5869.2434898263
5862.8924463605
5649.4766566769
5190.8105918359
7866.8805318463
10497.399687888
12336.140999134
20506.074099395
29418.437078033
39006.534348997
54267.512519024
63063.497897986
80594.15113754
98437.322051681
116666.16277816
139049.35477587
181457.90911832
198143.02973897
244344.79694149
273178.73428448
318471.49659202
361280.20881897
380084.39753031
419886.46252301
436738.42480789
464719.25544369
472672.45568884
481147.04845453
514687.57706726
533928.74562248
570606.14235762
571190.29077332
618460.4254774
643146.83379642
725862.70147444
6764.8357038818
6789.1161292243
6699.6955519794
6533.2065309503
5323.8707121154
6504.4450585436
5536.7936934016
5779.7399477132
6535.0452355847
6216.4056901013
6085.6173559338
5526.0171760745
6208.3705479407
6279.2683444664
6187.488999769
7332.9665230331
6256.2947212137
6922.6825589328
7728.570689111
7963.7024209017
8144.0506406097
9161.2502738807
11205.037958562
13060.808564834
20217.118789063
22165.702167359
25844.225742656
25782.867202399
27793.516715744
27358.360891629
27071.339470292
24370.927015237
20390.652415878
18141.018107431
13549.36227849
10423.590736137
6769.5091930956
6279.5159499394
4926.9177839018
5766.1079283538
5467.2411421873
4886.3277517512
4643.2172066572
5505.9992256141
4621.3450206629
5592.5445023219
6429.558535237
8651.2014194745
11110.810168688
12986.689683438
19099.135083374
24789.714978412
31522.686616263
32136.238001193
38183.330316581
52534.794862908
55736.506778412
63422.558630532
73349.443316421
81337.997213871
99204.34619583
109846.87603058
127334.73360884
139618.40051047
162298.78680242
194188.69743648
213336.1601409
245597.41141506
273556.87478876
273300.24099314
304024.12703406
309041.51404855
335700.6722007
349465.5738308
371884.43724042
391388.81520811
410779.8668438
433297.89560457
479138.18140839
504941.76325124
6528.4566883085
6383.2442175564
6316.11582069
6035.6915052816
6203.9359303599
6613.5608783985
6200.5158040893
6086.2435914561
5968.1136844051
5974.1005432902
5874.9856353291
6552.8601550231
6306.6844318405
5694.3924221923
6077.9884941242
6837.4680961855
7623.8403268491
7501.9459142017
8396.4946060494
8450.8509758567
8029.2908924165
9844.4392036435
11377.121257044
15418.83200779
18488.705594923
22459.682383517
28249.835066546
28799.365007658
31583.051409371
29898.065948453
29914.612710028
26324.262362006
23410.968350547
19158.627118174
12501.673950727
9473.6565766811
7876.496265463
6401.7744556931
6485.3871029078
5659.070178881
5274.0539012078
5407.0324669761
5983.7997023382
6094.2054567415
7253.4068506144
10741.390185772
11321.457755381
16458.00643701
19958.080408196
22604.289506986
25254.368396303
27197.252438986
30406.713735915
35872.096146028
39847.318674856
43084.161508464
46726.107549795
47145.590871729
53020.026775508
62250.22741877
64185.032073656
73527.887746361
86178.705465592
104277.38685975
113437.60818234
133932.50863214
153361.62935375
169045.33595669
189795.60014778
208656.80724214
215037.65019531
234491.31113003
265616.51470757
274281.54183703
291381.8926703
306537.21356648
340697.15173907
368933.31250995
378793.22902501
412018.88322117
7100.9816536298
6934.1228363845
6383.9418367064
5849.8494342537
6083.1130140799
6447.0220577026
5597.4109570978
6943.4725824534
6242.3187721829
5916.8683627593
6205.0812645404
5970.2882603927
6730.4467329832
6205.7429545397
7017.8951844892
7231.530840702
7995.2149980896
7383.1351990121
7884.9503919826
8264.633198904
8916.7667012015
9868.3237319704
12059.887048814
14261.328820945
17193.312937845
21374.182523064
25234.731562119
27952.604446106
30124.188341556
30357.586016432
29476.958930011
26785.055278039
22372.500328583
19455.810909226
15369.12566603
10362.18690102
7926.4043902648
6845.1394291159
6147.7695394697
6239.3154650373
6558.597462815
8400.0293464484
9641.2113386698
11980.094035657
15786.545537539
17053.235913791
19403.978337964
21829.979470738
22858.974643649
26214.066258226
27863.715508739
27215.077589331
31092.24927974
32235.708261037
31509.130550233
34900.723966473
38595.114819498
40011.128548341
42809.665755191
46880.836204509
50263.864851476
57470.601312681
63353.548005571
73754.658955897
85166.609725711
105069.29259655
118971.2855333
126537.47406351
144164.04507312
158982.48981993
177743.8360431
204180.40865653
210702.42818671
229851.33394551
247931.24966977
271067.64452437
289927.39320148
326060.29038377
354816.05849714
360893.5844862
7368.8354418329
6380.2635626493
6468.8603417403
6035.2089749975
6220.8640256017
6006.5765127943
5969.2355551464
5845.2417855524
5959.0167865871
6460.3939488966
6290.6455739069
6390.0957296871
6273.1323021397
6352.0227795067
6914.7770198859
6658.2168605053
6695.0981306701
8298.6032529365
7315.8210949747
7628.1450190227
7873.903589007
9852.0450548939
11862.808905135
14478.081495352
18888.299538854
21379.605609325
26960.053436542
28951.723450499
30052.205887783
32035.670525562
29020.931106959
26588.274777716
23090.446866623
18617.491562225
14635.132367508
10918.393713016
8453.3193531962
8099.9922336055
7980.689229417
10069.256162346
11315.151824777
13924.337153583
15910.756502416
17593.408993406
18308.29835787
19990.219915046
20474.835472523
22698.030065894
22983.400354493
24370.641987049
24319.298237533
26400.797387564
25020.741028435
27115.03299711
28670.822239631
29623.962475342
32541.308857969
34549.381157857
37053.230125682
39661.92479627
42152.358213268
42339.251656969
51794.335385049
55386.647881635
68618.262786151
76107.560974122
89376.423400408
104972.90629147
116503.52074597
134225.51536947
150326.49076699
163895.9342507
172997.24527159
204665.69115856
219976.15699883
241440.06938516
260109.00014518
278339.59254568
289305.35040938
329855.58017306
6065.2280401751
7122.5344728897
6310.1032151931
6439.2249005162
6278.0650779117
6329.6072602254
5821.9262180169
6608.8528701746
6016.5342294805
6143.116858866
5679.3937758874
5931.9523494488
6442.9287787894
6485.1081816539
6489.8187522617
6549.1731467083
7072.537439667
7059.0685383747
7429.843496215
8634.3017046414
8138.4782255622
9671.3258071588
11229.114412791
13692.2361565
16936.484207808
22992.182541988
25844.012157496
30097.00816313
30171.339956728
31725.721376271
31568.242040168
26828.607896487
23064.720077359
20581.651866076
15946.807254929
13057.319443826
12205.878510725
12817.667048346
14457.480909314
15608.33558735
17927.420728722
16807.936509676
17442.961852481
18150.837192174
19395.132114147
19750.796354625
19550.10926651
20131.596446319
22116.908279796
22373.044889296
20609.449430518
23679.609316304
23288.137695998
27912.736021841
25314.544162636
26982.585958103
29241.159561484
29809.487575185
32971.404966131
33782.680526264
38837.073599943
39064.493021618
44831.576055042
44228.425867012
54809.446216378
63021.136268002
74629.745787426
87144.087467486
98002.708308693
116782.90302191
131945.83794693
142410.64781575
156293.30513833
177561.14845764
185304.25733481
209208.26543876
242463.053491
269288.17765311
285458.98118978
303760.5644689
7163.8997304311
6280.9698109491
6484.1350951933
6673.2750058987
6497.5361528273
6514.1192722751
5942.3580783504
6351.8843892355
6500.0601719254
6528.8871057982
6142.5098079784
6225.6000490455
6161.1089401746
6443.0500112257
6699.1400851427
6254.7489638786
7018.7049045564
7137.4557436326
7486.4677954865
7808.8596717737
8733.2425607419
9899.1895561875
12024.181146616
14170.697059304
17309.097728986
20447.532786798
24817.511166173
27952.213043927
31330.213987149
31228.606253922
31416.074516719
28751.395286306
26163.725015048
23647.918507907
22755.614419203
18658.786532572
17878.150964051
16933.806965901
17902.181357976
16984.903487126
18007.307079645
19449.824213525
17602.453749437
18687.001465056
16833.978323849
16944.146713133
19285.716142894
18487.419075097
20873.04146484
19371.653045152
19990.134493466
21411.789071301
21287.90094414
21101.183049077
23509.763974047
24673.392312851
25434.607035627
26032.5862581
27985.853866495
28713.250821864
31516.026890004
33098.566033887
37578.285738498
41112.050824595
47657.555650345
55991.397421821
59239.424993583
66371.433296677
79315.000129258
94262.282529455
108231.76030119
117778.87325544
130477.80346465
158614.37512159
164746.72941395
190967.1243126
204456.84703793
234471.64974641
259944.3463964
286541.63601119
6666.7081484876
6320.2151295805
6240.0514599072
6833.2693488225
6558.4216647375
6166.8977712852
5914.729778609
6477.2984227754
6138.6020776432
5990.1659428865
6427.4571781197
6836.5994733149
6762.2366957954
6603.9907771867
6663.2096897627
6519.4375669305
6998.9437645614
7114.2572861685
7964.700262812
8028.843822768
7796.05068112
9488.5104007001
11133.289900062
13488.884911896
16925.270792097
21748.815716202
25789.294911552
32206.62721747
36837.181379036
38953.834510463
39998.778236473
39058.93933524
34626.996925191
30850.443060555
26722.313733084
22380.322312929
18695.509032267
17120.688051745
18095.761712485
17619.378298393
17582.594818946
16973.542721457
18381.05806546
17465.953302513
16708.814399318
18123.591756452
17983.366218787
17697.700362692
18607.427958336
19094.070243817
18755.604013156
20153.063667256
19284.118614687
20115.503458395
19729.829860455
21412.111909556
22188.271525049
22244.348003068
26299.61406181
26509.991260661
29532.042566149
31321.778385232
30809.345231192
37454.551932041
40969.665998237
44167.543042909
50556.446672996
58269.525356397
62365.621866542
79460.248137754
92489.501023669
104748.23668664
120579.24801027
140011.31204819
158947.20954432
180267.49660654
195624.32810938
219063.52614728
225064.1459929
270671.63394139
6747.0591777406
6902.3437964554
6328.1307270192
6037.1635256703
6460.8345445622
5906.5255740934
5734.8702190934
6347.4528689331
6149.2474552416
5774.9768277187
6078.5174732181
6166.5126313536
5977.1718626854
6046.4370620234
6536.9066753372
7552.4159791815
6622.3213987602
7129.8849988772
8118.0331792888
7544.5934214088
8534.4479012075
9568.8708927239
11279.871697894
15526.644568509
20461.382384865
28756.440722475
37008.018625518
45559.494480241
48769.965585293
53983.377564506
51029.185764403
48063.474247156
40521.561540111
34192.304889693
29906.692080147
24220.453532232
19825.577209002
18562.869997951
17803.14879584
15823.31453614
15589.499937194
16400.74251769
16620.099491069
15680.08227857
16555.416807273
16373.243158807
14985.185388126
16625.110164572
16560.284455693
17195.707563446
16059.569892255
16854.253952763
18702.757283293
18634.953345206
17536.058806889
20403.854969125
20578.810172211
23154.684779678
23667.254775899
25276.09344312
26505.173805325
27247.716862637
28288.598237552
28158.570510474
37659.500160009
38155.402258849
42925.114384584
54033.354822076
54184.134054828
66143.790735902
77138.645495583
88562.793866923
108502.79023874
118171.06483087
133153.54982144
155586.35262758
175865.09780033
190236.11759476
223676.47463679
252985.65975013
7422.2314210652
6927.1476053706
6778.574741596
6084.2520819893
6341.8573050001
6139.5828382889
5336.4635930949
6369.6841870987
6313.3946673586
6181.291516347
6246.3106428826
6150.507009796
6983.7426178127
6164.772745829
7218.6010732686
6769.3499270579
6800.5271029128
7511.2573219797
8105.1157157724
7729.6257309001
8768.789554899
11219.474310501
15670.084133503
25433.328759839
34718.159986571
43327.375960938
51501.743345592
58332.911110216
59045.410604568
63129.554891596
59514.336096335
52648.878969526
46175.641642362
37316.391342928
31181.307984078
24443.190713603
20723.826803221
18755.106904043
17048.281660107
15673.911054654
15959.392165492
14828.738167535
14837.925360303
15577.613691271
15023.119438917
15178.0847313
15785.237938941
14694.086198053
16157.18511258
15398.278645872
16363.288148676
16333.319780973
16822.442706838
16166.360565871
17201.403711439
17367.560110449
18555.316686262
21131.480000732
22414.012056426
21569.326956498
23407.15599627
24744.02538837
24435.054978668
30297.692574604
30488.001140959
33088.512148755
43072.354900584
45183.624660462
53042.679118313
61100.582672223
72906.61975955
82796.324388464
94568.984522988
109089.74245126
135450.90084196
139756.44329542
162797.73211069
181055.2151261
199042.91069779
224462.72152935
7782.5596793727
7315.1998534331
7414.7603514161
6568.8244755036
6633.2598587923
6376.3696163165
6192.2308090186
5939.9130018274
5766.4015331219
6450.9746791167
6703.1930669444
6161.6965058079
6330.4512793675
6375.9029924313
6937.2585446303
6516.8942028139
7081.0907727812
7596.9699591606
7225.0972301052
9171.5574469868
13492.12857634
20593.820156134
29459.560577471
37993.583067018
43340.101123707
51127.444389223
57185.974960804
61647.816327317
64449.931441528
66293.928762051
66622.756426839
59612.929497679
49977.683017773
39526.598837139
29605.311634206
24738.298475063
20749.122779822
18397.551128793
15821.12676225
14989.469656612
15579.694981286
14538.788432869
14094.205713252
14790.981281983
14413.649163219
15136.504772035
15102.200394543
14841.729382783
15075.702927158
13538.547377459
14309.212788867
13832.489054228
14961.801191997
15156.752928994
17094.83603303
17558.605502893
16228.075050235
19093.732863827
20632.149990615
19407.343689714
21495.378756655
22523.427048505
24809.210793637
28663.55572387
29464.049694189
32327.338528955
36966.697297368
42785.265341987
44966.822825805
57603.306188325
64571.133177156
76264.489181088
88685.076723467
100300.95669124
116413.50671821
126616.62659548
157801.49634793
163468.32774438
183114.97066177
206618.35845376
7347.8966084248
7026.890594316
6444.4290964632
6716.2322714275
6751.4627726681
6224.717322393
6271.37061179
6575.5922027998
6279.9046974257
6400.4253785931
5835.0305532089
6564.0540587561
6430.426739462
6233.7361679205
7322.9397484958
7207.2891251529
7833.9413569653
9216.0357306301
13206.792275603
17688.98715899
22340.512560145
27768.983653462
33677.530107155
40043.721660914
46219.621167922
53654.946439544
60453.733082766
64200.697849208
68443.924356491
68855.409511863
67525.31931907
61276.409547606
51622.476210244
41044.07001997
32856.037601488
24650.31226875
20952.850111959
17625.125205563
15241.806355138
15805.884593562
14102.851820301
14019.029246564
14955.49287979
13950.444646993
13708.68333465
13920.178761164
13845.234025128
12809.065882996
14505.997786096
14230.56855773
14162.765040278
13395.616384289
15148.291058594
14781.347349884
15550.184478632
16686.09525055
17494.122844273
17074.233239963
16102.295680811
19878.517819113
21176.740327259
20150.032931945
22654.548938097
26033.630988271
26739.24354933
30305.705489881
31544.357896207
37878.119568289
44389.996896393
50624.449426056
65428.53670274
74169.438118961
84853.716898538
97136.715310258
108088.05466867
128964.52491822
137651.29607236
148937.24952202
179359.00378793
191444.99221684
7317.7381470801
7149.7884447772
6829.777285789
6577.8877179028
6826.4235720998
6581.9806007369
6859.7424449442
6233.9018426709
6791.2234997436
6609.3051319874
5869.6751249143
6599.6854516304
6377.4685303958
6845.7486994451
8299.6448185407
10170.296456917
13174.892706085
16173.020934154
17845.007053187
19568.89541307
22241.81683014
25815.377135573
32244.225841315
38122.525082683
45360.052697551
53722.884611505
58126.448154639
64622.00301238
68363.721399111
70706.421896501
69228.763110332
65298.706665204
54154.73981381
42606.548885485
32870.023873312
26807.016050312
19477.806839963
17393.202487098
15255.309560172
14368.112192016
14122.044135362
14222.956528624
13243.540050414
13220.287745943
12884.746673045
12566.461946757
12630.253674958
13815.496099197
13049.287035641
12425.790877736
12773.237949694
13605.484262931
13226.800451756
13954.064941693
14676.108882876
14730.325383268
15961.355422396
16333.744356785
17118.47301797
17989.3357192
18614.284110924
20663.541563511
22261.985902045
23280.553377376
27949.304529046
27899.58800404
32770.063156461
33883.451382165
40391.146302423
48694.148008462
57917.75987939
63239.238988043
78277.641174106
88951.856213409
106499.93841689
115096.40030156
134983.98828855
144013.31918778
176227.25904785
199841.25002607
6824.334958336
7019.0923246498
6833.3417781101
7023.7692953933
6489.6730629352
6664.2267220393
6186.6179672627
6361.7479280258
6303.4446878304
6696.136343707
6631.0410107596
6933.8505975661
9288.8233970924
10715.492548155
12912.831147436
14968.235674585
16414.730207429
17010.691109795
17192.433339701
19121.85951013
22178.483585864
24247.281336585
29118.817338736
35030.815332336
41334.019137735
48584.167317842
56801.241252244
64260.447040049
68751.414485519
70428.346933001
69049.004485444
63696.549272044
53360.566018565
46225.161087335
36069.158669026
25274.51750701
20752.383044478
17722.038410223
15200.324429464
13488.398677445
11874.281194693
12575.282254051
12407.04652669
12901.459219235
12213.29661735
13466.901692957
13205.894018149
13938.752068909
12901.869132853
12490.483851061
13366.334771364
12012.625290622
12247.814382492
14832.952244954
13784.001339324
14647.736004194
14624.08352469
14543.45295354
15828.037267794
17354.298885163
18638.612942133
18963.863032889
19951.298608417
23521.3182406
22338.975346467
30391.13413321
31754.783181343
36136.819660339
36966.374272523
45326.972852709
50920.999545061
62876.135574044
73593.843015194
83736.404317618
99148.48033806
103023.57837559
132243.94183566
148264.82836948
160923.03968388
181688.42283731
7622.0535591099
6965.9290711738
6486.6835994684
7066.9564101427
7167.5462641903
6681.3714650433
5901.6923304531
6518.0048395679
6180.7150419504
7236.3256345371
10319.748815515
11385.902194678
13305.242673067
13306.301817494
14241.926246737
14183.68810142
15886.605572573
15768.547312782
17884.899121559
18274.891536762
20429.426252898
22612.290999664
26606.688088827
31564.275660743
37652.843640509
45383.95478969
54650.727217492
59057.369220355
66822.273110706
71550.482403692
70443.901167924
66351.105645877
58055.60369261
46509.788558806
37080.495088659
28148.944636941
20743.687987544
17962.727204734
15537.076179923
13949.919848631
14049.132244244
12731.266575548
12230.649944065
12283.305760726
12092.641000004
12244.115960947
12215.19639171
12294.340945623
12544.821721092
14664.100470267
11735.987041904
12902.499629297
12547.949142644
12700.066726047
14317.390962508
13904.90792933
15511.710111216
17701.678240472
15870.856868782
17502.608446394
16732.564883832
18999.699613407
20447.812172358
21167.915194275
23720.57887705
25731.299403984
30054.904827999
32240.653172576
38127.422374093
41518.623274967
45723.068937524
63361.448864105
68516.625261941
85120.637328896
91393.227318764
108441.57807679
116789.59464052
132897.60212533
151488.1352195
180203.53577354
8299.7710140992
7028.0326626452
7071.5864355771
6882.2308038106
6286.1136671154
6660.6176478015
6498.613256259
8452.9106749503
10834.030395452
13045.114619978
13520.105991533
13169.415983492
13409.061396568
13401.87504671
13903.801628084
14617.477992078
15335.180304728
16745.379398791
16777.721618114
17362.271902524
18888.740128719
20904.670551814
25264.499834839
29513.304771122
36064.548133863
44184.761902134
51877.218397879
61544.425098437
67754.20053399
69012.773752153
68240.590055222
67291.973883615
58757.905890676
48343.89074317
38392.411980847
28279.035247759
21850.489812198
18109.609130799
15480.793177954
15050.036966477
13496.965306601
11836.342506263
12380.599210883
12440.189163309
11718.363513877
11373.771305848
12017.525017648
11897.920318584
11120.230330863
11331.72494412
12891.620179104
12273.861462477
12763.825719064
12760.556432182
13364.088681269
13559.998934398
15146.249605497
12635.176420354
13313.209085417
13887.281742268
16440.400600416
18531.625234138
19866.821795268
21578.91474409
21457.725114873
22539.730637608
27733.596970013
31207.773419266
34811.493650585
38036.66278012
51512.012231071
54104.389228756
65576.131957499
72183.336592446
85991.79099839
99032.845804118
109161.438758
129595.72118003
146760.72362861
168955.65636137
8071.0025099394
7183.7890283457
7450.8383469525
7164.2798715077
7233.939033078
9019.2066772091
11806.857348332
12108.820822197
13224.681658308
13628.399262378
12335.157834056
13224.590839456
13742.42006674
14153.438393201
13583.177447409
14809.168838853
14448.548222436
15615.820315471
15709.108439257
17144.221798719
17662.565607883
20564.282886867
22532.568426544
27247.947365213
32764.120167996
41295.317929096
51334.941812454
58833.780144205
62133.237390519
66404.272933236
67463.358375963
65669.010740085
60175.763517979
49788.506160645
39283.913024531
30254.673833254
23498.902162018
18316.266902805
15528.569201504
13864.129702484
12388.612299168
12615.26722645
11511.332754444
11308.79485493
11352.858993885
11582.500065372
10873.650498097
10387.231256832
12597.986868415
10842.276613001
10433.455088383
11362.864246612
12948.66766834
11717.370628072
12944.323223197
14201.949225306
15525.366201961
14702.835994573
13318.661598074
13489.881155783
16898.032537276
17533.921666459
18362.691461148
19855.117715227
22538.267194763
23150.372292603
29157.134416796
25524.458020076
34251.674577253
35897.608739691
46337.661678448
48666.097844276
60978.827055222
70682.040531733
87530.475426072
89398.325428297
106134.60270866
125669.46443484
142429.67880442
157632.66783692
7547.0049404326
6799.1454162379
7471.4743057724
10423.726676918
12754.522977186
12283.587691981
13084.008567441
13398.327802974
11905.811533539
12616.066697104
13620.712999238
12160.773717317
13390.555540283
13501.893161646
13901.992414503
14092.265721565
14631.319804403
15198.995802468
15727.897966086
16215.918623172
17566.505316106
18810.148703833
21816.325224601
24588.774217749
29854.195687662
38294.066289599
45716.446955634
55467.373788022
63264.162413963
65089.135817181
66113.011450352
65079.088898114
59267.94455805
50533.955252129
42551.268295471
31269.913835104
24717.399094849
18594.642868714
15967.411394174
13172.444529365
12671.725498272
12072.50251599
10439.990728063
11763.271147291
10813.602907476
10682.564434635
10109.972987201
11326.800423734
10621.54706535
11457.204416106
10995.956760396
10828.277204911
11618.810702942
12341.358255761
13025.038935613
13361.368954639
13484.098256656
13048.537645959
13456.127977277
15705.411819926
16995.449618282
16726.696820584
18245.639462152
18695.215873736
21413.295782557
22620.351290396
26558.926334016
25760.45492543
33083.948490519
38264.354027505
39128.731843306
52779.610006665
54315.293426623
69616.188002052
78136.406463523
89861.572370395
112218.92699744
124059.58911121
128051.58735735
158292.6370148
9030.5293705799
11648.912872492
13785.50763237
13145.591728607
12875.121024728
12463.830436574
13093.20130419
12071.922754883
12495.379107385
11777.86480672
12977.438127641
12865.832173846
12289.097769792
13161.59210471
14666.609753767
14107.046129126
14577.450154899
14421.299871232
14993.786529608
15468.631152869
16454.520232464
17193.814118857
19516.427889187
22172.471685266
28265.561500959
34899.812823788
43745.001054923
51658.347394373
58342.338552337
64273.97684447
66818.165040774
63815.633773669
59996.753762039
51742.557141903
42418.781608413
32422.536326157
24519.844097511
18045.115353492
14671.771366135
14170.307144263
11683.159760417
10972.96652151
11329.41057228
10856.446815717
10875.99947472
11378.289019906
10990.787836682
11200.829234628
10442.181520848
10911.520327993
9550.3859334886
12224.29023048
12336.605951874
11980.060796024
12471.051991049
13109.354933205
13596.089421906
13057.860712111
15735.621656371
13822.138678875
14216.56335268
15811.141917637
16796.298956675
18398.673908448
23058.362401452
21734.999712098
27168.714353604
26781.578833918
34472.750782811
34604.255008798
40257.397197486
47437.149589756
54931.257938364
66428.031675486
76151.845455372
89149.294194974
99258.919241325
110017.15222586
132602.75195485
147631.68031973
1708851.7286291
1763822.4464807
1906796.8676218
1777672.8600031
1811813.9408597
1774588.0967069
1799310.8518593
1729169.5532128
1899800.4353931
1871136.9644925
1727945.4248992
1757423.5160595
1838426.6807783
1788070.4933576
1889385.9675885
1887193.9083552
1734931.1022679
1656762.8707768
1853458.5061247
1622742.3836877
770485.90825004
764109.85238098
805124.83264364
784962.82353116
809109.50564278
826860.37946494
800085.86649182
826170.88866752
879081.92850471
860452.71869333
837296.07485414
804809.01804135
876016.35054573
905662.69196499
845831.10243417
877331.56287158
825912.13353615
796325.93085219
762873.55857008
749897.70176673
531157.77504937
509760.54376511
582361.07946542
608974.26443597
592804.25604366
633073.12414775
618411.97365997
630816.34518967
607502.49158688
663149.83428964
618115.73860241
640518.47968149
611985.78931798
641698.71688022
599886.99697676
643701.75210089
596668.28915021
580015.16835625
528849.77243404
585835.06837653
427054.94592492
451439.22707307
498597.90890589
478361.38092553
515508.63563404
485962.32614591
490578.50790336
513916.26568439
517357.32685024
539440.50259831
580775.67871343
525578.40651557
544580.11532892
538562.12942995
535316.68856695
512196.72055272
543747.06702379
511245.21813685
515431.98877818
487255.72302966
394124.67542042
419485.16086923
383548.37062287
435536.85368034
436795.35034147
449314.27761865
477955.19145509
504519.75788924
479250.55715111
460144.57022463
480552.78941236
454267.90369203
467191.71356272
492703.34287943
486859.37112014
454440.96382283
455170.10627967
455092.2928951
416894.93769543
508942.72841907
360165.06321552
370709.26453828
377078.55697447
374059.86583988
405030.74288601
402458.67807977
427134.43220143
447167.81967952
431659.0369011
455382.90823152
455352.13953044
449563.62712141
454242.75070436
461764.82673384
438958.56538469
449872.94689676
448228.14391185
428336.09251005
414248.66811753
436305.87938655
332468.56786317
334189.89698287
339871.30615866
378187.03594023
378405.01230006
374117.17514201
389990.91825394
387791.06716907
410563.17618469
449875.20890732
430425.45986867
460473.36526762
430310.80857073
417083.26886265
427513.79023208
421244.17928931
435211.66992968
409664.91812007
413814.24671862
406003.18855362
302044.37440936
292004.4063423
334143.84038157
317432.30858407
347205.22783444
374991.81418337
352400.08181149
384630.37275079
384144.09002997
398364.47633496
350606.06627889
406742.31904228
413865.90597943
399203.2324573
370207.71788467
379264.83393281
408473.14735015
385721.07294382
425135.61604056
384294.99731854
271368.211917
289074.32386879
316556.05391838
311182.08112261
314284.90889986
305777.60781601
334693.96856379
374466.68617685
345194.1771723
372541.45184001
383464.48365628
386532.44965915
380654.42380836
386220.86955275
376878.50541097
378971.18805139
388183.58206214
383419.78387751
389594.24345773
374034.04683237
244650.63859929
295963.20356852
292986.12417086
309595.36258429
318624.52602006
330280.08627267
308514.89368566
330406.80378384
325741.7373911
345453.95935805
356550.04157888
375448.09013088
358351.54199625
348190.20253386
375432.29180513
330566.72970213
323187.58719323
361218.74078013
323010.22333387
276699.9991186
243187.94939318
254017.56255197
267042.96691274
300150.1023192
310261.76259562
308753.51282736
320834.72356787
297963.95841442
321833.74864433
350102.10683492
331056.70265166
353377.02317558
339252.07707286
333830.08315116
321986.19008416
293535.56848333
271330.97842317
238962.77995143
212519.20497778
215854.54663182
217657.61026835
248960.35848902
256022.51625531
262293.96481936
258592.63190805
280348.06522745
283726.83800456
291208.64674644
304612.48731515
282022.21216272
309109.72873627
311608.6109871
274231.67677694
278273.9075527
233917.68102734
194519.27020158
189417.91033983
183248.8175387
189617.37902741
186903.18775284
224200.84242463
234236.8942859
258572.37458173
236308.12649042
270482.60521934
271003.51710441
289399.35136475
275410.74433316
257234.27256663
293862.27731066
274180.04714021
223672.29318289
197049.38289901
194995.90736065
174969.1958632
179901.27694661
168233.32421148
166358.55548127
162701.54596929
160048.24744356
219412.10863526
194962.88574247
216302.60077671
234016.72825226
250623.22046706
261669.60649295
264813.79998414
275552.84185856
261256.55282982
202935.03188283
186112.62248285
174281.23160536
140509.94883512
161344.81388402
165940.17840294
140653.82471298
155350.22911315
139749.74281799
123729.92745216
132272.75898076
191959.58726423
233870.83917055
193296.22744491
235537.68993319
247168.22770801
248821.2170945
221496.05095114
176352.15972511
149848.10450298
155158.17029614
146116.63331063
135114.94433401
147458.68878963
142954.6398476
121844.60946339
127974.22460586
116572.04946842
115773.73195238
109534.58091878
90568.97501284
189508.24603825
188915.95505408
221557.41445646
220709.2650107
232504.97622872
182541.83675957
159280.9313774
144098.05998379
139014.75304635
121677.5962745
124892.6690114
109626.33083407
114800.63051625
118881.37090835
123168.80396294
96282.344096086
87374.102176429
78444.509473867
71791.683031611
46811.044011053
187006.33213409
192469.74860498
187913.53126593
199590.268522
166968.81645803
127611.46939298
103113.96929998
114806.57844879
97827.153249183
86728.201743036
96539.564607978
86388.669088424
62477.137823787
58450.450121237
37047.349010214
29880.457092202
15125.922439876
10692.699834729
6021.3715616615
4951.7044180616
177862.44857028
185388.27948027
160255.9072347
112829.12934346
94030.456746473
100861.99409153
88856.492808533
66489.603975788
55065.119685984
43216.817274955
24693.645305427
8047.1865259998
3963.0239209054
1946.6376904762
518.27026481615
0
1651.3634817178
0
0
0
187149.57302237
148241.69606132
95863.149847766
62835.859386037
42356.93595031
19578.288359927
8524.3726646278
5808.6193439076
0
0
0
0
543.70069875422
0
0
0
0
0
0
0
110398.74091323
45639.580223053
9437.5077023747
2290.1249160846
0
0
0
0
0
0
0
0
0
0
0
0
0
0
0
0
1608283.8559857
1395461.1006868
1379990.0492215
1195654.5474362
1237542.8587853
1210641.1538887
1209524.2817142
1068461.4766382
1086966.5133359
1023839.7258372
976829.14623102
946948.05289803
907576.50559921
842458.63589479
924060.38023853
890056.55410576
783296.44310583
728147.96495596
567808.41164585
604202.89820927
454796.84730165
400311.19818578
412323.3633058
368064.34133206
300825.67904547
241702.63583867
171230.71401513
215953.61917816
261382.93830635
236443.86025909
190038.65840548
189178.13564899
159305.57577416
242258.26825199
207332.75685434
223416.9024499
238790.99122243
206726.59861517
270136.03544518
266370.3274309
346453.12368753
319611.35135531
296920.39500256
318765.99887552
324189.53741021
295132.30033478
403274.31443701
420916.40211041
458464.26034777
477742.26383751
422096.43153155
544299.70944722
524798.9971301
543381.53155607
549314.34317656
580583.38039085
708440.04382485
684285.22464578
722644.92040498
758652.13752854
868746.39591021
839657.68191852
793632.66819364
1019696.3276478
1103870.6206729
1016239.4533682
1069010.2004974
1101463.2001308
1084313.3613452
1237658.7222989
1172117.1937863
1159809.0617285
1188561.3732037
1206587.8531557
1187306.6556424
1127792.7057275
1086248.7096589
1123223.7509484
1163398.1546585
1159818.0718478
1030704.9011382
919997.00784052
938497.5783632
961391.4905071
972499.97310094
916012.0668571
760015.63101587
773195.43056297
779377.00046844
726079.73695809
724635.25415333
680123.05815798
668758.42189138
647717.27607678
543942.07629285
498523.09605035
584542.83596676
486703.53334335
469968.64805807
496671.85022733
379726.01417211
394023.59339208
418288.73266023
386210.0691052
451523.73081758
368476.31059255
392833.69490076
359807.88275241
415911.6537301
390611.84710353
334354.69957364
366061.08194926
355375.3153766
328246.48816211
301371.3485545
346198.85506545
378226.62357152
382509.1421089
334769.28806757
326663.42739986
300585.87792464
270623.49972025
341486.89080096
338598.04495025
271352.29660072
265932.09243047
311245.75604771
345879.86053948
281801.56233022
288072.09910069
243172.87746665
276680.65963129
224381.45878534
269478.72421616
224308.37211853
218874.55835011
260814.79003304
238411.47690081
233255.40168901
217631.27091351
165593.41706698
200826.65619083
193378.68001204
193739.80638579
191147.86423547
154582.6784989
197757.07971536
218429.44048295
194295.31055427
139814.91868144
146233.87385309
155541.84813737
161229.65792202
164876.35433157
177645.49760333
137279.36243318
129444.18081464
142794.74047387
181915.25520087
151083.6505483
197677.23443954
137213.89694604
130269.78350671
80328.341689152
133479.03142512
121727.82518699
199005.61032888
108886.72924571
117321.93756374
120641.2204702
144631.76810035
110850.64969377
136559.07434745
124588.24956542
137068.33430706
132455.84917115
138350.1193769
137507.03769547
132689.48418605
130260.24823594
96322.896607457
120859.08812112
134265.37129842
118024.58866884
155277.41701913
86845.45325928
110394.08858181
112424.59740908
157770.232678
136691.54941806
169964.51600575
154777.06923746
133354.44286976
137981.19786009
185385.84310302
196515.74859323
138564.68693456
168743.93998366
134004.27391533
142570.82745099
757878.44280107
665559.38520046
625954.86726246
583986.12427571
535368.20980122
527051.35990838
467680.7827861
460344.47774661
469019.38328806
413234.54363842
430830.70330428
361229.40174459
348174.18421963
313465.38518885
266875.64278308
242569.36876874
197966.53253066
184931.57625152
148254.07483798
142077.22990637
118740.71173575
122922.68663436
124248.22659118
116487.34396443
128294.08042837
141638.49169908
109882.95294046
120587.23121606
134648.03107733
125941.17144445
123920.09246367
129134.96308709
130702.64270376
111973.03877687
148923.79386931
118712.73490931
144963.77935066
105233.13367378
111538.40497318
118037.12297535
120503.90827775
138873.2732554
125582.69489042
172791.30650289
142914.00412077
139243.22812581
127357.10154354
152926.39545373
149801.27656453
160936.23260469
162548.04224029
137165.57310306
154728.76346823
198322.61299037
167948.68036922
188351.817151
190327.14424139
212144.10444769
195783.39313394
209829.9527672
220264.49728776
211330.7895555
257116.49087668
284043.88420846
235093.19006454
253611.77831323
297824.04020348
296616.23850744
342622.9024281
344029.29549015
363449.90835701
368255.1432415
417414.58136164
339576.26799537
450480.0398682
407840.77565054
439803.08513577
423767.82076635
402159.72792577
424531.01667105
462897.60145382
451495.25350525
513041.23333824
507110.77658086
594138.85130714
578657.42471515
534102.47731442
564007.67222714
576863.76196735
560947.63082219
567527.08871581
592392.2641849
593260.69302236
589700.37042873
558211.09611564
559980.03233087
579638.06738501
579160.28192821
588909.56328392
541382.2410739
596070.55850213
572745.48723915
544327.25159131
574626.57136082
568134.78173774
540191.49229869
503069.3406659
558330.41854754
529205.71339607
526951.20065572
494658.79154939
544129.35167629
468489.0900817
497945.27303859
489131.34044181
488807.08865077
472534.26614112
466036.95879257
424310.90606814
458814.33828715
433626.07893935
443831.64302545
376236.94989559
401823.96018979
390864.57166335
390062.20663428
463751.93800422
383430.31850872
380905.33219758
385014.5815755
351483.71216513
360544.62358517
393072.08811447
374362.08348292
345546.71267623
329095.55659455
350857.51728302
361861.75437759
284550.67118096
305076.87835227
321754.24055531
315586.05571708
324620.38924522
298204.95493216
301506.34851582
334184.34041455
227343.65289923
284573.56698606
265368.45302624
244056.07752657
267969.85525283
280515.21209334
259036.0161499
236894.6746488
230630.41946476
262539.79177012
254765.25773424
233294.62714778
261909.51828946
271770.98097934
221671.76619528
240438.73247106
253995.02458134
257941.01035249
221593.45353658
231076.96548126
230110.49312612
199842.79221476
210641.31690648
223237.92753314
217946.60225186
214033.59980313
240214.07542275
230011.72097506
216028.94295383
222950.20481095
222908.0370114
217718.30144623
203135.16289214
214101.20931573
213485.65213093
203158.53476017
218464.81883393
222932.62299092
207073.34589626
213962.75348787
214066.67797047
207406.52934972
204677.46982673
194464.28055588
191942.25399459
221318.71734908
194565.72699546
204799.23279283
198801.47946231
202233.95631203
201004.66599325
194489.99235066
190843.64462256
220308.29875204
573881.38182977
476095.88317312
466971.23076063
420846.1750402
373948.32773131
373675.90897998
339286.98499789
310569.72363933
297546.22673274
256640.10461981
230679.46099639
195293.00911932
175036.33478859
152349.27448754
117721.77752802
100283.02317018
99077.298266476
102592.63357018
92043.81305645
93424.011926103
81175.043786405
84370.985395186
80735.079081875
112742.69802884
88243.812184876
108929.68444039
110224.07942275
126504.96693627
98239.451517164
116457.30945728
91018.17028497
103952.17786674
75523.769008159
99056.424475089
121183.95270598
110838.86157884
122440.22866766
85226.619281442
131109.12686156
123889.71073336
122745.04575206
126806.26212133
129797.98190478
127749.37558913
151698.74878571
153999.20176612
140567.13086489
185886.0610917
168313.80209181
167519.7903435
183474.58271456
186009.03237201
221207.01010637
216089.662191
214239.37893739
234552.90776827
234339.48865206
240813.48471069
259184.07435106
263216.5343276
291532.27865016
312168.61840078
345477.01360316
338584.23655706
318113.72952563
374119.27861276
352437.43396037
394368.07368831
439098.44761892
422758.57692326
446649.09419618
433892.25660947
479898.59137306
489363.5238678
503632.27021983
483062.77373284
477869.21681707
449401.21295939
523198.20108896
516900.8453242
528797.30505798
476924.34755848
528405.84859653
508025.4371906
509501.89870211
507033.13178471
504399.77747872
505747.25034557
484324.13265525
476073.92736216
477079.07775467
503213.28516358
475491.13597803
486852.63800963
481353.72593218
505132.91690932
458056.92266675
473137.86341621
504907.32230812
442252.13719394
441343.01843795
410561.37053777
451192.55650358
400587.64754797
423148.41264965
409917.24325127
402309.60747392
385097.86019233
376205.84691845
351854.2717456
346853.58213255
328597.81451162
337631.71075433
332408.43828958
321924.9562259
270368.91941415
294122.32935344
274947.94149319
242985.95733361
226583.29516373
207834.30149303
235064.90388904
202049.42994489
200930.2712699
174018.09719271
160073.53830926
171858.12912063
168190.72861662
141794.36727098
183326.95483465
159948.8536046
145275.05863978
153317.0228158
154531.96612528
115282.68123749
141712.86947888
126252.52921425
125937.1674188
125566.76932326
116749.47217421
139661.93009011
122342.31928604
126246.74980472
130214.03473591
125919.96672253
118505.66949884
115438.28256238
113949.12174968
114510.52824572
116357.49619986
117158.70891113
106150.00237326
113895.23626003
127645.52580812
115656.14029202
134137.50064857
123179.37448949
128187.6755389
130687.54757832
123609.7778556
129178.84784394
132541.42810094
116899.13945247
124770.97423548
130786.21595366
122343.682636
127056.49037552
139976.93027939
132706.85063466
137493.81994141
140855.33863101
144787.51237453
131600.49795655
155288.95233658
148133.75108935
160556.26549071
161930.9738203
159654.78423669
155057.35138742
156473.67202208
156191.18937542
165271.59727782
167527.8051025
182404.60685707
176973.42811636
176160.43851363
158811.76753127
183724.10564816
186780.1119991
206678.57004356
195379.60206853
194979.79679371
198628.82888462
215767.92003781
194729.1905959
224987.73924114
202135.41490248
206634.81616476
200096.17894982
222123.22328111
466547.36793145
441738.90340532
389756.44343366
361376.0181306
342054.98444239
309402.63604134
269147.80805165
235771.08516982
193729.63688376
175167.32161914
119924.74094167
129246.72053446
96023.237992433
90810.630842855
82255.751919626
80379.419539498
66973.698061028
80672.32425373
72441.8400925
67793.606175143
83411.071262641
88073.972757537
58374.375341083
82794.269052996
79554.506398232
74464.638195442
79951.59903486
66650.74233501
94362.203880109
76473.520472934
84784.181661382
97365.575570709
91168.922713571
95121.018368971
87979.205148472
103550.83435821
110946.42058963
115200.31618096
108544.52646794
98194.738776037
90310.462235524
115380.58879118
131066.07899187
122362.06736186
153238.03335069
132187.16763293
127553.58267783
159413.38258141
173623.77342519
150766.32630552
177853.30644099
168652.09130253
179933.93953912
195904.56110821
185735.99322785
219591.27426467
231856.82765623
259962.18938255
255012.77121063
240139.91941107
277547.5224477
274198.49287456
284543.4023104
312097.77609567
311112.85364884
329458.0087903
323113.73817552
338906.24954746
369721.95906228
375481.13378727
376774.08558286
372639.70607786
407326.54841033
409527.39491092
429661.59065737
436886.28962579
439366.19929411
417568.44873289
440995.91476308
446183.45250984
440909.50905234
417550.48550943
414240.21736011
418936.9175472
430983.16827723
426681.26285934
426007.76549961
419669.54765294
429395.7040811
398702.79260327
412284.83619959
379022.34595269
392815.9430917
357185.57696393
300869.13579251
320046.38912168
320199.24280529
317102.38084418
292679.91427479
237345.04339314
241593.52981644
200335.68323075
215897.87641333
198437.53258972
160702.38727491
147333.51080948
133477.84423999
119283.55229785
98459.107869013
112478.96601655
78871.699900143
84947.953922466
71074.406176379
70070.522551303
63214.92323022
46696.637937479
47569.891456419
40465.919495856
43265.047877135
36735.867842799
39685.514932149
38874.05371465
27783.575920084
25071.702215581
31665.631252863
34897.353173305
26770.759907561
28648.704942903
26606.536182092
41038.967535011
32780.625253895
33055.791126834
28068.587985664
30064.436983696
35250.460570549
30092.596208301
29419.191252445
31299.838621475
31512.773016732
26433.814507212
28491.017484574
27361.095892968
30626.154191895
32081.335113447
23798.563759524
32089.961374493
35594.671904379
34346.099784477
34386.920706127
31347.851744257
24349.510046739
39871.551014731
40771.35428911
38869.802285288
40101.533889955
40502.109729018
34649.09503772
37954.13392291
47496.057353709
44120.388929858
46121.567959632
52196.42931309
38923.42197854
44404.696402554
44656.559892904
43162.105614094
49857.034350885
47167.16398179
51887.598556138
51049.949732903
46095.937533336
59848.198574929
45799.415005599
57034.754618003
63252.502177815
63527.177313428
65024.618148254
67593.723156278
58214.867718041
74646.348014946
69524.45163292
66190.034739995
65774.473442168
75720.044298718
74964.054996651
63865.70439936
77547.878948881
79323.203954136
80372.756178568
77093.67311678
75843.301082737
76003.006616599
77744.271138922
88412.065569519
82082.13344079
84824.374564043
82054.788930902
97016.216687505
94064.466990957
81960.33132488
428948.9695196
419247.58075257
377982.8631349
328763.43841519
291436.36802486
243036.21856947
217893.15503801
178927.69422265
163722.8415192
128130.06165103
90298.98964814
78312.248504153
76909.474616439
62367.280749418
80430.8802247
79029.528095569
66599.524946323
69926.24825916
61860.524699401
66936.953000439
77824.098895864
77103.366951247
74384.182136493
72940.68657966
68995.664383735
71800.765302063
62733.242780071
79724.565089569
90773.214824189
88533.272123854
94215.98373348
87882.737515019
87804.802198135
96398.504154201
109338.70411697
102293.82563227
108238.57642304
101061.46958057
104430.82197651
112378.60987699
98042.663783785
101233.89874536
125727.68428595
109180.51860356
112082.91869834
138164.49201531
117022.09734529
123489.80757726
133512.37168956
146020.99657265
138172.51372933
162600.54029599
177525.3101568
162953.43790631
171094.88951431
187742.07429706
181758.33039299
186430.56341571
190058.4175954
195583.62774059
223947.84643917
213346.62190756
232622.05563709
238500.89731439
255349.19905217
255270.78424894
261852.2828934
246988.38788802
267716.46777956
274993.36839387
281737.1107899
276994.4433466
305007.58288232
288922.22285565
292652.37845069
269995.94515103
308646.85583408
287474.82679234
291396.44068377
282537.28187243
282374.01575766
241527.57241867
243180.26442807
279307.57403669
234401.34327682
200987.69391328
196678.72959211
167627.64185951
148454.34354661
142230.35366332
128641.89974857
101855.55575378
109539.47101732
75965.735608063
76047.817406042
56356.141396786
47508.588330629
48092.712984178
39059.378700454
25950.158954455
28210.909193703
17495.900817679
22305.385895929
15912.228973064
16460.216167366
17470.376655596
11402.444816438
7955.2617654351
6384.3466442912
6763.7612379156
7879.2148111352
5481.1350508996
6752.5827064529
8333.4407256243
6382.5244314808
6988.3004113277
4933.5161338385
3749.8939335251
8202.8297521078
3629.9959420829
7179.0158350843
5797.3726438804
7071.843935939
4327.745728522
1458.1341258328
4315.6555687113
3524.9843141864
2475.6004493971
5047.5121499557
2869.2958760707
7378.3707797889
4669.3056421945
4974.1925427194
3234.553399984
3355.9326721596
4674.7300818324
2479.3149213125
6745.8866512043
3633.4444180528
8788.2319611827
6968.4653730889
6430.765535728
5708.0506948094
6532.2378570276
6105.2981714125
6250.1044538772
4653.0314445706
5335.6685952766
5029.261783353
9240.2771098488
7964.0376523468
7959.4578810183
4207.857185621
9459.731788031
10181.123704294
7922.2133570808
10939.01796338
10713.060783258
10552.113322375
12169.805351539
8813.7895480516
9298.7535190431
10342.017608705
10746.119917759
8737.6045648438
12915.191742025
9632.1893037995
14139.948186138
9961.2060869847
17936.198598549
11679.336716497
11779.895169955
10883.67396703
12065.536469617
11631.496785002
12047.638332347
10905.545880555
14009.080560649
11229.852291351
11223.987775789
12449.17396665
10084.688369994
8999.2124992205
9596.8081431232
12025.169881466
9042.6563020239
11985.567057322
15809.707092122
13449.8689216
9352.5502027868
8673.9887755689
12919.686835823
7765.4591670984
6719.3358120477
10686.453310643
13271.969228872
6168.9123131137
6781.8696005756
8924.4072291892
6809.7483318464
412246.24633583
375952.07176668
345998.48190008
276907.09223418
264823.88693261
213444.75984711
144234.44760517
117214.91575812
106930.09255637
87791.781863154
87416.007356394
69104.078627569
69112.406636719
56693.941598311
82070.791092452
61015.415126133
75246.245258357
61089.268771671
78956.768869527
69796.978114014
62420.723650145
63651.365649434
75799.237416962
65853.212592849
69904.964428779
70422.502327514
72367.532317903
79901.462792204
77129.501621341
76090.35771839
84269.035887182
95500.331096415
76198.473985428
89860.558676062
92430.210582527
78697.68703464
85051.992259144
85739.855186118
80267.319715344
104916.85610188
96774.331414629
86235.333831524
99753.572786221
84473.309568766
88171.70706103
108636.61532336
97196.759289036
88058.521995815
87597.196252468
95694.679969062
88330.312323667
92348.940780205
111691.65018553
101396.94099048
103380.46182281
101332.48282848
115041.80573633
108298.34191299
114994.24356477
114761.02378267
128621.14292123
130900.34798506
135025.39345593
135463.54845115
132022.95590582
115196.2901138
123642.1379905
111019.97360567
133945.07191374
110296.39505421
119705.53128735
117060.80863718
108448.98552102
106743.5924381
87872.248672874
83461.695422201
72872.220765976
68785.909526925
67130.323985342
72594.484614565
55529.598064236
44944.076060225
35694.16357471
35977.873403335
30553.412989322
18404.173586647
19109.699390833
19576.787148766
17585.661188292
15707.744568657
14699.502688351
8099.1076036043
5467.678507103
2966.9869122308
4463.6162182253
4831.3827808206
5264.5587019794
4322.7526767412
3119.6454344633
4060.7453172344
1368.8633607005
1974.1103790727
3964.4599646277
2599.2226053851
3490.9002443786
1282.2439333696
2459.7069299454
2945.2404628524
2462.1745740778
2821.8713659166
2153.4595199173
2610.7917578587
1353.718391692
1451.2328938103
858.74450027546
0
0
0
300.97232557974
2084.4420539025
1371.5881939318
0
0
954.44888786495
0
0
723.10638644292
1158.2729480435
0
1505.4411167767
675.31406470604
288.35553426916
821.25033830546
282.88905196141
599.22587483667
1415.4627925201
0
545.36478194462
0
0
1685.4818103624
543.53646966918
601.76209653141
261.73453561233
270.71373523641
1056.713366798
553.74168898129
275.23761830067
853.2741268821
859.48248982443
0
834.11275180022
850.28042810652
806.25969365171
259.00546012505
1107.3742611709
1634.4094949358
1484.3340193868
1436.6655284531
514.36443724735
871.00992017543
838.13802417961
1825.7745375816
2428.8064935489
784.8264658285
503.48246372967
2139.7116463988
924.8893396624
753.79163269829
1549.5576277446
535.03410095544
1421.6529914986
744.8501424806
1710.2448275791
2731.2217272651
1638.1833289139
2638.7699430184
881.74804065905
1524.2240396213
608.02829469456
2759.8833157479
520.67982693551
870.80035303104
1891.0135682217
1053.0657720882
895.42253230933
1886.1950179649
1428.8121782719
2349.9229434854
2302.1124082369
1143.7354805772
1481.6900443545
1734.2853999507
2726.1316734707
975.90613077987
292.78717894535
1509.8874573146
1542.1201605157
1926.6241501096
2112.8985774368
373334.17132764
359337.73542278
315196.92308998
239539.73952323
163610.2136612
131067.5072536
111429.40141264
91520.849503988
76729.712100331
77822.19062352
72319.950359516
62429.180690854
60427.076458936
73219.735094275
51434.885524948
71201.633976718
58655.298577544
64576.836995558
72367.435793414
63877.186375776
71983.559665353
72907.975893193
75418.457641893
61116.775515809
72888.042398842
58872.017357923
64185.105165414
65221.373783605
62461.150296537
65069.136298375
65278.205971272
58371.975470009
44981.276265424
60824.457379395
57353.573779213
43689.521779854
47577.638447016
38023.299307982
49445.017750907
53159.446969254
40407.804327973
48039.438086719
45973.97293432
42838.854034768
46572.233437168
34405.668950323
43172.357184101
41788.78379339
38832.164258518
34284.05221064
34871.53498415
40680.923364468
38826.818567754
40144.26622951
41267.897854289
39313.407397737
33503.156409916
31482.828871838
30074.296440902
30297.075860951
31696.534915405
24896.290543308
29715.145921788
25731.002114943
25972.405035844
33070.824916968
21160.908438304
22922.208485153
18872.668972952
20736.611715517
17404.713124047
14661.945858463
17121.425825851
16385.748007395
10955.217385162
11805.629434795
8781.956673142
6155.6280028684
6438.5778512205
5997.5929389671
3643.8630099975
4349.0104954637
5209.6764031898
1565.6212231408
2433.6816159268
4325.1529758898
2502.8180376526
4203.7637247705
2125.5454463994
1795.7149338338
2885.8858833481
2909.050730034
1236.2397721893
1748.1809925414
4840.1654058087
2990.3754566186
1278.1397437395
0
644.0831928528
2236.4770713327
1178.1744172143
2597.7259384082
560.98717389162
0
618.79675868146
1919.8127169987
726.09091512638
0
1163.1824090999
857.22479982855
1226.6428967164
0
0
712.55527011618
1184.1875911577
0
556.26112012063
0
713.1988721666
0
1026.1079492777
0
0
0
0
0
1044.7286524701
0
0
518.59575499153
0
321.73337848687
0
0
0
250.24936128706
665.78264309589
0
741.04343380779
0
0
0
0
0
0
0
0
0
585.23746505342
279.02901770536
284.83394417916
0
298.54641646724
0
0
232.91580385983
291.14799308231
560.80700229814
507.2431159506
321.94256251631
0
0
521.68823600133
346.73755175008
1054.2665500156
249.90652072803
0
288.42997862922
530.56214948182
749.20958482783
265.05512637943
0
307.23138494719
567.44182569648
807.42338499796
245.88809676117
763.54269754193
597.08478090434
261.0164238555
232.64854677963
1105.4336196631
0
530.68056512327
527.49703772928
520.69331289555
1384.6689194299
520.69287713713
798.32230867471
528.19354938514
1049.4549427173
892.16577768376
1190.495569968
254.9869129104
858.84240370113
1090.7926325323
255.37992154961
826.16956373524
642.2029918343
584.3935257045
1272.6943111821
351334.22586207
318812.76242413
215302.09089428
149925.58673152
130747.80178849
110807.4687289
99805.61370672
71814.906125908
77477.635673082
68062.363361897
67837.997353388
53453.466073024
69036.152439233
60520.296451246
66883.681856674
63487.530057381
62446.269345042
59405.660725753
63538.290920696
62297.244417824
54658.980536352
62639.290310541
57595.041679976
59230.150102793
40431.55040419
47288.330742618
34980.839316316
29417.374752323
27780.279126382
28224.381140249
22882.870264304
22466.596118054
33022.351182424
15060.2255282
19031.021142608
15122.255844942
19762.257472776
7731.3554347323
14862.041221215
9943.182219213
10962.827362091
8821.774063675
6442.1419817022
8907.2432905621
6095.5241749486
5284.011812546
7604.4108886734
3570.2009014743
7858.2624789438
5798.6206762505
6436.944719233
7349.6125303731
3875.3960263352
3538.769248888
4009.4365310892
4414.5797760981
4251.3182004204
4561.9248210175
6605.073826122
3491.4897291987
2080.3714273651
4547.7263207958
5263.1607917661
5001.8409653807
3370.197032023
1292.6367494117
2606.5866230906
4133.0806248953
3221.6518261386
4023.7465931399
1681.8786463425
2443.6139067463
1288.5146952926
1112.8160914407
1447.1802432267
1728.29392899
3081.62121408
1137.4299623576
1370.1366818669
1713.6515592159
2101.5754456955
2260.6217346781
1369.6447493275
1408.8479485836
0
2408.6215339106
2694.0692112437
1097.7698224343
1088.130991777
1724.6841780029
0
2700.0380762524
2009.9562476005
0
0
1674.1268145832
0
0
792.50762356391
688.79145197008
1154.2193896579
0
0
1104.899714517
0
1181.7983549997
0
0
0
0
0
0
717.69496711301
733.91376212076
678.3232775657
0
0
0
466.12820075627
644.97900741254
0
0
0
0
0
0
0
0
0
0
0
0
0
0
0
0
0
0
0
0
242.39659016132
0
0
0
0
0
0
0
0
0
0
0
0
253.95679077978
0
0
0
0
0
317.82206620076
0
260.68160294771
0
0
0
0
531.43450576717
234.52825172018
0
1014.1069696714
0
550.22128129534
514.95219907785
294.25318664672
531.21236311572
1026.0654828909
293.58589188743
244.93390514362
0
289.54317427049
0
0
491.0938907451
208.66584275213
557.78545998622
0
223.19686989529
0
1010.019062212
588.49668622974
865.74221689651
885.43115492902
782.1285604788
250.53070204008
303.604298108
1876.7220649495
547.94435752363
281.92678166408
907.48837024476
264.28804060186
323590.92402238
228395.84103228
167364.20786877
144651.86250002
118225.64481714
92223.071385317
82223.536918929
80974.910117325
63519.818290026
59655.351299183
62269.538731335
59241.065298809
61515.021517505
48138.203844546
48360.732541682
52880.900937011
42474.493860834
35794.607876875
35936.610923657
29762.226808819
28828.49456847
24018.736889849
16731.615715245
10088.187401035
14527.134505725
11275.485968864
8363.1115680379
3675.2889038584
5755.5036524606
4180.8890303035
4561.5747601822
3265.2836783043
2340.3272470158
1418.8646881914
2543.2251079987
1102.3578572815
718.50361558764
3005.4188315927
1399.6566266946
1036.7984486017
0
800.44479248704
436.4907228586
1892.1978887519
1564.5681385394
1471.7237523667
726.04562282263
766.56142905954
0
1535.6073398268
838.1450698176
713.4616226959
703.37743862727
680.26346067754
902.65073210358
0
426.44107646679
1368.4807940784
332.597111165
1057.1227010641
374.89752646705
1518.2259423711
517.21490123338
764.42825655107
499.18270505255
1082.2826308713
362.39839179075
1301.5398808114
0
1255.9206933336
631.79363662629
1009.2721981937
937.87190312925
2775.9649681563
1029.59463909
2776.4029354043
2398.9710068033
547.6496976208
547.01402970104
451.2878052356
1295.2413200865
0
1017.6283008904
1159.5580019365
994.14338072345
0
532.12106712031
0
1091.411832996
479.33317192548
0
1279.7445946742
644.67982799423
0
0
0
0
0
0
474.9266624911
701.58396458709
0
0
532.2199785122
511.81040166076
0
464.7902862365
674.54722862007
0
435.24388922184
0
651.11893692491
0
0
0
0
0
0
0
479.80933189878
0
0
0
0
0
0
0
0
0
245.56208003521
766.79220076337
0
0
0
0
0
0
0
0
0
249.77300835955
0
0
0
280.27187346359
0
0
0
0
0
0
0
0
0
231.8487552149
0
246.38952247609
0
0
0
0
240.28667730368
0
0
297.87005669124
0
559.98740174662
0
0
0
0
508.53923015115
286.21614232052
0
243.57063916431
0
527.73536516126
0
254.05615273609
244.40392230751
0
255.26575753434
0
439.03552027645
284.56079197287
252.83125634424
0
0
0
251.85376934709
0
0
500.68190021274
252.00859004123
0
0
287.23868017749
0
540.78458569615
562.25660211524
219741.97691963
170853.26178702
146014.35094245
118517.16207913
101770.69408845
80548.613523965
86874.618826255
64821.010022051
61936.852848955
55443.825829133
56548.008582685
38515.553296591
38719.03578343
30525.090982597
23770.351801839
24260.126886643
17859.48140463
14280.315142391
9744.8078293534
6678.8761338726
3140.9772626929
5018.5493459608
2411.7045894517
622.83144212937
1716.1487699584
1004.4107713547
308.31671502856
349.1012352712
0
0
321.39062531373
681.88959742447
0
323.10801781355
0
0
0
0
335.15853018149
330.79397732098
0
0
0
397.09530013161
0
332.79506224402
335.56094199853
463.01197453601
0
0
0
0
319.42832725104
336.77212570216
0
472.88335369305
0
0
852.28464466862
338.24607879383
1033.2618752588
456.68583927245
847.01544700076
960.30067307645
2062.9858225575
527.35608285979
0
0
1476.2265990649
567.90203387038
701.80567400648
0
0
570.81363843351
572.68212535502
0
1220.4423745566
1033.2918033855
576.31857812866
0
0
588.82767891891
0
0
0
596.39696017637
568.25362576073
0
672.50626488749
0
608.3452520642
607.16085002822
0
0
0
668.56235091069
302.41649719344
519.28085712915
571.13366128883
0
0
0
869.64957321612
0
0
0
0
647.94015015373
0
0
0
0
0
0
0
0
0
0
0
0
0
0
0
0
0
725.59182641593
0
0
0
0
0
0
0
0
0
0
0
0
0
0
0
0
0
272.00360732055
0
0
241.37529411651
0
0
0
0
231.10034417118
0
0
0
273.04324354328
0
276.02552799313
0
0
836.61506910392
0
0
0
0
0
503.25245892133
275.10566425873
269.03067733489
0
0
274.13412931338
0
0
287.70965311391
0
0
240.64782117084
248.50509617972
239.75707484627
0
0
452.56422529555
0
258.86256963764
0
264.31837077936
0
0
0
0
271.08604678176
0
203.35789273168
0
286.90616169254
279.94200014629
488.44555581759
0
0
176798.61207549
141214.94348563
127185.65469231
106030.10756911
92118.801544099
75381.094710703
70460.414466242
55806.607571622
46623.021260615
29531.556149408
26056.532476534
11763.874676295
9372.1513518434
3975.9657538099
3979.9185539005
2783.7994225642
1886.7083845805
979.4664924601
664.25425449356
569.41181515767
286.46466418801
0
0
0
0
0
0
0
0
0
0
0
0
333.95385366735
0
0
0
0
0
0
0
0
0
0
0
0
353.1105208587
0
717.26559509346
0
674.83429399085
0
0
0
0
330.51757525697
405.50700852807
337.14550355609
0
517.03258310287
0
0
1248.5509848595
1156.7668818182
0
0
0
0
0
425.53623189796
0
0
0
0
0
0
0
0
0
0
0
495.94193959707
711.19950066321
0
0
527.78358890904
0
0
0
0
0
469.47992690166
0
1177.8819186832
0
0
0
0
0
0
0
0
0
1139.2428206282
0
0
390.74801266038
0
0
0
0
0
0
0
0
0
0
0
0
0
0
0
0
0
0
0
0
673.38114594034
0
0
0
0
0
247.4731278274
0
0
0
0
0
0
0
0
0
0
231.46141032042
0
0
0
0
0
0
236.79125053646
0
0
0
0
0
0
0
0
0
296.57195813587
288.55879143261
0
0
295.3963183176
273.98443074444
0
0
0
298.22485196567
0
0
0
0
0
272.10142051394
0
0
0
504.57673929444
0
482.60450211915
0
0
0
0
201.75243436606
0
0
0
0
287.49600850131
0
446.22860861726
0
0
0
509.21051008345
0
156205.29964805
131334.09838744
102145.88706217
95052.631348158
78175.408088197
59712.527657839
32511.699419694
20704.521393682
11262.053770423
4990.8929113759
1191.700105734
1665.9150864088
558.78091430563
0
0
544.0062914043
0
0
0
0
0
0
0
0
0
0
0
0
0
0
0
0
0
0
0
0
0
0
0
0
0
0
0
384.02243597592
0
768.24518208196
0
0
0
0
0
0
0
0
0
343.92868159568
0
0
0
0
0
510.44417527125
0
0
0
0
614.90087897529
381.66498033921
0
0
392.63162988396
0
0
0
557.28742747396
0
0
664.32168053237
338.04944758198
0
658.6558248959
0
618.66771801916
0
0
0
1324.811871702
0
0
0
0
0
0
531.87069379543
0
0
0
0
0
0
0
0
0
0
0
0
0
0
0
0
0
0
0
0
0
759.04461459045
418.21787250915
0
0
0
0
0
0
0
0
0
0
0
0
0
0
0
0
0
0
0
0
0
249.91819269991
0
0
0
247.63950996321
0
0
0
0
0
0
0
0
0
0
0
0
0
0
0
0
0
0
0
0
240.22821321103
246.34583234628
0
0
0
0
0
0
0
0
0
0
0
0
294.4309058964
0
0
0
311.99009328123
0
0
0
306.58848263611
530.47583190658
0
0
316.73957890699
0
0
0
0
0
0
0
312.5475883939
0
296.75387163478
123539.09077453
116245.69789836
98129.859291233
67731.117809068
43530.606874379
20093.650739644
4446.5519788524
2252.7160640793
246.54015013202
238.530462005
0
0
0
0
0
0
0
0
0
0
0
0
0
0
0
0
0
0
0
0
0
0
0
0
0
0
0
0
0
0
0
0
0
0
0
0
512.64460310853
0
0
0
0
348.64290137269
0
0
0
0
0
0
0
409.57653761122
0
0
0
0
0
0
0
0
0
657.90445544523
0
649.4499215058
500.63096724444
0
0
0
0
0
429.77156454647
809.21384693498
0
565.21822135258
0
647.65440347179
0
0
0
661.0447487327
0
0
0
0
0
0
0
645.47595186001
0
0
0
0
0
0
0
0
0
0
0
0
0
0
0
0
0
0
0
0
0
0
0
0
0
0
0
0
0
0
0
0
0
0
0
0
0
0
0
0
0
0
0
0
0
0
0
0
0
0
250.33904918591
0
288.74530830887
0
0
0
0
0
0
0
0
0
0
0
0
0
0
0
0
0
0
0
241.58087456158
0
0
0
0
320.67064161273
0
0
0
0
318.9105886781
0
0
0
0
0
0
0
0
253.05532444886
0
0
0
0
251.07780013259
0
0
255.46063621571
0
435.75136168791
377.90715436043
0
119223.18319803
105169.67737318
62198.189814378
14684.61195458
4837.9274079194
489.23606186727
218.52165043759
0
0
0
0
0
0
0
0
0
0
0
0
0
0
0
0
0
0
0
0
0
0
0
0
0
0
0
0
0
0
0
0
0
0
0
0
0
0
0
0
484.90755220308
0
0
0
0
0
0
0
0
0
0
0
0
0
0
0
0
0
0
0
0
0
0
0
366.97332495503
0
0
0
410.46187192097
445.59347990404
0
0
0
0
0
0
0
0
0
0
0
0
0
0
0
0
650.6457093253
0
0
0
0
0
0
0
0
0
0
0
0
0
0
0
0
0
0
0
0
0
0
0
0
0
0
0
0
0
0
0
0
0
0
0
0
0
0
0
0
0
0
0
0
0
0
0
0
0
0
0
0
0
0
248.67431263153
0
0
0
0
246.18394052102
0
0
0
0
0
0
0
0
0
0
0
286.73368920942
0
0
0
0
0
0
0
0
287.56810968728
0
0
291.64225306549
0
0
0
244.3527657486
253.24574730377
0
0
0
0
282.15935132759
327.61921150351
0
291.0197138391
0
0
0
0
0
0
0
204.20331121736
0
87037.77461705
30370.512829199
5267.0651206059
749.53298441001
0
0
0
0
0
0
0
0
0
0
0
0
0
0
0
0
0
0
0
0
0
0
0
0
0
0
0
0
0
0
0
0
0
0
0
0
0
0
0
0
0
0
0
0
0
0
0
0
0
0
0
0
0
0
0
0
0
0
0
0
0
0
0
0
0
0
0
0
0
0
0
0
0
0
0
0
0
0
0
422.70927591468
0
0
0
0
0
0
0
0
0
0
0
0
0
0
0
0
0
0
0
0
0
0
0
0
0
0
0
0
0
0
0
0
0
0
0
0
0
0
0
0
0
0
0
0
0
0
0
0
0
0
0
0
0
0
0
0
0
0
0
0
0
0
0
0
0
0
0
0
0
0
0
0
0
0
0
0
0
0
0
0
0
0
0
0
0
0
0
0
280.48543939183
0
0
0
0
325.22217403069
0
0
310.77043484396
0
0
0
0
0
266.79878259749
0
0
0
276.13777279742
0
0
271.10677647056
0
0
0
0
0
0
22826.218801105
1985.2028730524
330.79834670672
0
0
0
0
0
0
0
0
0
0
0
0
0
0
0
0
0
0
0
0
0
0
0
0
0
0
0
0
0
0
0
0
0
0
0
0
0
0
0
0
0
0
0
0
0
0
0
0
0
0
0
0
0
0
0
0
0
0
0
0
0
0
0
0
0
0
0
0
0
0
0
441.72082355042
0
0
0
0
0
0
0
0
0
0
641.43458276008
0
0
0
0
0
0
0
0
0
0
0
0
0
0
0
0
0
0
0
0
0
0
0
0
0
0
0
0
0
0
0
0
0
0
0
776.6837328644
0
0
0
0
0
0
0
0
0
0
0
0
0
0
0
0
0
0
0
0
0
0
0
0
0
0
0
0
0
0
0
0
0
0
0
0
0
0
278.20825993209
0
0
0
0
0
0
0
0
0
0
0
0
0
0
0
0
0
311.81565198223
0
0
0
0
0
0
0
0
0
0
0
358.59243337568
0
309.99539311219
0
0
0
0
0
0
0
1345.9917301328
240.12453105561
0
0
0
0
0
0
0
0
0
0
0
0
0
0
0
0
0
0
0
0
0
0
0
0
0
0
0
0
0
0
0
0
0
0
0
0
0
0
0
0
0
0
0
0
0
0
0
0
0
0
0
0
0
0
0
0
0
0
0
0
0
753.5060075354
0
0
0
0
0
0
0
0
0
0
0
0
0
0
0
0
0
0
0
0
0
0
0
0
0
0
0
0
0
0
0
0
0
0
0
0
0
0
0
0
0
0
0
0
0
0
0
0
0
0
0
0
0
0
0
0
0
0
0
0
0
0
0
0
0
0
0
0
0
0
0
0
0
0
0
0
0
0
0
0
0
0
0
0
0
0
0
0
325.76117141173
0
0
0
0
0
0
0
0
292.88486249775
0
0
0
0
0
0
0
0
0
0
0
0
317.90697005313
0
0
0
0
0
0
0
0
0
0
0
0
0
0
0
0
0
0
0
0
0
0
0
0
0
0
0
0
0
0
0
0
0
0
0
0
0
0
0
0
0
0
0
0
0
0
0
0
0
0
0
0
0
0
0
0
0
0
0
0
0
0
0
0
0
0
0
0
0
0
0
0
0
0
0
0
0
0
0
0
0
0
0
0
0
0
0
0
0
0
0
0
0
0
0
0
0
0
0
0
0
0
0
0
0
0
0
0
0
0
0
0
0
0
0
0
0
0
0
0
0
0
0
0
0
0
0
0
0
0
0
0
0
0
0
0
0
0
0
0
0
0
0
0
0
0
0
0
0
0
0
0
0
0
0
0
0
0
0
0
0
0
0
0
0
0
0
0
0
0
0
0
0
0
0
324.23811226014
0
0
0
0
0
0
0
0
0
0
0
0
0
0
0
0
0
0
0
0
0
293.2773680972
0
0
0
0
0
0
0
0
0
0
0
0
0
0
0
0
0
0
0
0
0
0
0
0
0
0
0
0
0
0
0
0
0
0
0
0
0
0
0
0
0
0
0
0
0
0
0
0
0
0
0
0
0
0
0
0
0
0
0
0
0
0
0
0
0
0
0
0
0
0
0
0
0
0
0
0
0
0
0
0
0
0
0
0
0
0
0
0
0
0
0
0
0
0
0
0
0
0
0
0
0
0
0
0
0
0
0
0
0
0
0
0
0
0
0
0
0
0
0
0
0
0
0
0
0
0
0
0
0
0
0
0
0
0
0
0
0
0
0
0
0
0
0
0
0
0
0
0
0
0
0
0
0
0
0
0
0
0
0
0
0
0
0
0
0
0
0
0
0
0
0
0
0
369.2612498428
0
0
0
0
0
0
0
0
0
320.72892644582
0
0
0
0
0
0
0
0
0
0
0
0
0
0
0
0
0
0
0
0
0
0
0
0
0
0
0
0
0
0
0
573.52525399073
0
0
0
0
0
0
0
0
0
0
0
0
0
0
0
0
0
0
0
0
0
0
0
0
0
0
0
0
0
0
0
0
0
0
0
0
0
0
0
0
0
0
0
0
0
0
0
0
0
0
0
0
0
0
0
0
0
0
0
0
0
0
0
0
0
0
0
0
0
0
0
0
0
0
0
0
0
0
0
0
0
0
0
0
0
0
0
0
0
0
0
0
717.23703302692
0
0
0
0
0
0
0
0
0
0
0
0
0
0
0
0
0
0
0
0
0
0
0
0
0
0
0
0
0
0
0
0
0
0
0
0
0
0
0
0
0
0
0
0
0
0
0
0
0
0
0
0
0
0
0
0
0
0
0
0
0
0
0
0
0
0
0
0
0
0
0
0
0
0
0
0
0
0
0
0
0
0
0
0
0
0
0
0
0
0
0
0
0
0
0
0
0
0
0
0
0
0
0
0
0
0
0
0
0
0
0
340.52954733666
0
316.86998494759
0
0
0
0
)
;

boundaryField
{
    inlet
    {
        type            calculated;
        value           uniform 0;
    }
    outlet
    {
        type            calculated;
        value           uniform 0;
    }
    wall
    {
        type            calculated;
        value           uniform 0;
    }
    wedgeBack
    {
        type            wedge;
    }
    wedgeFront
    {
        type            wedge;
    }
    defaultFaces
    {
        type            empty;
    }
}


// ************************************************************************* //
