/*--------------------------------*- C++ -*----------------------------------*\
  =========                 |
  \\      /  F ield         | OpenFOAM: The Open Source CFD Toolbox
   \\    /   O peration     | Website:  https://openfoam.org
    \\  /    A nd           | Version:  10
     \\/     M anipulation  |
\*---------------------------------------------------------------------------*/
FoamFile
{
    format      ascii;
    class       volScalarField;
    location    "0.10999997";
    object      theta;
}
// * * * * * * * * * * * * * * * * * * * * * * * * * * * * * * * * * * * * * //

dimensions      [0 2 -2 0 0 0 0];

internalField   nonuniform List<scalar> 
7600
(
2.8164759692564
2.9964700796528
2.5891387639628
2.1996717318639
1.9474693235721
1.8976796961343
2.0097463238994
1.7921421908336
1.9098202607642
1.9633759182734
1.9820770795831
1.5766041134445
1.4993241403389
1.3329730614173
1.1851789355345
1.1035851296836
0.89834076409337
0.76349366008585
0.7710844724478
0.67834290676691
0.59304071051433
0.54952053228859
0.4358641249717
0.41279881485659
0.46148809967885
0.60804258143377
0.5431837400988
0.55188818243821
0.57977533801026
0.57490350674757
0.67684532193696
0.64284225675396
0.67630525327988
0.95219564815071
0.66812980317177
0.8590474966496
0.91975683314037
0.94909889018769
0.9718155845282
1.1325819323639
1.5357270963843
1.6066717074974
1.8033839164017
2.4130287107533
2.2384463112988
2.3231945881269
2.0631354510396
1.5149875454048
1.2782438822169
1.1671307761929
0.9766485981704
0.93752572017767
0.90833223415996
0.85602225545536
0.80408132490797
0.79237748147928
0.73511672703122
0.85936020525336
0.80665991670893
0.78355167347948
0.85521194675421
0.86416075375978
0.86351181182591
0.86279365989745
0.94423921392594
1.0887296807295
1.2408808549927
1.3893504209383
1.8392799174864
2.085965012859
2.4142824607319
2.3436880828271
1.9436046191387
1.7232433784922
1.3699855221203
1.0325596521106
0.93854895776552
0.82780434695873
0.84350426719514
0.78280221900685
6.1285176542082
5.9877150954127
5.9082202005431
5.7398526485104
4.9337856069523
4.8960900963016
4.4724575557714
4.6463882182335
4.6131833668174
4.5276198118263
4.8152995542303
4.927778879811
4.8037341793453
4.7918678832129
4.7008996488211
4.5253966933219
3.9236806931685
3.3552363437105
2.9344757938421
2.5669179919861
2.3889943018933
2.2991697116894
2.1289553003837
2.2055549829787
2.1227757437775
2.0672313142774
2.1067107317385
2.1238545706714
1.9859231559251
2.0155824801883
1.9452121048749
1.8827895220433
1.8194254098951
1.9829238217427
2.1037011569445
2.1832321257551
2.2279840414718
2.4612254247998
2.7087840973994
3.0673772505737
3.5897832089634
4.2170057920188
4.7067992449408
5.0438156028549
5.0796602784112
4.2740711221177
3.6593235371313
2.8218133528454
2.0898888907228
1.9281012585275
1.551163602659
1.53663269594
1.3154864126603
1.2725576683248
1.2499410059966
1.1487898797604
1.1494629870033
1.241348514102
1.1805220793396
1.2075507867665
1.2028104095528
1.2278668936629
1.2685773571162
1.3996274236275
1.5582276999302
1.6967207374398
2.0794204061585
2.6425567671816
3.1435596504414
3.918398559953
4.0884046806335
4.1289176663432
3.7975889816088
3.3096443743351
2.6069562669919
1.9956127807057
1.5594229760602
1.3796757574569
1.2126592361989
1.1550466597762
6.3212158112534
6.2981391270014
6.2874702153746
6.2081817399858
6.0980212732847
5.7213094538737
5.3142726413962
5.216663235363
5.0787807080946
5.0439324471575
5.0757356339871
5.2396851272796
5.1318380949675
5.2136855795385
5.0576567118322
4.7412090060076
4.2636821955403
3.523562990798
3.1244515361192
2.6297519319232
2.4605535718382
2.28699330603
2.4431680729709
2.0581654330655
2.2223550239383
2.0925633422132
2.0817349037338
2.0010406357156
2.0087488871819
1.9862288259147
1.9126542015037
2.0773134336344
1.9406500874851
2.1649823131397
2.1344744630905
2.3273669840406
2.4024626325793
2.6110725216335
2.8229853152973
3.0167125522635
3.7464697211319
4.3380302669764
4.8836443594147
5.3021788691633
4.9904063552207
4.6329373075092
3.9081555203618
3.0229334882444
2.3790494439676
1.9532721661768
1.7721081302628
1.7311291637595
1.5475111778822
1.4770599432077
1.4575510940154
1.4026484744994
1.303127068511
1.3398286184767
1.4190828784207
1.4473200382829
1.4577336169675
1.5269516524025
1.5377103041308
1.8092076629136
1.7438414926576
1.9020721287745
2.2444709700295
2.9249950914131
3.6610295995183
4.0480252656847
4.2822475698437
4.2248469489771
4.0082700117316
3.5161266666195
2.9215050294388
2.4422354226515
1.8152969121737
1.6180077703728
1.5491024116554
1.3927621805076
6.3373121232105
6.270599741876
6.2918315817006
6.1776071667868
6.3153915139215
6.2364876608979
6.2640360169256
5.8755548755343
5.6502984918751
5.7649798892316
5.7096788213011
5.3900490311884
5.5241641904703
5.4910779979541
5.2418300967792
4.7478756716997
4.2368887194143
3.5994751803985
3.1881018681434
2.8311737127068
2.653616875631
2.4287990808441
2.2873989245628
2.2836289057905
2.1703973055354
2.1377488432513
2.059943209279
2.1235484864869
1.9689470827393
2.0716451085946
1.84579290862
2.1522723981125
1.9882086166545
2.2203565006599
2.2927118473041
2.329224690056
2.4752986227733
2.5746150588589
2.892732342035
3.303863286235
3.6680794736438
4.3601626917052
4.8981947941335
5.175935134368
5.0522933177605
4.7021664721766
3.8739898124573
2.9978314110052
2.5355039189179
1.9206014508446
1.727327477003
1.7646877096381
1.6392522279915
1.578316035103
1.4702484337268
1.4790688688611
1.5261896958652
1.3990489332727
1.5192211859075
1.518379691776
1.5491537943459
1.5823820064321
1.6466554011946
1.7292588570412
1.8499800165799
2.0731672713033
2.3695268476232
2.9849683394639
3.6460326138535
4.2946835780464
4.2685546207687
4.2801327290118
3.7762916092595
3.4873103849183
2.9467462616363
2.4765619856635
1.9581282393755
1.6549453093654
1.5525477088692
1.4233435835925
6.2867711566865
6.2038612304706
6.2019222834905
6.240454770006
6.1072200849605
6.1067700481027
6.2881316826322
6.1333098407348
6.1124944190111
5.8207668350302
5.791093961391
5.6798917072938
5.7703875277318
5.6755543968606
5.5339854838616
5.0171545733351
4.2498349794726
3.7236712929287
3.2589081568535
2.838784790205
2.6534528441698
2.4359761393894
2.3844152828963
2.2519852641908
2.2943754908545
2.1785856042902
2.2040171798205
2.099350584386
2.1736329128428
2.1835541317819
2.1173859164844
2.1607727303015
2.1908125250457
2.187893248998
2.2664684158515
2.4084194499483
2.4487349347373
2.6993347085989
2.9059843774306
3.3962355958109
3.8534956695909
4.4704724240796
5.0354810846807
5.3055137359449
5.3191000009895
4.6171181294456
3.924167258066
3.2920897648505
2.6055414200137
2.0906027662314
1.8305087929054
1.7653505699269
1.6076722141002
1.5281720509405
1.6159686449855
1.6268830906941
1.4190443498516
1.4473059391871
1.4819586692066
1.5275809877644
1.5026848014818
1.5410928566522
1.6161417742648
1.6013470995023
1.8885747560058
2.0166976378521
2.3514289613568
3.0489361841434
3.5740682938717
4.090691489908
4.2273913216145
4.0890095024154
3.9476940273162
3.5492277840255
2.8456945066092
2.4294541490754
1.9864961634735
1.6971294855936
1.5550750447315
1.4939110308114
6.4616381761017
6.420391485801
6.2645057162893
6.3561283752105
6.4277232220546
6.4069678472757
6.5428380322844
6.6420358252604
6.4424027339511
6.6193698344004
6.3064742930106
6.1593818448003
6.0671835416432
6.0525445593316
5.966277448157
5.2783064197471
4.7448537071551
3.9946736527772
3.3064309504656
3.0212618005563
2.699406176216
2.6125162668826
2.3323940801754
2.3305643506491
2.3473343175312
2.2270405012784
2.2289144318477
2.2430469684919
2.2699448466548
2.1033447698687
2.058405112973
2.046980066185
2.1906028333623
2.3268587503322
2.3355585858704
2.4311729546658
2.4936263943775
2.7043223400798
2.8600821914397
3.3577725098884
3.8378862251547
4.3933850155247
5.0035878290214
5.4614016625847
5.1619359006565
4.8105411477495
3.9374015891895
3.3695761102897
2.5735843880496
2.3050572751185
1.9336933875624
1.7559309914209
1.578418208194
1.6368399544785
1.496801482973
1.4113159122476
1.5436569862522
1.3666587103787
1.4090234557125
1.4717406702792
1.5809567508577
1.6270436125344
1.5513227629423
1.7934578899499
1.9272477799908
2.0450965547004
2.4781718635559
3.0132199031349
3.5117989331741
3.9697608342077
4.3667509026496
4.3838638927356
3.959245258716
3.6040478356298
3.0559415604655
2.5309090697853
1.9603180680672
1.8268868098834
1.5803470705447
1.5291520823281
6.2805621681594
6.1795368535243
6.1421156123571
6.1477588099883
6.1229080964903
6.2720529471388
6.3085559371154
6.3991239560804
6.3483569240075
6.4468149687633
6.3995723440591
6.2880806147176
6.0815121111375
6.2623673247559
5.7286147799343
5.3750941753933
4.6710168097217
4.0837515440644
3.5170997096327
3.1805229778733
2.8315270538977
2.7862468130555
2.6429338076489
2.4566596594359
2.3776771973165
2.3042035568036
2.2725826190967
2.2242033093762
2.2631989198312
2.1697907319005
2.2866403718823
2.2065285022388
2.2589098218478
2.2647506044639
2.3441745762861
2.4682603582056
2.4754788813375
2.5867486889462
3.0061308639909
3.427443056113
3.8170520875338
4.3863556121197
5.0011503391925
5.3113473995913
5.3771641089001
4.6553480578794
3.9775060976565
3.3043027856671
2.7146828684489
2.1609348932887
1.8515561141437
1.7007354914801
1.6882003190241
1.5522551846621
1.6243718055239
1.4408297707463
1.5320583301821
1.5707196948786
1.5512895642992
1.5326992244504
1.5499297717068
1.5447836989365
1.6072735743048
1.719696644775
1.8336508715979
2.0219871242031
2.3193318073934
2.978963579167
3.6279702634773
4.0199689769899
4.3444927704272
4.249498112774
4.0106331383004
3.6881483927624
3.0240890448981
2.5260002886026
2.0466266896857
1.7990962964804
1.5866766510201
1.4241834707953
6.3553890974644
6.2967449121649
6.2297181936476
6.2752742279157
6.3305871615497
6.3111566236553
6.3598189136395
6.5189975793928
6.5284589259099
6.6247756827393
6.5476766416176
6.6528297190486
6.4263823601209
6.2764831061942
6.0382937301406
5.5428313152445
4.9033704506146
4.1766740320694
3.5980022749988
3.2658331889412
2.9127361903971
2.7580844072523
2.5938544082963
2.5741338178201
2.4809535725571
2.3876616714717
2.4213541382802
2.2823548970147
2.2898282669311
2.2014093865924
2.3146792943932
2.4591017201574
2.1669965086941
2.3366284523138
2.419955514236
2.3293671923084
2.5172520953354
2.6996846803861
3.0422490714785
3.3157001264462
3.8156919523637
4.510673897635
5.1982336447395
5.4042173508536
5.2979454338072
4.6832062545964
4.1359464442925
3.2331496842948
2.6799706740879
2.154431226274
2.0243230465102
1.6903115119261
1.710357977831
1.5675287036275
1.5688835238207
1.6349695561773
1.5316165475079
1.5452862993036
1.4632113492852
1.5097674222169
1.6530361677481
1.5828418740008
1.6736828311658
1.8087514907855
1.8594831398615
2.1426514903747
2.514340402766
2.9420470028184
3.5695988407673
4.0457521249919
4.2113390033863
4.2561568435889
4.0925313458506
3.6569856196634
3.2021900797755
2.6232935433288
2.1267070697082
1.7155178776859
1.5589866957383
1.5081294367025
6.1958086846936
6.1068148055792
6.0376536766667
6.1043009454962
6.1435920803303
6.1429506883908
6.2338156133042
6.3609375237881
6.5054961656226
6.4299483948745
6.5459890975202
6.6576476529233
6.6462556048205
6.4320419107279
6.1856652731403
5.7847832163799
4.8810235980931
4.317414598395
3.6858014579327
3.3238002125403
3.1328001575412
2.8838110775133
2.6803870652418
2.6218960323211
2.5542958401032
2.4386144610871
2.4258976422739
2.4722666406614
2.336133223269
2.4056189307815
2.349477512041
2.3579701120618
2.3666289096628
2.5651639566357
2.4234072980743
2.5786894641852
2.555069969743
2.8117373809882
3.1513231080648
3.338711131705
3.923872179635
4.5926762130372
5.035470769643
5.257651767151
5.2576159940927
4.5879480974637
4.0666603634028
3.3741876196264
2.6643452403579
2.2760705120169
1.8899200053296
1.8196985440661
1.6898098744972
1.5949465536147
1.5836551452267
1.5281674065634
1.6279784837124
1.506479267786
1.5247041203394
1.5174025989863
1.4832388535684
1.6046710510435
1.6169661837003
1.7157274550286
1.8205551250382
2.020355174526
2.3853466682305
2.8170186753473
3.6984947340062
3.9865949864361
4.1971476368625
4.2319546682293
4.2298393789728
3.6533900456044
3.1380531062345
2.5963330402099
2.1456689859205
1.9359879867698
1.6235917927649
1.5224227389034
6.3827263340613
6.3409077146709
6.2700881534454
6.2384001992895
6.3437365101106
6.31008687975
6.4126367194388
6.5602903065835
6.6101270135782
6.7335625577865
6.8373875202585
6.7548743366701
6.6601895955308
6.4403700262634
6.3826183408088
5.8304446695126
5.3456023506328
4.5097656757375
3.9278251225777
3.4570595941005
3.1197878285797
2.9670402298028
2.633507235307
2.6694501943517
2.6961879680705
2.5254970219016
2.4496159493422
2.5345979977215
2.506905911968
2.3996566390363
2.2774274491855
2.3713753944533
2.5268301365488
2.2510089750324
2.4988924579821
2.5773959696567
2.6622079140244
2.8334809377829
2.9355250497767
3.509909211594
3.8519659952004
4.3906617877031
4.9727576587049
5.3079184494425
5.2909021822828
4.8570466892017
4.0569566601343
3.3686389362083
2.6832932223945
2.3383206752258
1.9035688918948
1.7626437223344
1.6726174857932
1.6253328238362
1.5546506530308
1.5658514664846
1.5232399732205
1.5491767410385
1.5410880531869
1.5933407671047
1.6128309740721
1.6258547097391
1.7712126982662
1.7206736977433
1.8432165724515
1.9887747452436
2.2715906730981
2.8951299732728
3.4023573034382
3.9340815190686
4.1956186516932
4.2195701880294
4.0867935831825
3.6735713202871
3.0642589655566
2.6786819558822
2.1502194476892
1.8364816128175
1.6668884678556
1.5139582551759
6.1460121959076
6.046195952885
6.0148684797083
6.006788658816
6.0157919365112
6.182757754709
6.1851690850167
6.1273207928102
6.5011958740735
6.5903037377575
6.4907297516182
6.5417252984176
6.5698212951419
6.4835597933038
6.2376965047326
5.9312427909564
5.1761310001
4.5890545567428
3.9422537856776
3.4938254169876
3.237526242038
3.0768374036608
2.9095555211426
2.7542434646959
2.6262101169513
2.6809752262415
2.5418835757554
2.558863756026
2.496855329358
2.5449387752823
2.4822790723408
2.6539348266452
2.5492340467742
2.638731685698
2.6136972896649
2.6769562156891
2.640538669543
2.8418004322154
2.942693213171
3.3350804028885
3.5687158649168
4.4498656271355
4.83372279985
5.2893766953092
5.4057100614303
4.8122388312087
4.0770591845918
3.4505766168989
2.7140175745513
2.263276404059
2.0641410273225
1.8368475933717
1.6945972129842
1.6197945804306
1.5087901405176
1.6449493031275
1.5154946410817
1.5943444221697
1.5404686923566
1.5188104689331
1.5193398313597
1.7028177611102
1.7127442719254
1.7380827898041
1.8657042865726
2.0526552236131
2.2526921430494
2.639970957523
3.1702289237667
3.8287611954254
4.2023121967955
4.2490802295789
4.2125960324174
3.7679175089668
3.2598093282259
2.7006508540627
2.1639079147988
1.8049256743756
1.5393850344607
1.5427152428255
6.1371260127159
6.0326517215714
5.9883846717247
6.06390030792
6.0284312535347
6.0188637710126
6.3072385415674
6.2825097254154
6.3037841286045
6.5397705046484
6.5024482241294
6.6834659229106
6.6116410946987
6.378623523747
6.2926389971851
5.8318995908992
5.3400332508115
4.5861294705292
3.9782372554
3.49471042748
3.3836069035889
3.1095915481526
2.9148166202531
2.7752697694761
2.7984970692505
2.6154526182354
2.6683936944751
2.5870256244928
2.4996795467185
2.5797007804698
2.5262567349086
2.6963261561896
2.6060194981711
2.5498150729648
2.5671239875511
2.5101024065501
2.8131437925848
2.9176645920895
3.0485990167993
3.5299721890932
3.7668807023507
4.3269132313794
4.9295123096321
5.2182300677901
5.2168294403418
5.0733126551175
4.1545804996379
3.4907042464289
2.8196253630796
2.4342882070341
2.0650077634906
1.900695723084
1.7471940075091
1.6891771216077
1.5783045124453
1.584079692584
1.5880491057009
1.5815046735275
1.556688751982
1.5885689494372
1.692497584664
1.7089247829327
1.6858587528818
1.7876076046221
1.926638210949
2.0033609193512
2.2653631745492
2.7058564480989
3.3120994423114
3.6286450500331
4.1037833822408
4.1835163053403
4.0943256266841
3.9302354841481
3.4005305397416
2.7764165018968
2.3320482481093
1.9462730555444
1.7139405083193
1.5485763734916
6.2519824129464
6.1413893947912
6.1736999128988
6.0506332215714
6.1084105734489
6.1921313278301
6.3168494295981
6.3382601235116
6.5769257343133
6.4422062196083
6.5111360594131
6.7858071515734
6.5587962850251
6.7002164344478
6.5032574036486
6.1489807426359
5.4564497426409
4.6408989464489
4.1399680494842
3.7778276551746
3.3395060135183
3.2941654047223
3.0771701832133
2.9214308790838
2.94821674584
2.727227924375
2.8234854411687
2.7528140682335
2.6890613668368
2.680049835966
2.582075696672
2.6135172921528
2.65689264811
2.6264123587817
2.7204617113028
2.5051815284035
2.6745583771096
2.7669835556388
3.0968222553691
3.4579609040021
3.6995006962643
4.239419846414
4.9714761628303
5.13817007461
5.3692808917553
4.9983306375057
4.3281599639613
3.6763449253401
2.8590617615796
2.428093479879
2.1212876411772
1.8920712431156
1.7387317249414
1.7195204567029
1.6686124467399
1.5397959844721
1.5233128980265
1.597629904754
1.6089122782918
1.5402727769818
1.6040172585909
1.5708633111069
1.7105190575179
1.6310125282504
1.8288222117371
1.9688564028009
2.277012010828
2.5573196930783
3.1151127925446
3.7305450715349
4.0769121830861
4.150318824629
4.1256249094466
3.9879043031547
3.4342649463511
2.9574661923742
2.4840080540955
1.9845488621393
1.7204430132621
1.6314728002881
6.2058334779282
6.1042086560146
6.0626819713896
6.0321495217583
6.1355429061003
6.0934077151691
6.3053667252008
6.2401234296659
6.5039732678565
6.4784875882775
6.6148326454549
6.5841456749125
6.6872083886279
6.6451790245253
6.5248792542006
6.3273505974067
5.4717657060336
4.723772875527
4.2661138303184
3.7517400639887
3.5564760687411
3.3543289050412
3.2305314838292
3.0876648898183
2.9240431168948
2.8499136673359
2.9206247039992
2.6491641749011
2.6746094835065
2.747734439417
2.5629494354404
2.6929019256014
2.6341014607889
2.6131446119571
2.6305247562555
2.821547808083
2.7187869192155
2.9838582146148
2.989210954904
3.4077712137139
3.9454295676263
4.3990520357342
4.7503802516411
5.4773284810682
5.4583544510426
5.052351885038
4.4410296952358
3.6304053028698
3.0030447070227
2.5557978080114
2.2349909758699
1.9078143078534
1.83146972299
1.6914881776438
1.6658358390109
1.619378446229
1.5487238440494
1.5496976889951
1.5930400212501
1.6584229131073
1.6730953298485
1.6955856981604
1.6616299121044
1.746613973643
1.9122091201066
2.0972089087176
2.2138814317325
2.552156820177
3.3275464788312
3.8062590400097
4.0208272659169
4.2675651961783
4.2020830556975
4.0423357682501
3.626139193747
3.107969107863
2.6060383523005
2.1436495793551
1.8739621905299
1.7269426293863
6.274237540388
6.2010474477734
6.2371082047327
6.1072355803109
6.2680236122909
6.2492310907397
6.3523422445649
6.4842258317457
6.5125657401803
6.59625277014
6.7447196989752
6.6429898949872
6.9326766885478
6.5655275041232
6.6142282143549
6.0852468560449
5.6095849837799
4.9467423179899
4.3859494770928
3.8576993711102
3.6044000880769
3.3687598622354
3.2270319708703
3.0317033895696
3.0948631807482
3.0038245027455
2.7867328893739
2.8598438860233
2.7868468792272
2.8449978492655
2.7845066784801
2.769150021066
2.816796299911
2.7768942990424
2.6957208424652
2.7853880373559
2.9231798737587
2.8299599368885
3.1366032920207
3.3895390171076
3.6604727379766
4.5573139196694
4.8841505345123
5.4117551897199
5.4276097387031
5.0013113523988
4.6496308803577
3.9282175159942
3.3872238169626
2.5860706929624
2.4093088682067
2.1333484398735
1.858413080879
1.8781169152877
1.8001116442121
1.6048701607005
1.7183017990579
1.772751321664
1.70304648779
1.7103557107176
1.7464662083389
1.7194345066634
1.8485739586778
1.8352489818397
1.9623264965174
2.0614139011801
2.2258206173681
2.4919983999884
3.1342731507497
3.7520886648778
4.1476124958851
4.3797638839374
4.2829077865274
4.1247219240492
3.7441037115171
3.3354631908695
2.7674016815788
2.3880207062856
1.9797635597566
1.6694572910354
6.1321609497111
6.0337338729515
6.0018487667395
6.0976123316765
6.0236746558815
6.1041779591834
6.0878413289083
6.3165637523953
6.3277036756488
6.3953680193829
6.5059544886911
6.5915378207171
6.6886292685295
6.6311573083901
6.416914580156
5.9563614027047
5.4435149223332
5.1204681728286
4.2941269895589
4.1143494595598
3.5511870803762
3.4180803594268
3.3000043193971
3.0573342759378
2.9384187604728
2.8801820453158
2.948867726826
2.9435358559649
2.7346959483082
2.7162833337394
2.7595576859401
2.7203484363347
2.7086538292858
2.8767221421539
2.8206310158289
2.8253585554967
2.945774083934
3.073935850223
3.3254739766414
3.4033260960357
3.9306700982519
4.2235014360194
4.94577994751
5.2578375049859
5.4629151175263
5.3451923921116
4.7680404685788
4.177332914919
3.3132735806051
2.8272749821018
2.3982384720054
2.175487224268
1.9902973973748
1.8919431590699
1.7947971262863
1.7164637353002
1.6547690544295
1.6855881946886
1.6201762184749
1.6829481786161
1.6617521620452
1.7840779722376
1.7394736577653
1.8707958920243
1.8144575341256
2.0233472465469
2.1894678183202
2.5621907800602
3.0018004728166
3.94040318047
4.0948426577028
4.3976722120625
4.3971201025664
4.2851915085836
3.8837085675786
3.3155882828585
2.7257595529502
2.2456345514764
2.0728280781628
1.8090097875083
6.1818042101057
6.1209729071199
5.988286459348
6.0751321374138
6.1652281070054
6.0206451645798
6.2835036483999
6.4214393797556
6.3510822992845
6.5307706359218
6.6363667584969
6.5932523278999
6.6429121204309
6.7380233512076
6.528021732132
6.2725192055623
5.6169673723067
5.0875701374998
4.5925151039674
4.2281965234231
3.7450923852783
3.6238276653062
3.4662918668665
3.362148178602
3.2860853476073
3.113000338403
3.2021541765195
2.9079013739286
2.9582037928661
2.7890328607779
2.7938945151744
2.7584328581752
3.019274780121
2.8541624822028
2.855801562358
2.9476001246795
3.0203877950159
3.1037475360367
3.2078982008003
3.4802497053528
3.896969092129
4.3224674282544
5.045436097333
5.2962047516929
5.8034897536751
5.5546278815524
5.1508784223688
4.2931125698994
3.5484694269852
2.9577785272221
2.5051096354211
2.1519388165169
1.9588715575784
1.803066599315
1.827668489407
1.7429842365815
1.730796522468
1.5786890623351
1.6827115477338
1.7266828107798
1.6308015846933
1.7113442860643
1.7055691557456
1.7897334954618
1.9077019975891
2.2008538558563
2.2654990689027
2.6322572753036
3.0172047903029
3.465693924839
4.1755600932975
4.519884761954
4.3741303642927
4.2363088934064
4.0910719251341
3.6607671573895
3.0988237248489
2.4479934030269
2.0784710307536
1.9629161270028
6.1207718210281
6.0237288101885
6.0078116014637
5.9841704344123
6.1241969548034
6.3910418315305
6.3196032913767
6.4431462277916
6.566748270376
6.6737457743084
6.7981138222803
6.8135161669741
6.8440603793301
6.8873744827907
6.9130633358584
6.5306553592437
6.1223947882074
5.356849739899
4.7377492090564
4.1807205339892
3.9374135671379
3.7287231169801
3.4176318268182
3.323197585091
3.2598199029043
3.102773026162
3.0338900583657
2.9190240552087
2.9756811396275
2.7985461742154
2.8377443635066
2.8376779072827
2.8366115117548
2.8259889325176
2.9147361275513
2.9639368934722
3.0538836329802
3.1276358396333
3.280130505671
3.5783226485289
4.0061225230211
4.6250603815768
5.171774907312
5.5414945552974
5.7540960326825
5.4826341906864
5.2247801287652
4.375425653069
3.7579021258375
3.0669166944128
2.6041237967887
2.3510396579389
1.9947663585477
1.8683591013086
1.8642756986072
1.7805829880531
1.8289096036729
1.7699475064231
1.832058573043
1.7378041682782
1.7432696171314
1.7431329891068
1.730323591752
1.9340677172768
1.9966034780472
1.9435391806877
2.1613566501508
2.6481624846283
3.0464221946102
3.5837128220317
3.9923512328156
4.3334830737884
4.6043257626878
4.536531892947
4.2452024023813
3.5939454823571
3.1041614609422
2.6220788395521
2.169035161425
1.8582329205658
7.6971605534489
7.6830848421403
7.5683623173187
7.6643400675044
7.7253221559065
7.4987696808298
7.3430622610884
7.4597655884548
7.4910709761808
7.5823934162938
7.7980927099024
7.7006121165982
7.5166065713525
7.6080354708953
7.3274432889947
7.0640006308289
6.6106174100421
5.670172591043
4.9159181969514
4.6058217054584
3.7887901407387
3.8730560047081
3.4995468720329
3.550633563509
3.4940660562753
3.2272705137666
3.291744060525
3.1017369509019
3.0037943025144
3.1997285811939
3.0948935742096
2.968960407439
3.0032400937906
3.0251909606798
3.0417003662823
3.2194730779969
3.2924260648318
3.3579064486009
3.5299165988111
3.5988464775261
4.1662473791306
4.5859779074945
5.0751397665661
5.5100620105511
5.9898834919562
5.6094209099522
5.2341297212325
4.5353878079606
3.7311571991051
3.1118611668271
2.7349038864204
2.3256277792195
2.0748610421108
2.011944634156
1.8682926439495
1.9078588979376
1.8559044215566
1.6980111434134
1.6995398252474
1.6507062297096
1.7785495473973
1.7077581569494
1.7305271715522
1.8458370860936
1.9488413931149
2.0020746929431
2.2065235499032
2.5455666921423
3.1591336748052
3.637543660691
4.1421120128723
4.5133919696119
4.5071771420516
4.4657384641811
4.2353146819449
3.8245475311199
3.1920110924052
2.5834826655235
2.1342916119798
1.9454388341687
5.9401162298147
5.8555517847341
5.7828702854232
5.7917402170258
5.8200830208624
5.9652326428576
6.0597348242522
6.3905134258571
6.3652356787997
6.4220284524025
6.4589876983909
6.7027850560372
6.811115170701
6.8871736909881
6.6662435264257
6.4759010426583
5.8765292172488
5.5778372708819
5.0208123047548
4.3453116873627
4.0854268177356
3.7493792100869
3.6108121351986
3.4858686521707
3.4233589784447
3.3777376177265
3.0979293397223
3.1192899596772
3.2482723217267
3.0826444527788
3.0217451335711
2.8826367324999
2.9441262086153
3.1086889635787
2.9184466127371
2.9456193853739
3.0187125694903
3.1229011485247
3.3124064062256
3.6482399147996
4.0149162042232
4.5243596220102
4.8254524286307
5.5431967108848
5.7987890694832
5.6077340417241
5.2826868669845
4.4217495800671
3.8198245451417
3.1783909599675
2.657284418411
2.3123020060407
1.9062379953375
2.050006737926
1.6925446564148
1.7392970542277
1.6152347397216
1.7048816422682
1.6418560908114
1.6722632191839
1.6029294759531
1.6647606873777
1.8049860464223
1.7990510412006
1.9884230451392
2.0115399610762
2.2092663772139
2.5998036667529
2.957919881592
3.6707129136249
4.1029868429006
4.7417013369484
4.5981840083894
4.4637096462338
4.157494250212
3.7519169328299
3.2896955718134
2.8152578671926
2.1176812367176
1.8730910391093
0.6320650736831
0.77139029776889
0.67299472688235
0.67046314079453
0.73403262479378
0.70796124086692
0.74429466801896
0.65118926969927
0.51587641773149
0.60994216521603
0.64639289499874
0.55316562064783
0.62155062535276
0.56675618354229
0.64726499376702
0.64660321059799
0.62785653561465
0.70334380925991
0.58979840485887
0.65236235511871
0.62071324757324
0.64594639721687
1.4316682232305
1.9424249189553
3.792604366938
4.4158865041356
4.2707031634357
3.9745495075956
3.9449477646126
3.544737441067
3.4933436261847
3.3374043405005
3.566455256187
3.371816950933
3.0017266163944
2.0118082749975
0.86901660874928
1.1248180017105
12.960847045125
1.3559379645673
1.4388859203879
19.323785905025
17.92440678027
1.4112118870472
33.572722760579
33.418957968969
55.691348628212
21.899034846156
101.08716486157
120.23616825529
124.8350879746
170.04805413513
218.66126009614
231.84670003605
182.59814071381
131.03673109333
89.291489322847
81.64297761068
66.523669275617
45.30104667369
31.251242656769
38.891566856804
32.665033274461
38.746919997658
31.970465531261
35.287254711669
36.194919850615
33.685937771019
37.291295584949
41.435694647585
43.082080050081
48.75061757795
56.285415184713
60.900114014098
65.999990465242
73.909091159598
72.610864445939
84.902471853418
86.851047326385
99.163831196312
1.0811058949744
0.98589188352629
1.0346258677092
0.96995016285378
0.9469384202078
1.0033669103404
0.97836320722168
0.86999931561345
0.86628066255191
0.94703647456451
0.87370226756638
0.87989633461199
0.9046890582342
0.92464721134834
0.83569077357383
0.8849620073368
0.8812638411514
0.90347703170421
1.0114939234654
0.96486856982289
1.0965287858607
1.7152346614298
2.5902890089771
4.5426097184197
5.4039302009588
5.1051238287821
4.9129556458255
4.9167336587537
4.4115388690256
4.309765558905
4.393582421323
4.4339264031744
4.0028233160768
4.1931806032676
4.0369463686806
3.210798487635
1.7957906543111
1.2824890606193
1.4728597213289
10.787098240696
1.4389466514642
1.548375174735
11.843354792709
10.331663967525
18.171590278169
40.13033903652
22.953323016892
51.03366468724
88.839994495826
192.56148201343
219.67021112836
225.24466999168
194.46095810763
160.90408423439
122.40968965583
104.68084521178
102.57887132583
76.501704933116
68.2898576843
65.063231155878
59.246186992826
58.03691950538
42.650936796593
41.411751269714
38.446830671324
40.993397341183
45.57397202855
55.788679736696
58.351327700351
60.8894056941
63.018339411511
75.371868448183
87.361056414022
94.612458766266
110.77303885789
126.74666181569
124.99365482889
132.91129775386
134.07105203125
156.96729435001
1.3468848875771
1.2209703531912
1.2278143429405
1.151305563246
1.1556720948028
1.1237736943032
1.1403149524388
1.1139746327601
1.2948926750284
1.1863849385382
1.163982673181
1.2609855425997
1.1099275157251
1.1018194672956
1.2458942457562
1.0872301332828
1.0917384797453
1.1162046242258
1.0848336127902
1.162654346568
1.2299635801901
2.1218789282087
3.6301972516464
5.4565835252638
5.6693616537519
5.5975149862063
5.6593395932684
5.099996639832
4.8545116051591
5.0869923278714
4.750087422685
4.7655575671172
5.0668517788345
4.7714561960102
4.5518959447838
3.7564112533169
2.1976422345105
1.7155825736543
1.4603678760479
1.628517391704
8.5313795384759
1.7460261949524
9.3035846677088
32.457777402641
27.645542058187
63.422696528358
146.35332139543
207.97009943342
218.19346882194
210.55284457416
175.93411663812
153.93916338477
131.08215924419
108.29985520373
102.58181921593
107.57530941106
96.738440857646
93.662731801319
76.65978109628
78.100380438815
71.227555330401
70.605486607645
64.060349273901
54.816099946
55.744250295045
49.068827345482
53.136848510935
53.619718907255
49.469844131078
58.412383959772
70.914434675505
77.066492879622
80.695662273985
84.248811868523
104.36172088155
115.37772586451
114.46241360355
128.55344325933
137.33652414907
144.90641888246
1.4267875769843
1.4452340982196
1.314323751541
1.430357733252
1.216080726113
1.1807903731417
1.0928814651163
1.2428433953212
1.1995823373023
1.084239061145
1.231258587619
1.2262656932752
1.2095261715655
1.2041412549807
1.3675889556418
1.2766690715768
1.3734306109067
1.2287704794933
1.2749980924714
1.2925456306058
1.5003864867196
2.2107080961113
4.0941524264247
5.1078370401031
5.2143594270224
5.2914463987854
5.4855391605173
5.3383269749714
4.9838217152814
4.9614652482731
5.0526849941727
4.8809408042397
4.618820550809
4.9287148962816
4.3857238062831
4.0263276135675
2.6972843437745
1.5149929052552
1.9059968428931
11.542026442767
22.191278436438
43.527615224495
55.88724439426
146.03126635136
209.0339176658
216.61540969234
212.02870393858
186.96095404883
169.85021837986
153.85436776321
123.84243742202
120.42047843667
109.72170120687
115.46400960768
103.24849177522
100.45199655994
111.34425326844
92.732885284451
102.77144860763
92.307315157853
85.592729523545
83.449757643037
86.714168747121
80.838528231166
74.342924598886
71.937770909274
58.589957602849
60.86685258508
62.356551010899
64.41877806917
72.301306640028
83.380717819054
91.226786490965
100.3991647726
104.55193334242
119.66279470699
124.19797821958
129.4138931965
141.63223703399
151.99172655153
1.3163024689445
1.2759610479129
1.2589759112279
1.341025818963
1.2388686371378
1.2726210624792
1.2988139110104
1.1931160181768
1.2696725356816
1.2542682002029
1.2867228739596
1.1911869424469
1.2886464018715
1.3055253010694
1.2768923460097
1.3408370875531
1.3069979541217
1.2299030316862
1.360418694825
1.5479962677816
1.7415530475229
2.2003734196154
3.9448465518408
5.3377452233925
5.5597760186998
5.6257525164087
5.300491109622
4.9885776416374
5.1378784791395
4.8130974925857
4.9865323980903
4.89885776106
4.8396373859458
5.1683684436683
5.3979214301583
4.0479983321572
3.2082043166083
9.8995219195682
17.040694091965
80.931921841747
118.10473569363
185.37561369626
202.58969475918
211.21387437327
197.78909222855
181.44061137053
169.00306287956
145.0731273297
141.66677296993
142.62263582366
131.74314193084
140.2895246743
134.11994032688
127.67435150478
111.77826963755
120.72316155345
126.79710941061
102.93242013694
120.86207811943
90.957696310861
106.80128472873
107.28822128698
95.640832106848
97.067456792871
87.33052480196
78.392078256116
76.099299554566
78.027942639027
74.02208369785
83.25004535067
87.901179282842
93.820523475374
93.761002091819
108.65963218373
110.5524313305
118.37954636232
136.10510480918
132.32327303478
152.53816293159
155.25478465506
1.5515509127909
1.3350402338334
1.3648750404612
1.3186564216797
1.3679254233875
1.3068095397481
1.349315697776
1.3119803262292
1.2970987420522
1.2602265304094
1.2654804190968
1.2086608215032
1.2752806648983
1.205039205094
1.3053391456394
1.2932934424149
1.2105635329836
1.286336441477
1.3353490028141
1.4574738059218
1.631786641298
2.225833844792
4.1577269743976
5.4333372776948
5.6470467184441
5.6235008074029
5.5570473501927
5.0274979922192
4.8137294316507
4.8169149323073
4.88114471828
4.9891605472389
4.7124987742683
4.7762182138818
7.3637056303632
11.807518846206
59.780216939306
118.9475534318
161.10110042444
200.60422405663
208.93363079726
193.53183989332
191.13248309202
184.23186365245
171.56190389421
156.26671649741
155.8718124486
151.32534378879
149.94521683136
132.30016047628
146.52704339428
149.52492261981
139.15859123205
142.50590042711
135.76253075866
137.44442809697
141.27326805565
132.65181117598
137.72395880837
126.1039294152
119.28943191478
118.37683912558
114.82981436885
94.941439570202
101.31743715913
104.44093687501
102.79936031886
86.087944377213
87.605465084717
93.003545263742
95.766411790962
98.261357979695
103.01727735084
109.40855261581
121.62700123156
128.74500122018
140.13136805862
142.9768995057
154.72311639158
157.30170837329
1.4367699787517
1.4141733834345
1.2256549595853
1.2919763842129
1.2611151913837
1.3284462941134
1.4000785911862
1.3347352237587
1.2517769364824
1.165476177597
1.1602106430247
1.2531436046777
1.3018736447999
1.2935695212361
1.2488299044526
1.2205143841993
1.1563213165095
1.3717256805008
4.6191798635654
1.5863619955878
1.816584128407
2.4488005431958
3.7750157157409
5.2820233198558
5.4258642555602
6.5215288696628
5.3212464155884
5.9330901538713
4.8261514372512
4.9505838209898
4.8961515536906
8.238729067685
13.822591464494
27.537930311297
76.841568277722
141.64366196509
180.12740190862
203.44769771419
200.85861626415
187.59092984682
185.05787500931
173.34355583044
173.36763590703
172.33284843419
151.6936338623
169.38255116111
165.58526737106
141.6644563361
161.41123488832
153.24043675732
144.52344851767
158.22196158426
148.55519447622
150.69234427552
158.66076572054
147.76232591974
141.18857986667
138.25555441326
139.61406011111
150.57589157726
137.46986129918
125.21525953912
136.40343351368
131.12192445422
107.33039315279
125.33260659139
101.55007865321
107.23280425673
97.944947474996
109.10180901802
111.36465345631
111.60437986873
114.0832532762
126.6674019793
125.23639067469
136.32470168368
141.43589712429
142.17806269617
161.9377993152
158.53160240249
1.4488239011956
1.3974744246658
1.4155553869283
1.3195963805208
1.4000349667442
1.4423687147473
1.3119491215225
1.3110605856594
1.2377879484607
1.2429703918794
1.2974472366192
1.2844556514619
1.1740152021742
1.257314070041
1.2652134512143
1.3232609952565
1.2689222556667
1.2100616508832
1.4680550501057
1.5094779536823
1.6675276352238
4.9886060308709
5.7187578418404
6.3846438679939
5.5216447799359
6.9222179123594
8.7817905354751
8.493785817171
13.145708085858
16.453787498568
40.986594481546
72.202596639019
93.310439451677
148.58592359564
185.39077851979
200.33633681014
200.48492818041
192.69527863039
187.77336998622
175.68788510675
175.49802428076
165.88143719925
169.9045757304
159.27299313955
173.24986176904
163.96606483286
167.86445760067
166.16022532088
171.63412781315
165.00420479497
148.5992183617
160.53870254237
168.19683619126
158.50919696956
141.08541324852
152.36989631353
154.19584669459
150.08276684941
158.97246157562
144.16437501839
146.03701833413
148.47618218977
142.87159917118
149.63029319457
134.23176724854
123.23502140659
121.34654390733
120.31419401908
109.07283087397
122.24174500695
111.46108547272
116.26228599166
120.01027113188
139.17553588017
135.32653658986
142.28426607801
157.33894104997
155.71319390653
159.83357251673
163.61929319477
1.4163486170309
1.3699234777058
1.4214195456286
1.2751761226488
1.3084489601972
1.2401264808321
1.2911704117738
1.3372141997528
1.2555915345565
1.3334617705109
1.1833785102421
1.25343725218
1.2477652046693
1.2945665136699
1.286956502118
1.2427442001965
1.2147172163288
1.2513549587241
1.4253806623712
1.4315461449396
1.7516934066791
4.5804794968368
10.645169446399
13.419444255357
25.508702107466
46.162621173498
64.127833077731
91.528705923498
117.58356541576
147.3578243286
170.64843380049
178.72523688741
194.7542220556
189.4034459603
199.58063822559
198.76365660655
195.11427248349
184.30130227278
180.26615748407
176.35075582687
175.02011588321
175.13817953983
166.45486183558
170.11960804547
156.89560765471
168.78302131922
166.1339947151
170.15143981159
162.4333704436
163.23224839452
177.29390814945
167.91743256662
168.52888178263
165.17785511144
166.45737343088
167.71088671218
154.76568177847
171.38059646901
160.88468633687
148.02816682612
153.78475660792
136.19828927006
129.31489877681
136.5646117446
143.50851478348
139.28369860399
130.57862144304
120.97576457268
122.2732292477
123.80642568327
130.55386428682
122.0188858966
121.83991854502
133.24648038397
142.94731415557
145.41189255855
150.22222762406
162.19804076326
164.74430151138
169.500315539
1.3961571307902
1.4778921453035
1.3603307433294
1.3890115423385
1.3238862516292
1.3394028894982
1.2482695321399
1.2621331643493
1.4045333481013
1.2324450423362
1.3248811776897
1.3329612498253
1.238613872
1.2942011887814
1.2188080789578
1.271122459371
1.3001417279878
1.3495224415984
1.4291631789603
4.3184628635228
4.2919478294348
8.7066474204808
57.977233191775
103.94262924895
190.2996285816
211.42336324684
219.51679620433
218.43462129998
219.10258967237
214.35548284911
209.3189481028
205.59123650756
200.59923864952
202.6086379187
198.77737371847
197.31719511253
193.43390698917
188.72942877739
178.77751908405
180.68193268899
175.17402073581
173.17580179466
171.71838103997
176.27893120298
171.43772941368
171.30450403943
170.73456077406
177.8213894413
172.59574908013
174.06742151385
165.27445319677
179.49685357845
170.22784681563
179.78300831425
178.49711379597
164.52015471743
170.36928064451
168.46143709448
163.21770249749
167.05605247013
166.70155426716
167.67768416558
149.59953712139
153.0540627701
147.74809425564
149.11565014603
134.8883561815
127.08522423542
132.38698114757
128.31571851317
128.12183261264
141.82029172534
140.44968559041
138.27706507759
143.26332114976
150.38786259777
158.69202674833
163.40785314414
172.14137685275
187.45913521814
1.6041142723339
1.4478796219652
1.3599293024447
1.3737955752177
1.3153660452215
1.3814658057387
1.3205974648476
1.2456513762203
1.1697353103099
1.28360498856
1.1378917243026
1.228583689707
1.2589963686803
1.2987074605732
1.2879983413747
1.204197697353
1.3263477151102
1.2568273241627
1.374099143261
14.187992441029
40.272267434354
141.34211003375
237.78852573522
256.26251671906
244.54681295061
235.93966416884
231.23154903966
224.26296439626
218.70689405732
214.81630359638
211.31899923507
206.74842090316
205.76382242748
203.83384478262
200.2542585607
197.32994579699
192.34736526934
190.60656508312
188.11797107125
172.74747571814
177.79130417621
175.58195241881
174.09322479136
177.09858443806
180.77450440915
177.30964839571
182.79172214958
178.30976513178
178.24712542099
180.37584979766
176.88655294267
165.65122318298
172.05044781711
174.67975432598
179.40236179983
168.96341554201
179.96752031032
158.85944993317
168.39411746772
167.86525669704
173.57208641497
166.77768803133
162.70039476947
157.68252013182
148.03332127237
149.53538817393
146.73316704281
146.98497387453
144.93127632868
143.75939704778
130.31308910152
135.17069610855
138.97306122572
144.67613228202
150.04487818229
159.41457858071
164.92852916066
167.02008652881
173.27262211405
184.25243672228
1.5442213688158
1.5836626580513
1.4718066792688
1.3843378566902
1.336256327322
1.346169343075
1.3695093309485
1.3244552134157
1.3119162643013
1.2846584740719
1.2458676181853
1.2594711447952
1.2896303455976
1.3262370616117
1.324086421752
1.3035518500893
1.3018768746583
7.6932526456216
61.183107697575
148.86492812138
234.82081136687
249.42343985901
224.84639037955
214.64730424159
212.05857678316
210.81891968775
218.59792424089
216.33911291997
215.40335329462
212.90395207401
210.11663834543
208.46220497794
204.87681516113
203.0620912574
200.35902850905
199.67078963727
193.3986259337
189.73236736224
185.71612251245
184.53900980204
181.31178275813
185.45731516192
181.39439252299
185.22310511876
175.31365918959
182.47810037768
178.55607820331
186.69352246812
182.24241753868
182.39932847921
186.22099524879
175.53968647591
190.42083895757
186.24075990311
186.62127160073
179.67959836164
190.73608557716
174.10185140239
175.49745206643
170.99260194878
167.11385346347
171.93774939054
169.17816912709
167.37806477045
171.31576167558
159.46689501043
152.17768553629
148.7026549225
154.58860593375
151.01250944675
146.43537007035
142.0835123552
144.64558915645
149.46913339423
153.16001188647
158.85129441726
170.2339427493
176.11557749321
181.98841088668
181.80522807964
1.5528162100661
1.520225625867
1.4380644476285
1.487912906003
1.4404927535196
1.510309733811
1.4033759568371
1.2777065082809
1.2526585052298
1.2677121208052
1.3345603345663
1.2550467559517
1.1849731454761
1.2856324778176
1.2976369768131
16.328900206504
77.434994561591
173.08322890534
250.42326682376
250.87646854084
234.97852740818
215.78657382786
204.83184055842
202.8498728543
205.11342892342
208.01878491733
208.99414061351
209.92139539161
210.2958324218
209.01502552579
207.64987577122
207.92129484192
205.4512262257
202.45544446809
200.54147262349
200.07178343583
195.13133457837
192.614344334
189.06389725428
184.25286591929
188.65097542615
185.11503267398
186.16598248884
181.50673913084
183.6989520102
181.36941484046
182.41530372954
191.80257705598
187.91689454869
179.74145865033
191.47824514521
193.2145816378
181.56032102464
195.20715439518
182.41163393052
183.00861618183
185.34345319086
182.99026911417
184.72903362468
178.64894517684
173.3964685873
182.71283205459
170.9980675672
172.7636123546
159.08132297161
158.14887938846
149.65398975064
149.39694304533
154.36492260977
155.50712977038
160.00816219561
158.01191121609
154.38562016989
162.60411470854
160.73627106272
163.73249570807
165.60983572848
177.08403995732
183.71919326756
183.76181717671
1.5401093783296
1.683942843628
1.4753509900323
1.335248152327
1.5033755713856
1.3617792536543
1.3378424050284
1.4591429163577
1.3539160062989
1.2942229492963
1.3083948518297
1.2418412476874
3.5778188227745
22.699869104061
140.38388887613
226.94175078502
244.12885296076
245.25024640174
237.7479096674
229.91059014172
234.55736739326
222.27565021871
208.56929892222
207.41460296696
203.4855867191
203.16742494088
205.93016884315
207.49895492499
207.13106571336
205.15298064325
204.40908852752
205.43030134058
206.52965837062
203.95534528655
200.9246364863
198.35971573569
195.1466136776
190.31068288141
190.36004420106
188.43207302707
184.79286044964
188.24289445498
184.15494926279
187.52369483204
191.50169432
190.14049590701
179.38557540643
185.10527221854
194.51508266726
192.18011766019
193.55765693361
190.13997801631
187.27823384827
186.94603576345
194.09043509492
190.33909255825
180.95037335739
184.89640334137
186.83772501553
191.88579092041
185.09801384655
178.63415748232
168.24564228014
164.55434849014
164.85765700849
172.31491300321
169.85116736201
154.28197886978
162.45874923238
155.28678667728
150.18012293341
155.92930427323
157.78334815216
157.53736482329
167.10348963956
172.74367946184
171.13143236339
174.94412127192
178.85044299698
189.20856538244
1.7816848843182
1.606671950008
1.561543283896
1.4611975260781
1.5371114068804
1.4305042888802
1.429764899471
1.454094940391
1.3880446153593
1.2797532872801
5.7353994104481
62.8414167879
178.8971195806
242.19383992583
245.90192855956
241.57638469523
242.27021817842
241.74348468812
239.49171290083
237.04479685126
238.94943988346
229.5949448112
215.45018771705
214.76450264635
210.2888240081
208.02415258984
203.53575838745
209.20502238898
203.38995865961
203.51412011505
203.95595259043
205.6147667522
205.77881050996
203.74293533363
201.02064106542
199.85051199331
194.34744794324
193.85676331934
184.42880349006
187.06803318076
187.51121587699
187.60621872957
188.1077490485
191.05816113115
188.18349341479
189.14504431012
194.46082512947
191.59148961437
192.90793061799
193.10124509048
191.74173830413
195.7357974331
191.15164993288
192.3267063967
190.03435602741
188.99030219909
189.22209701057
189.48114741579
188.70674338189
182.69716875828
180.95312108136
184.38960182764
175.98264112561
167.1885835926
178.46310128384
168.47778617089
162.32396182183
165.54888622961
164.57035256052
157.4852376107
158.24057211648
160.12494882923
163.70002071682
159.98013305158
166.88535674467
173.59703670612
174.47314865371
174.03223931088
185.01052641124
194.33761597739
1.6631512109793
1.4833160582338
1.6181235569219
1.5888415113154
1.4586231535449
1.4853739727223
1.5224470611026
1.3364754372798
12.545302198128
111.44128087374
217.82692496137
242.34227703848
239.63716381651
236.17426983832
238.73370885591
237.47054570783
239.25037152995
235.25648377789
238.45528775967
237.41825891494
238.5212266086
234.97491774884
227.49762542559
221.70710891427
214.1773988333
210.73244724287
208.37617157054
204.78611014588
204.39012441852
203.65731090944
202.45352009394
202.46910777917
203.31021648659
203.46034163837
201.8965256926
200.84420525708
196.02126723358
193.34159278662
189.33950571467
189.65892188377
189.03940574893
187.65368434266
187.93721030534
192.40155991782
194.43587741343
192.55184035063
191.41575514705
194.74997870764
195.2297700982
189.06964823538
194.15180330389
194.14104814499
195.7183077587
187.9109355318
190.88621412734
195.97071531293
190.24376500545
195.4521578006
192.73617070694
185.42817163269
185.31844072678
189.35773312901
183.63233988359
173.05393393806
176.29599454486
175.2772451553
167.3765910235
158.18333408226
166.96800651424
162.47841117305
162.49110501639
164.08375675037
172.22396958024
163.23559042529
167.34869494653
165.72947339018
166.15805905662
180.36586781374
181.86425005972
187.69703252367
1.6483560791966
1.7076003782717
1.5011031917314
1.4762980426952
1.4041360617169
1.5286943484672
37.613673430855
167.91241945261
229.50999939105
238.49153226622
238.88510708267
238.88709473397
238.11375302972
236.70170394228
235.0222147345
237.76470579824
236.53708727388
240.49025929267
234.84885250299
239.28766232917
239.35652530622
236.67647709095
233.75868409143
227.62090425219
218.95270209345
212.008398539
211.39090354384
207.43165727521
204.58566031696
203.80304732587
200.93292514898
201.96650179086
203.69890292213
204.61016097842
201.95209120309
200.12471133675
198.13067660598
194.17839060204
189.53550762512
186.7140997869
189.5252901327
186.25716941778
190.51859042575
189.42853751271
191.27707831811
189.90924179306
193.9247810979
192.35310614228
193.60434287869
195.52232124122
194.14085105928
194.65422624125
196.49612242674
201.64967807821
198.96533359355
194.9666118742
193.15095084078
193.09384035528
184.99575633364
192.14863239735
184.28471393046
181.67596738024
194.41473511159
178.28242484203
172.11764509302
178.25267641044
170.59641612181
164.97986597897
165.1166126615
172.731959123
161.48941684914
164.71259366973
169.17438266581
175.67879660838
173.57938565733
172.98934548448
178.21589831317
182.69413824311
192.77302280521
188.37126488206
1.7001473421246
1.6696276771839
1.5155505609799
1.3954191647836
49.699547737749
199.79381935658
235.36113615139
237.45246073958
234.3732292657
235.79390317076
234.936860516
236.45900223829
235.24471830081
235.00128419019
237.72132499308
238.25045734928
239.2463087997
239.20692536627
238.94931436205
239.30713169926
237.8113090366
233.72708135521
237.25650312913
231.41259949952
221.71684397562
215.35211550465
208.82190422781
206.21846900465
205.35689755043
203.70925138026
202.0878508093
201.86053145249
205.21727997371
205.72692074247
203.59502736355
202.88109928835
197.12719783981
197.10325961044
192.31651989526
189.63333491857
190.52410005868
192.95000317706
190.17178149359
191.2804415803
192.60912549549
193.61880155972
193.6547697816
191.93824316327
192.64822272635
197.37422446964
196.19267842711
199.15574161001
198.02991475391
193.77223672101
195.66618636091
197.15794063746
195.4116349058
194.01191587928
192.88601869738
186.4213170495
184.19214464331
188.08042695048
178.33710937826
174.49218556869
177.8843109355
163.79880728115
175.00348521151
163.56588791685
166.98957399578
169.9859960135
158.77288700169
169.43973135015
160.74379127124
170.41785147015
173.9066908673
171.53830277787
181.79050873396
179.05058219005
191.66007767629
192.11785784908
1.7708653044201
1.686219851624
92.626869589793
219.87708106475
233.40202797725
235.32845951609
232.83495404165
233.87088255603
232.83691891625
235.11557431417
235.25305924507
234.24824749301
236.26277304047
236.78173490973
236.34939634583
235.7385598515
238.35851815536
238.71328110648
238.24865513277
240.80939442623
236.41127371875
240.4340011632
237.6341176191
233.66371392799
226.13664900645
220.46066191861
212.75310620209
212.24534171928
205.89502811777
204.38788179053
203.32081405174
202.50886284197
202.71962367376
202.90183908327
202.35381532975
202.6299832214
200.54406466961
191.46523863134
192.68672536482
192.79113104583
190.81744236423
188.97927373617
190.49412723648
190.95215825623
192.07242984661
188.93370562478
189.95672716372
192.28473359065
192.77263676977
192.00860218921
196.01472930345
195.49366564425
195.33155531897
190.70693568516
186.09981964665
193.53426696431
191.51454214374
199.1029871417
192.84331396546
188.11922977181
190.07580447242
178.27915476469
181.69867003006
183.40369432001
172.85126310627
171.74489228004
162.46468986137
172.76552519809
168.13124976787
162.40044653093
165.06064833296
169.16523180904
175.68854387094
168.14047913704
179.48724146697
168.13548385175
174.48204869819
187.91939009272
186.85764439785
196.67026572212
129.29388300156
226.10587640139
235.41148864043
233.45064154667
233.37384205812
233.99934084765
232.92174269411
233.28114994221
232.75908980997
234.5343375698
236.88089591598
235.6542808275
235.25373064054
237.04400728897
236.30926032183
239.06833752737
237.86294501845
237.68126759326
238.92046108753
238.26618900625
238.5263253737
238.73244534884
238.31344659937
232.10833649721
228.34433924239
222.46348147886
217.09022237256
209.87925064082
207.13228161285
203.29177797057
202.36167449862
202.83281185027
204.27118212332
204.92023214559
203.42739022756
202.97822642679
202.56738339426
196.83859024478
190.81686665607
192.47598582208
193.41139812839
189.71566422885
189.20187902357
190.12736891455
191.69107118523
195.00731570586
191.81460705408
193.49022737205
194.0271234198
191.33165164641
198.72974440716
194.90168932087
195.09095087561
193.26434513064
197.77551628108
197.61849490191
194.09026536414
194.64937724543
192.70580538554
193.60069820071
188.29517692903
181.11719602567
175.7102480082
184.58172041687
179.90210707016
173.64224759881
175.75746344651
173.0068416421
172.66267778428
163.10540955689
169.97650159964
168.91341507352
172.68744546526
177.30898871216
171.33157669073
162.45075147295
175.71072048017
183.90264528757
188.15072031295
191.64240208064
96.200606094745
106.13542756262
106.95992785125
125.91239302828
108.66983572403
122.70716313303
123.48519137061
142.51738114949
141.45650820151
124.71273624104
134.66145066947
170.10801066167
151.19980531666
172.44315693081
174.95800824024
174.64335909481
177.4644234401
207.0428944734
203.25420819159
192.71109280197
159.13649379674
163.3454056246
176.53895506031
168.97277293674
175.94958628946
188.70629731586
172.11960248904
204.01867933866
205.10566196702
234.47171453549
225.72000199306
231.32060076996
245.24588388644
262.69557828933
263.37870604487
276.45649659801
273.25408793977
270.80231965005
284.837807226
311.27206373782
144.77641171366
161.60703459096
164.72469434098
169.82499658134
168.75099304608
201.52888704422
187.97424822532
210.27360307094
211.56999530883
215.55732697023
206.19569603749
228.79212416694
231.72578453909
245.99439539934
269.54038857553
254.2012053915
245.76090699223
299.06591626118
291.44123659496
313.61028683161
154.2525859163
162.23633068987
174.92456706514
181.65555985979
182.80923991254
186.51640807986
191.43059869703
211.35341590171
213.16616227818
226.7910688499
224.87669062477
239.2263044822
252.97766570076
242.58794325286
259.55149356448
280.37343002731
248.38577006886
277.81582652364
288.74969684974
294.72862400054
158.81032479164
158.58447883793
165.22845940758
180.16719021094
179.43573045678
180.69688214354
198.46447249039
202.67000609766
217.73372626387
221.15853605271
237.75974117672
244.86597032066
260.96077759115
246.43164255405
257.12462861965
265.32168587968
288.91586597574
276.65568307088
306.44377666017
319.55475872648
161.02075972675
168.57761752573
178.41104590209
175.73777600524
186.8894409672
196.49457783127
203.40772880619
207.18517651223
227.76684793231
221.94331534382
232.07026768204
234.2139902961
260.22287689389
260.1740269022
259.39429107239
286.95949851627
277.49695954895
291.36883103695
287.25970207129
325.35386295146
172.69448371987
169.61917046688
183.93456928967
193.32676535983
192.88240445016
196.77315158892
215.27329903112
225.00931184637
230.64873561248
233.17510842245
244.43252342054
257.2580157189
257.59648225133
275.38524708701
269.44397608367
284.69197220162
311.3582375592
311.56282073182
329.60005929532
318.23225719417
171.47410378684
184.56328247566
180.61379208865
195.99777260934
213.0816424872
201.39170665585
212.88030055327
220.13951529774
236.31137758759
234.69872749941
251.13309151548
258.10574879289
278.96104538853
277.67195116272
275.84762816767
303.27237135434
306.03766755677
297.98431880593
310.13565886185
314.66512819665
178.95150066119
184.84319501555
193.00375417024
201.62902224106
214.85660076487
209.18533619801
215.92659139755
235.29113415904
236.17627711416
248.34431788523
249.39563450602
252.27526458004
261.10460963541
271.19922359381
269.46986837245
287.50368385326
301.75079470469
312.99584976828
311.11778466617
320.82097982494
183.25465729972
202.0620958327
192.0875199347
199.30858089773
216.3984279822
218.03252459453
233.47809417845
236.11862183121
243.09169397227
252.06531229509
256.10835618234
258.91975418442
269.84263816359
281.02940715454
285.10553347659
294.29035601419
308.28509372443
294.54820205374
301.3694078535
300.22418931661
190.42752991609
193.90168306981
207.57172255235
209.39508438956
217.45346577164
230.87024167728
224.00864787341
222.01730959314
252.35618943625
266.57460705902
262.6409403486
279.77232874954
279.1740506727
275.65184675522
277.26712418125
286.65381736188
283.7793705181
262.86745776284
231.49458596222
231.10830261378
193.78574347354
191.65011836591
200.36609489605
210.80067260964
227.25051791231
226.66188268365
237.14035046884
247.28969110323
260.101225543
256.72846789955
260.45395501376
266.66500045449
262.62472601038
254.4200176305
236.66350241471
235.41127807975
209.86193418073
186.12758427039
220.94703091959
183.63446248646
199.16020642639
197.71379694697
214.88834252264
208.16634685801
224.11648889227
224.09886855935
248.43519235161
246.90231725976
239.7828056067
253.04227253416
251.0448601014
213.77357789556
210.81194228539
185.15242318195
174.77022063821
206.69883721293
153.67346107527
179.60655379497
176.0834854644
176.69372538124
190.25416097875
204.05456786259
212.68500247435
206.81236001864
221.83945754095
241.81868126563
221.38621655054
237.63133614134
243.48798047735
208.84156675829
166.85055346121
149.94692551267
151.50845017452
152.26378794221
153.17636749793
151.56604782986
144.36905864555
168.01078670849
179.84365282063
195.23977433254
192.54561595506
205.70838431675
208.13244032897
219.50137182214
226.76957399362
243.26717023484
229.04754895816
193.61041080978
152.1021477638
147.10059624281
146.6678752299
160.70789203341
133.4804710189
161.96249120795
130.59154186998
163.79708805366
143.57264991136
136.99366697068
93.666174056561
133.36756456281
193.39654878007
205.8455275982
211.51993577112
210.24814096221
220.97659532869
197.37038934286
150.71105631705
125.64160348503
129.85330491093
121.55220173783
96.51619242922
152.59549641633
127.67815131251
139.84756744926
122.73951758433
114.54871800394
109.65428915815
108.96857009651
77.653031178939
56.146604353607
208.84682664959
212.37850887294
214.76383095398
208.6192269011
161.85841546209
127.4999569213
91.084587962261
94.92924884949
92.883973579851
90.390583147582
110.86241508617
94.677303885967
67.596114129643
74.611133772294
84.387586853712
92.871560878326
57.217886725121
55.543249133189
20.906264809012
21.591529306689
203.12309162632
211.17736899798
185.86793936053
121.31868872909
97.664293492525
88.552608549531
74.426167889513
79.572753976829
92.536168359339
66.274023261982
47.350563931491
71.887290350299
23.710489156027
24.57142939858
3.9595219567183e-12
0
150.73673785714
0
0
0
195.22309593115
184.00165800574
110.45664908523
53.442792483711
70.952720230588
57.269040674944
33.440822537865
29.118737122545
0
0
0
0
1.8905935598193e-12
0
0
0
0
0
0
0
198.74381352733
78.889948765368
46.95970975257
18.500531911362
0
0
0
0
0
0
0
0
0
0
0
0
0
0
0
0
227.05680157071
291.85045840045
307.05110929135
337.36112449512
444.96513945776
424.02148843011
489.23072747071
525.10172390635
508.27451662905
461.46014169699
581.99842025207
634.8414080673
596.50058788765
612.04562786566
630.73973879208
630.38578683255
692.48537606843
766.34453749538
732.44699819721
751.25266910365
819.70630289404
1061.7172910103
1085.9106398414
1397.8692994713
1529.257252869
1581.1445820976
2038.997568639
2058.9931932219
1757.5534868181
1803.7172707355
1478.5813998218
1078.0717440065
1482.1070060533
877.15902661459
996.72205548463
1023.0094964697
727.7240807551
1228.8758506491
817.54591766847
638.28092234269
675.95292675685
679.12145186338
601.76383675991
790.1231678579
631.25605870557
1230.0265406458
1163.3137465966
866.2615898734
914.14947524164
856.03342568805
750.56776788619
1124.8866951833
957.18374774548
813.01458976062
1166.2830236224
976.99769307878
859.80353645898
981.81252415881
816.58075373799
827.70786265217
924.52710027278
959.47778761705
734.20317216641
823.65156724518
781.76217858033
706.28281668777
718.49376422813
635.32331535279
727.0260718764
711.746673939
635.96670011467
732.44504965329
638.92463302583
656.37074982093
596.60468554792
475.08387984517
560.81541056548
517.49918455597
598.64659052613
515.61450822588
481.73253140799
440.29453760534
468.99435846289
416.73424043001
602.06335730883
482.56451993184
560.44336754712
568.08880083655
570.79686361691
460.99687011371
528.60736817552
466.5796373782
433.26196678563
517.59455785203
475.91709573124
576.63037060245
673.82292797101
513.08955606498
433.67159809066
443.49007652469
587.47499158149
493.39370950842
445.91363213985
641.35743282224
636.02330100353
549.59562782892
444.0750636974
471.99370245241
634.73344222416
494.2905410684
645.10190487795
515.86306671752
464.0977391893
650.23030846447
531.36242666998
667.8557444706
395.3330610189
636.70086342186
888.16370706124
805.90208991238
641.02220981503
1006.3527848956
647.34307877355
764.68093848038
1124.5826620361
1248.2931598962
891.33906130525
1017.0006660997
1048.9458112216
1133.0694166348
839.06861215459
1457.4944824762
1161.5354289521
1721.2992492376
1870.6983900633
1143.1532271802
1214.6998827904
1619.0642531767
1902.7318089805
2238.8849951019
2796.5855128826
3474.3100893372
3122.6159073364
2625.5745566584
2635.4677645314
2477.5631788351
4462.9893027547
4052.4265739623
1931.2734400156
3526.5221099299
4891.2495098241
5422.3823997391
4860.5889426228
4158.752359999
6670.8566254806
5238.4473767646
5934.0425205465
6986.7270459959
6585.0160942536
7748.4030431497
6721.6873845441
6954.2962817249
6868.4835295881
7388.2783052262
6874.9719942137
9723.4872001581
7258.0290163464
8202.2092941813
8068.3312439175
8020.6009891604
7706.285968362
7131.3295903675
6527.95736479
8602.5147389084
9816.5466683288
8244.1175746945
7533.7055428821
7158.4770199819
7970.9477719606
5938.6190220485
5365.2705556655
6916.7083727638
6161.633351919
7073.2832535885
6707.9875012622
6257.280389678
5275.5762638943
4198.084181649
6504.1993952815
5274.888490998
5985.0054928707
4969.5155273906
6935.3782435103
3961.0894177941
5638.7691915668
5901.6768626972
3737.1690735803
3681.1146913088
4898.8802828038
3300.4336347348
339.39137515774
353.71573177661
392.30759132707
516.70504927142
522.3658601938
574.45170702881
611.65905889704
659.29422031186
693.83819027522
757.97805567173
667.8307297282
726.0902911772
726.31318725227
697.57580020246
648.35457349559
779.21362923364
1047.5226349979
960.04208041826
1344.5842116474
1067.8342156206
1147.7674808091
1169.9427442903
1180.6969802564
1246.8012855461
1345.745006651
982.05477573318
970.63478353845
886.1024750695
956.55750792083
844.19425527332
863.20663212393
870.1252034121
856.3133670391
877.6551826371
911.82706131742
983.32017128242
861.23302869887
1056.0851055871
1147.1308087788
1228.7891962741
844.31062450906
1264.3371746397
994.96381293447
1221.5191069711
1375.6129467276
1406.5514736069
1414.0158683996
1480.2621586357
1452.146879392
2072.8120074466
1429.234396886
1470.6400345096
1849.7159357373
1518.254275943
1430.5969434758
1611.7450069032
1603.6755140646
1215.9082254379
1131.2136322619
1324.7583084627
1129.971012193
1309.7746868695
1131.4482670297
1055.1017513882
883.69706561929
897.04871130055
793.21778192268
787.87163938922
584.14665842637
898.86348358052
606.28626624295
761.84443839977
739.88616092413
670.82490839746
760.81107225067
869.63855049197
768.09646650739
557.00121301818
550.17469641269
557.68826069362
424.27062542956
438.67593166995
468.49218657994
530.9640482968
614.79783811484
577.87143557853
473.77992986904
537.81434212698
477.44309283577
512.31751189088
558.73678742155
484.76152557573
619.4110727132
599.44927192473
547.24218690985
523.71299056827
519.41299167513
577.13603222077
589.501778601
660.66522163308
645.6625198049
704.00518849387
689.20087123715
686.81440945699
752.0812903241
847.5644363089
829.38798837158
884.2339670949
792.43945657492
973.32591982055
911.10826356836
922.97335643749
1069.9841946606
1067.0669809068
1173.9288648373
1134.0717915379
1025.5962875438
1229.3413158103
1419.9388228907
1323.1375702986
1605.6440149652
1525.9608060368
1377.0719662581
1784.9302661408
1756.2749315635
1624.8950514448
1593.7698542193
1517.999210133
2056.0576116028
1612.8589687494
1753.9196693226
1974.6962759123
2034.9155149463
1973.0039991944
1908.5997582035
2101.7378920909
2335.993181199
2187.0354280009
2048.9551930377
2116.9557235071
2153.6209889775
2198.0255613194
2340.570119543
2469.3503705847
2384.0503821535
2547.8340026025
2209.7814875967
2314.8061777938
2478.9291812753
2131.2615301399
2345.9953704253
2354.2005797784
2427.5666595295
2704.1454144402
2596.1654142013
3146.1349195926
2648.5919372813
2597.8666738841
2738.4456484373
2798.5738393749
2526.8882863101
2545.4914285523
2273.2854713657
2985.8810468177
2593.5239096274
2616.8333394613
2308.7123778578
2363.0597370205
2625.8502605817
3027.2825642559
2908.1231222784
2557.1451619766
2518.7464331553
2526.8686921364
3169.1608158273
3602.1086014305
2609.6932123794
3580.0090302184
2843.8376357871
2948.983162382
3365.5877811473
3352.7498898861
3690.2641329865
2904.3607288103
3020.8491844546
3173.9200398663
2875.3459868075
3643.1953334174
3413.4292304907
3177.0013378394
4165.832034943
3438.8229186637
3563.4377901773
3806.3148171653
3712.0204341495
3263.6211161129
3771.5366030009
3222.42841702
4387.4155719587
4198.219029768
343.81004681502
369.76264812037
404.71542370784
453.94102742065
484.04926730719
570.4743148301
609.9231143111
640.85247432062
622.92585358277
718.50335463542
785.13309653847
793.28819142734
814.67812320796
916.08230593656
1021.0360359873
961.68323791503
1044.2815021373
1150.8911541338
1136.0869979063
1066.8629603809
1217.1238330376
1066.4563977819
686.14357627535
792.1554692898
890.09304011903
859.7174826517
811.58688071988
967.62362747254
1083.3921303936
1042.2654486965
910.23230249813
979.08106925336
737.62544661015
1035.3471458092
932.52400192301
1510.2644305047
873.92112537018
1056.7713807685
1196.795399266
726.87407666235
1090.2123793248
1312.5718015479
1122.0588910936
1412.456843118
1379.6356577086
1356.1286451483
1224.3547499944
1548.8198777357
1285.2246802974
1290.0576594578
1365.4460784556
1471.926451698
1764.0153821564
1520.834454113
1355.1884327117
1220.7273724932
1523.3410703952
1313.1564073435
1386.8882113685
1547.2625510064
1047.1812584284
1375.8217243171
1179.3169662013
1124.2781487362
1165.1393818793
1043.0642972151
1001.8841357032
875.48499313073
855.72448090479
950.96087109788
819.41312162552
748.79153687429
798.06242114636
869.25831591365
805.16794699554
706.39732893126
830.39897198784
908.24573471288
906.75343760356
767.84536449849
712.36587882608
714.32588558797
806.20984610212
782.77024923668
880.46808907315
649.54222894321
689.33348884815
636.8297235298
765.78677731927
607.80773290736
778.84569915279
709.97691980391
678.21192834306
795.81371625289
836.67768685165
798.39637190638
626.46802439205
744.55765831739
789.74625213959
896.69924635423
733.19810357166
911.06196645
915.96651874303
1135.4867385204
826.95023783256
1106.7491820028
1020.6171379866
978.47981888557
1279.7241721374
1027.904280158
1053.4443243542
1412.0601571387
1313.5250469952
1345.5829033569
1575.2979452981
1697.6190492794
1441.7217476989
1722.9144270676
1954.5558782305
2087.5383740184
1969.2828192972
1580.2817533331
1933.3301294195
1836.2200553835
2409.7003074525
2227.716875814
1841.7469916719
2037.1369698328
2179.0176851675
1826.0109876615
1918.6956690592
2126.4081066802
2017.92925763
1928.8337878384
2064.7489176143
2018.2097377239
1408.2339716143
1634.1670110323
1678.8127506119
1661.5776264363
1397.0131312459
1514.0673782198
1377.6880387068
1331.1185973333
1382.1911313128
1614.3880093819
1482.8250333591
1198.6121171983
1147.8390374644
1480.7310774458
1494.9389169476
1399.0330980631
1516.0465012358
1398.9862817483
1517.6830459423
1542.666206102
1349.1399421012
1442.3371724157
1682.2562184953
1718.5118589845
1466.3069711493
1529.3870520487
1713.9086483272
1660.8285938623
1467.7717530789
1576.721175427
1493.31550714
1542.7641161894
1534.1046434906
1348.8279652199
1530.612663574
1515.3924559563
1484.4596647567
1484.4252603532
1524.8659968677
1507.9751861115
1238.6788937728
1431.5130194248
1525.2200770336
1274.1932555059
1248.7868615071
1558.169113791
1328.8830662317
1145.1919480712
1194.1898888715
1250.4676972762
1244.6261203018
1334.4937464602
1259.0323882169
1226.3717748068
1216.1527982188
1194.9158474513
1185.7892767195
1124.9342831837
1215.9066509
1162.9054881822
1158.7194558684
1107.5589370366
955.77260427765
1161.9160885932
339.52070960412
367.43242711489
424.63787494473
466.09364183301
509.00565440291
563.46708117379
594.4243456519
608.16406675162
684.49240674075
808.17795671288
795.14276086116
947.97230350724
921.93466241642
1178.2043549338
891.81627171497
1160.5921841727
730.60323610701
1004.6911399954
829.64267370235
715.57611774712
866.65018714763
647.56285793762
868.13296047074
892.9377431355
706.3132166264
822.23503940284
959.57178814359
1018.5994318224
1032.2729481286
839.87348817859
1343.3944929026
1145.5845888723
982.42077833477
1113.9389683754
899.16116856254
1102.3994511416
866.27523986156
1200.1526486934
984.78134766099
1337.2154865297
1502.0255839919
1184.4532610015
1745.1710703962
1378.4268156973
1376.9268250511
1696.3789924528
1610.911365586
1465.3571596924
1690.5294509265
1541.2788526736
1492.2912813183
1623.1599499608
1471.6502219638
1491.8111251535
1289.2749809694
1632.6802343998
1527.2628592301
1417.7156808544
1275.335912543
1301.5103490131
1339.4558180725
1160.9983055164
1196.4815244331
1069.2188390463
1092.7777850979
1249.9924041917
1256.9750801619
949.03969312488
1089.0606729943
1038.6307434126
977.44264989231
793.57750057005
966.16592187936
866.5649875909
728.32402940527
866.7355178425
820.95212899323
747.12395055781
768.58540861004
761.43712395454
857.53575390094
813.32411028192
806.02884694626
867.82038954077
788.57557014172
740.63484976343
834.34775450865
876.6975407468
822.63992556337
714.73627797818
901.18761569247
819.37156244313
796.21301066268
891.87126933895
786.8327077236
902.23649466698
852.47965882917
842.6853994172
947.1129345356
830.72256079599
1120.0125384116
1155.5835686784
999.62368588525
1106.3194220769
1254.6449697104
1484.5241886577
1442.9466262081
1524.3346833344
1652.9209212823
1951.2726420074
1831.7690463181
1723.6785205888
1784.4126016934
1949.8391213587
1991.554766039
1925.6022355425
1652.8596554644
1510.3971038428
1316.6111663471
1657.5816798246
1459.597540454
1227.8020441294
1153.74992644
1042.0453980765
657.11016967236
1205.434959557
1136.0385721144
510.14804354902
764.13891763869
836.95626670505
1048.4608407267
1521.4585745384
1178.2908523008
534.31356696077
1383.3599893698
718.4257805068
448.71409867053
1085.8850157347
987.401193339
1894.6346514306
1285.3690377706
1812.8489250843
781.0783070948
641.49260435972
715.34352809941
775.14314802044
671.17761037861
714.95455436081
808.30529366472
670.08378746851
853.46651630193
847.44416338192
1028.0846256111
1202.9288272316
736.20655033366
834.51560611125
990.71344013885
780.48017434891
837.1745206756
861.67221042626
672.50226349681
1206.9042961056
804.52232192368
704.33057216438
755.43907709919
659.58969425652
741.56708683856
655.9939502204
667.52447898755
588.91058704806
645.93868091125
858.38117120594
624.27811103407
569.9073402372
571.83410679916
624.92830878538
578.93365011667
511.23250289112
498.70629042898
510.28072792009
474.47366715048
504.64398024174
483.63400946941
524.22530007748
507.23958997644
445.45007191571
562.9551584228
468.91403616414
503.54750226335
452.85470077339
448.2276283917
423.75724481804
452.15628234609
372.93430283398
377.65409996508
418.96640762472
427.27384641531
450.04688286739
425.22393908782
464.82996014599
326.84932136728
365.36408657386
429.13214056236
492.54291230547
514.4463088611
544.0569577354
542.8480815338
648.01190376678
831.28813561167
841.64393096561
656.01580578279
801.26870843714
764.9855043161
829.36646210804
790.23496509546
1021.4753894871
927.41089462468
839.99062764559
869.83114626874
1035.6833880395
825.82034516635
807.89874433992
619.71618811209
976.48332209808
723.9485388509
798.67976420303
715.03012466481
903.63840688442
771.31347731923
853.84770585316
742.31538400004
1096.2838234107
773.68422257008
1174.3738229503
1362.9547335613
914.2706891541
1017.5297531108
956.17305644828
1321.8611471649
1144.0491718338
1185.4994424284
1321.1110488379
1153.2045234403
1321.1471324794
1208.6099264602
1330.7394872398
1415.3863149241
1383.4706169301
1493.6665004235
1405.0960076204
1390.2247824497
1589.6469823826
1572.360588208
1222.5334845435
1316.2056520397
1293.5652428009
1179.7124700253
1086.6417528733
1228.2835078696
1066.5551347409
1109.3139191582
1144.5267926988
1034.4299907811
1055.2302515467
1059.7533300739
864.45916114857
947.6302098187
801.57429571537
758.45608569643
687.16841990591
769.81239564553
749.0461821366
750.10929733475
722.21613343937
595.8627965562
722.11587363055
629.09864475243
594.19252050732
651.06938660073
479.60460538432
685.6780105462
632.15685659418
580.84820990397
633.61559458288
538.95485621514
570.87853962165
678.11355595015
735.0209128752
614.36092311602
720.52939486527
574.69470260518
623.26941248688
734.92351191587
802.80379832306
947.13230072787
1016.7272549133
1367.9890509932
1509.0523039337
1483.9451741869
1727.598363393
2054.081195469
1392.3610191915
1655.0282121729
2233.7758426299
2631.5396530109
3526.3204826423
2812.9238344104
2237.4489981008
3416.3336496498
1923.2320193499
2668.7796276603
2989.9421861229
2483.9844250495
2724.4812563335
2473.5702900241
3134.4147299392
2273.4673257001
2631.6572397294
1477.3735674004
2831.3485081701
1296.7700151141
3080.0571584558
3695.4237077372
367.94055329946
40.697456910353
2330.4782554766
85.47732481698
330.62633592352
2064.3037004135
310.21637783742
4433.4283126157
135.06386299237
273.7030394596
257.33062015304
194.29806340139
2319.9386213198
124.19206902088
1770.819620029
146.23970677184
208.25544992044
231.71151517896
260.34819389913
312.91140806718
174.43110472739
1838.1861863233
194.61280294182
261.81172718506
198.85448074085
362.18052464184
189.17387605083
537.66187083095
327.55562286298
451.31463265573
324.47230865079
317.66059470598
1929.4775845415
172.18663855479
222.18518412974
250.19091506037
238.31283884715
143.78072774042
268.32077852918
195.42608947889
377.89515868137
223.10403738975
151.45211519463
314.65746926538
221.20824349915
392.7691303278
391.92425912837
178.48599722356
272.49692459465
227.29196621497
409.73584798634
414.81755793624
429.52074607379
245.99017326371
325.52469558613
268.18559970997
202.84176625699
273.61525389926
297.41271100392
706.35251492875
572.39455202854
2216.1075119342
243.96753300966
242.74315161496
292.86816534774
255.72715604705
353.34700469035
436.07118681593
285.75812649437
393.67596176316
518.71599721992
330.64479329569
901.12208559954
325.61739729198
391.43297165825
337.1750418164
332.23345131628
341.81195351055
366.93261804341
397.98309000221
470.68987648221
471.43113313429
547.41962217676
615.70700245915
655.11031903385
655.28138738668
551.53073877114
716.12998832054
751.55710701631
695.75111404958
806.22064710331
656.5306583644
565.21108954432
886.25127664584
1069.475537977
721.01331423177
605.84338557442
762.31001868184
865.09360109797
755.66246958973
884.84300563374
886.22761264747
686.49626853844
839.24144217691
660.42520526237
868.14713304195
801.16491874536
1214.9687202375
980.5788457501
886.95358203731
987.3907014737
1121.5658541458
1018.3860645383
806.68302396677
908.67088084997
1056.1304546306
761.39828134098
895.77519399166
798.96866083844
1126.1303962277
839.02240527568
1118.984508407
1107.7003123884
889.78585768912
992.37283396512
1099.7316152232
1095.5675603003
1007.8126908119
909.25390321702
972.71093642285
810.43379316278
854.44846097054
854.09750518449
711.14530896583
588.27896515913
748.6786072576
722.56460368191
577.47794878227
629.57572779289
532.19263300054
535.09677967556
509.60507507391
486.49016316633
500.63696408554
447.04459045892
534.05870310475
469.5653983748
422.92343445569
359.22653565531
506.45078919309
459.38907485271
413.52303018057
510.31537597389
457.08832653785
362.1352313232
515.11848127453
349.5294710391
358.99540365705
431.14601412481
413.85488249684
691.79235942378
632.5980422778
514.65870627075
612.94775049231
1039.232834149
1267.2125962713
659.03184521824
1265.1640207408
2370.1588334915
857.5297023416
1268.0381672119
1363.230598618
373.88314521535
310.13955797133
1787.2721055096
2752.9104704586
4422.6014921373
3349.7444299874
2314.3871710316
3425.2925325723
533.55193188959
5299.0163550812
668.73217017252
4073.3353032669
329.81223360404
4310.816992202
559.86149631798
187.60960115936
4548.1792538912
0.92859698366237
14.315836319626
2507.234513282
0
0
0
0
296.84834338463
583.08549370688
0
0
16.016791682348
0
0
2.6883983314881e-05
9097.1647954619
0
9536.6785236435
404.74821621054
1.8146349740223e-11
3.6589794296134e-11
0
182.31147611885
46.775853729582
0
22.319439665983
0
0
35.431371619196
4.4840946237417
69.143586468066
0
2.0124697781135e-11
25.042708250682
146.9651048659
0
158.23701519427
217.13356354374
0
181.81320957866
316.3404500166
26.988560922785
0
172.86175545331
81.519281702814
300.53688163046
418.97554195194
8.7524058483553
341.05673897946
224.35980458749
74.116127436931
117.32216830165
112.57790339575
14.92348767916
67.940137266621
1343.5890317002
6.3955355981152
107.94932083296
20.9261875883
523.00509357306
397.95920822964
212.03710670252
326.72568901881
378.35312714408
531.96490461067
115.92435400485
1042.5926218038
869.95980742329
240.65274387306
104.09693967625
204.54442810416
533.092201211
342.96920643169
264.96769909219
318.15858130139
182.66407070351
619.55950435709
306.46354366229
194.9063643652
45.584575129304
168.19505383655
127.78897850509
527.40808887049
5.7748285265788e-11
362.11355070779
1425.1235841757
464.28698340911
360.54848766457
343.82748578641
382.02283520198
396.62031352162
442.02333902531
481.34143869566
475.91403827502
523.9684494558
578.62221252989
538.83176211616
658.11179339226
631.45923092213
747.22699251615
826.07595914566
903.15056370716
762.46743996887
747.87237168769
697.54673101617
636.28449166379
875.4213149692
647.17176531377
729.16440422
738.20088480305
644.98571341447
726.7753861677
824.24550205734
964.12302586703
800.02674079735
578.21921789193
828.84354840188
619.45340492394
596.86814645294
548.19885976841
604.01304278737
618.3670711518
568.21251457723
591.76158773328
630.40630789735
677.79849790565
568.90347191699
578.27617561931
512.87792492144
536.56352641856
496.11251861072
548.5687275588
509.60473884196
405.29136184938
546.31363528547
557.27861474564
505.67364806025
436.26973011617
471.6427164982
538.8616869412
450.41705917488
456.6263002424
307.6679613409
357.73683240076
504.75918535237
364.64197765537
335.42248424085
320.45793803305
419.39701107917
443.7289658249
302.23658207853
296.80156356961
368.2570854561
396.04054735817
675.04809639452
605.22341344427
262.59287781996
256.70771883999
282.46000644278
389.48412369622
700.22307837089
313.05702382444
385.95212761975
1658.0382304298
952.29116938311
479.97003819537
155.54920337447
1035.2466903782
775.55889007858
229.84876994321
423.28103707681
173.29720632225
153.96076765315
165.66034638211
258.05973898089
128.72431559952
117.57499655986
390.2020732133
386.03758097048
372.25197436284
465.34196561323
334.13332608687
290.97386856283
476.42176982163
47.073973412964
0
1.6636576378174e-05
1690.1743520881
102.24718230374
129.57480240544
0
0
3.0521120631881e-11
61.402781571079
2.3164868466092e-06
0
86.478354214541
5.7007232898428e-06
1716.3042501321
0
0
2.4821584914205e-09
0.53813514831714
0
3.3976714360149e-11
0
6.9141318668429e-11
0
5938.7048009806
0
0
0
0
0
8889.6122256511
0
0
0
0
1.9278373578738e-11
0
0
0
0
0.0028542871323998
0
0
0
0
0
0
0
0
0
0
0
164.40030529303
0
0
0
0
0
0
1.1621734498576e-11
1.8967545373988e-09
421.33428600924
78.48531187763
4.7880687211169e-11
0
0
397.21245700794
7.6781926819989e-07
286.74040134096
3.1998840689137e-07
0
2.5364971712749e-11
144.3393442423
157.00037136487
0
0
2.0994741217522e-07
305.62238714298
272.40330581754
0
112.58097010534
453.08611816544
0
0
636.2467435387
0
39.059662067903
75.44442292356
3.2264318134816
373.63262088716
132.15480132646
151.72839343491
287.44671504729
292.72891741467
453.4993522194
441.98198976884
1.418425568983e-06
153.70096535103
663.09626065515
8.3699358402937e-07
75.749951125033
60.2208726949
783.58329695992
124.46418929703
358.64159464265
374.27441416067
377.61141240609
403.90746903723
418.21430317042
445.82545157089
542.7405159105
548.32668022958
655.79745274743
756.45961199231
663.00693826352
658.04573936752
619.30797003303
653.79839898559
684.08441892426
771.20144387575
761.27975443789
581.17972625965
668.39540412332
656.1613911255
717.89655704785
629.75539644845
503.55446830751
532.38264831831
443.87055721516
467.78564894136
401.92717579935
292.46097824761
381.48770320283
457.86015685029
423.54004979671
404.24677175211
402.07331955636
339.58890605426
200.91455954373
313.93298962392
373.2619932114
422.33177185411
323.85899328167
243.03512758294
266.64436897236
168.88605612768
235.63682822456
207.88133097913
295.9020403388
101.26146590365
308.86427179631
99.117394257259
274.96298469985
216.45436266051
376.57508450492
255.8668218357
102.18737369183
195.39917357255
441.02357336886
421.80915762135
148.36695648072
164.48710232733
325.23779572932
329.42150250993
425.29133250691
892.32484526266
992.30475773844
238.69282968833
352.00376335718
790.84350785575
842.50994679042
857.65092110972
883.3503599396
945.33282494824
204.35055420508
704.84021419777
201.6858013217
1775.9056685762
209.09179477129
950.73530937071
398.93751839984
210.18563350482
84.383690274159
290.64575328296
69.579280995945
218.43654788728
472.56538630251
159.3449453099
0
2328.4210405627
832.60371158187
825.49564979207
9.4994221920146
104.99129506447
0
460.10704291274
159.59742347147
0
0
577.08198442225
0
0
0
3.0232131633989e-11
2.7237993461117
0
0
1322.1631312455
0
13.409790277212
0
0
0
0
0
0
0
0
0
0
0
0
0
0
0
0
0
0
0
0
0
0
0
0
0
0
0
0
0
0
0
0
0
0
0
0
0
0
0
0
0
0
0
0
0
0
0
2.3760399029988e-11
0
0
0
0
0
0
0
0
0
0
0
0
84.430578980326
6.2113450379554e-08
0
419.07383686529
0
311.44512201314
50.505200926895
1.6034282702086e-08
151.5518835343
243.93759608396
0
0
0
0
0
0
1.0768334882171
0
9.5524355070486
0
8.5503596675525e-09
0
30.645814996517
202.55622180798
285.14957096103
624.15388232499
8.5409167966184
0
4.4483436244e-06
563.66907477867
176.38051990155
0
348.77748411096
5.4838348412082e-07
330.91964784491
345.74039124008
355.2265924011
351.1240713689
337.10669395067
446.8417234343
509.7686678951
564.55416009788
593.74970592026
519.8654255206
798.82554463236
684.84180010153
730.35122443705
505.81555542314
619.34070603784
598.63301237609
481.86267970786
379.27292866604
382.67295593156
329.84739100413
248.19650495697
220.05545360031
251.17127285083
219.49484259757
220.51541104319
300.81393318691
229.38881429355
80.094669127013
221.00909904049
141.31503779838
233.40180568951
117.92252077897
177.2598192833
124.44289634536
139.76086382448
58.053242294784
79.619192905655
163.13515186264
160.77917313642
21.421758350662
0
3.3565361106834
0
235.52610641149
235.91032571209
53.35196226238
53.645159009705
202.26676141634
0
357.58804370094
646.75279915444
48.754073099217
69.538802540212
0.68505474652931
533.53555400207
0
9.8131289878228e-12
530.2045204355
0
862.96821865857
0
1277.5447983486
4.2879421674403e-05
38.540699581171
1.0759494627963e-11
296.81158959622
1.9088146853451e-06
1256.7119077184
0
525.8299369375
4.5991412931688e-11
42.42366474554
334.1798463893
1175.6561273392
73.404273788516
474.43586316856
940.59456541463
0
2.504088774537e-11
2.5302660628495e-11
148.13652085759
0
125.05644414929
2324.2945790256
112.72524399267
0
0
0
2.4493510529923
0
0
39.822931145771
0
0
0
0
0
0
0
1.5411981019789e-11
2.8002887367806e-10
0
0
8.1263637410797e-09
1.6144679968286e-11
0
0
3.318493260327e-11
0
1.6894393425628e-11
0
0
0
0
0
0
0
0
0
0
0
0
0
0
0
0
0
0
0
2.0063392343437e-11
0
0
0
0
0
0
0
0
0
0
1.0961190349276e-11
0
0
0
2.2618793874655e-11
0
0
0
0
0
0
0
0
0
2.4407467439694e-11
0
0
0
0
0
0
0
0
0
0
0
1.2781022920639
0
0
0
0
122.68291676381
2.7798586105922e-11
0
0
0
82.143633148852
0
0
0
0
0
0
182.07900728941
3.0181836347085e-11
3.0384864306142e-11
0
0
0
0
0
0
102.3176672599
1.6016794435695e-11
0
0
3.2663090159184e-11
0
0.46322138092269
4.0436652052897
289.73450584426
296.77586091856
307.77050602946
330.46559003816
359.00926606777
439.22143657772
499.05652112889
597.8010433541
517.26601795133
647.64885338208
582.68350577282
380.92635379746
377.02288568307
355.83421180096
272.56227159138
246.35375141522
216.70394465276
169.6990951654
167.51745372496
169.33314752059
158.13859596782
123.08907315954
18.941185498649
0.46800263624625
160.60628523985
78.344549818384
0
0
0
0
0
29.339245431612
0
4.9706485202942e-07
0
0
0
0
3.8326109035011e-07
0
0
0
0
8.4173202320975e-12
0
8.6333944059657e-12
5.4570425069194e-08
0
0
0
0
0
9.4112181766704e-12
9.5250741645038e-12
0
0
0
0
75.753594736283
1.0222586199604e-11
377.23806083416
0
135.84368024362
159.7118945036
682.0712953722
2.188948598293e-11
0
0
398.29970095685
0
11.229358181709
0
0
0
0
0
78.536836999532
1307.5705790954
2.5187922495374e-11
0
0
0
0
0
0
2.7059844415073e-11
5.4665476889566e-11
0
2.7882633963672e-11
0
0
2.2945478966597e-08
0
0
0
5.9700793208087e-11
0
0
0
0
0
0
6.3770495497854e-11
0
0
0
0
0
0
0
0
0
0
0
0
0
0
0
0
0
0
0
0
0
0
0
0
0
0
0
0
0
0
0
0
0
0
0
0
0
0
0
0
4.5150908299911e-11
0
0
0
0
0
0
0
0
0
0
0
0
0
0
0
0
391.35518608335
0
0
0
0
0
553.30904888541
0
2.718463853004e-11
0
0
2.6378168228273e-09
0
0
0
0
0
1.4474342561536e-11
1.4574056591477e-11
0
0
0
270.08521074571
0
0
0
0
0
0
0
0
0
0
0
0
0
1.2024886393091e-08
16.66546972558
0
0
222.52546543397
265.51131697823
255.34505669294
261.30886864114
426.7669834772
412.18534811799
453.00186144347
562.57307990048
457.40379179666
276.26446505796
205.93026729364
161.18045661097
199.03115384056
141.8909264968
200.21815575074
186.04643626927
50.603535544792
10.125038545152
41.172093467203
6.0086487724479e-12
0
0
0
0
0
0
0
0
0
0
0
0
0
0
0
0
0
0
0
0
0
0
0
0
0
0
1.7399869080663e-11
0
28.001278811604
0
43.28690309595
0
0
0
0
1.9414783541763e-11
9.8227376969514e-12
0
0
0
0
0
128.77915874272
0.0037709210741214
0
0
0
0
0
0
0
0
0
0
0
0
0
0
0
0
0
0
2.6121698772725e-11
0
0
0
0
0
0
0
0
0
0
134.17839196188
0
0
0
0
0
0
0
0
0
758.72333616769
0
0
0
0
0
0
0
0
0
0
0
0
0
0
0
0
0
0
0
0
0
0
0
0
0
0
0
0
0
0
0
0
0
0
0
0
0
0
0
0
0
0
0
0
0
0
0
0
0
0
0
0
0
0
0
0
0
2.5725198135647e-11
2.5912756217929e-11
0
0
0
1.5609834533874e-07
0
0
0
2.7437745759466e-11
0
0
0
0
0
2.8610100279405e-11
0
0
0
91.544348540093
0
6.5324233061394
0
0
0
0
1.5411556735526e-11
0
0
0
0
0
0
4.5810665906495
0
0
0
127.68507557088
0
227.94800629979
248.57034594201
232.48696351833
318.0481985676
360.88164363919
295.33095658884
278.81938573016
237.18795639669
212.69666134625
103.20763665601
103.62848714031
51.880916760846
5.9657907283612
0
0
7.0310456072585
0
0
0
0
0
0
0
0
0
0
0
0
0
0
0
0
0
0
0
0
0
0
0
0
0
0
0
8.2634566474044e-12
0
14.001657146023
0
0
0
0
0
0
0
0
0
0
0
0
0
0
0
0
0
0
0
0
0
0
0
0
0
0
0
0
2.3706956344096e-11
0
0
2.4470349638256e-11
0
0
0
0
0
0
0
0
542.86398472075
0
0
0
0
0
0
0
0
0
0
0
0
0
0
0
0
0
0
0
0
0
0
0
0
0
0
0
0
0
0
0
0
0
0
0
0
0
0
0
0
0
0
0
0
0
0
0
0
0
0
0
0
0
0
0
2.1990527904671e-11
0
0
0
0
0
0
0
0
0
0
0
0
0
0
0
0
0
0
0
0
0
1.296775196903e-11
0
0
0
0
0
0
0
0
0
0
0
0
0
0
0
0
0
0
0
0
3.0823724850535e-07
353.71580747084
0
0
6.1626536435037e-11
0
0
0
0
0
0
0
6.4925730186216e-11
0
3.2881984941281e-11
209.79318906036
210.3555444892
237.27153268927
262.09492088318
210.33857768791
211.53872401752
125.78816138068
67.719939830967
0
2.4822851388968e-12
0
0
0
0
0
0
0
0
0
0
0
0
0
0
0
0
0
0
0
0
0
0
0
0
0
0
0
0
0
0
0
0
0
0
0
0
0
0
0
0
0
8.9406597982927e-12
0
0
0
0
0
0
0
0
0
0
0
0
0
0
0
0
0
0
0
0
0
0
0
0
0
0
0
0
0
0
0
0
0
0
0
0
0
0
0
0
0
0
0
0
0
0
0
0
0
0
0
0
0
0
0
0
0
0
0
0
0
0
0
0
0
0
0
0
0
0
0
0
0
0
0
0
0
0
0
0
0
0
0
0
0
0
0
0
0
0
0
0
0
0
1.1108923186257e-11
0
0
0
0
0
0
0
0
0
0
0
0
0
0
0
0
0
0
0
0
0
0
0
0
0
0
0
0
0
0
0
0
0
0
0
0
0
0
0
0
0
0
0
0
0
1.5390774457161e-11
0
0
0
0
0
0
0
190.92505969983
166.40712450385
144.88980453287
170.4467202529
97.672767541682
86.920376743154
2.3001378493167e-12
0
0
0
0
0
0
0
0
0
0
0
0
0
0
0
0
0
0
0
0
0
0
0
0
0
0
0
0
0
0
0
0
0
0
0
0
0
0
0
0
8.2872750174629e-12
0
0
0
0
0
0
0
0
0
0
0
0
0
0
0
0
0
0
0
0
0
0
0
2.1890822532457e-11
0
0
0
1.1424323709893e-11
0
0
0
0
0
0
0
0
0
0
0
0
0
0
0
0
0
0
0
0
0
0
0
0
0
0
0
0
0
0
0
0
0
0
0
0
0
0
0
0
0
0
0
0
0
0
0
0
0
0
0
0
0
0
0
0
0
0
0
0
0
0
0
0
0
0
0
0
0
0
0
0
0
0
0
0
0
1.1406338308107e-11
0
0
0
0
0
0
0
0
0
0
0
2.4910810502245e-11
0
0
0
0
0
0
0
0
0
0
0
0
0
0
0
0
0
0
0
0
0
2.8997081455637e-11
0
0
5.9156667054133e-11
0
0
0
0
0
0
0
1.5578269064392e-11
0
147.72326246802
102.48725842705
98.53054981527
76.386162285523
0
0
0
0
0
0
0
0
0
0
0
0
0
0
0
0
0
0
0
0
0
0
0
0
0
0
0
0
0
0
0
0
0
0
0
0
0
0
0
0
0
0
0
0
0
0
0
0
0
0
0
0
0
0
0
0
0
0
0
0
0
0
0
0
0
0
0
0
0
0
0
0
0
0
0
0
0
0
0
0
0
0
0
0
0
0
0
0
0
0
0
0
0
0
0
0
0
0
0
0
0
0
0
0
0
0
0
0
0
0
0
0
0
0
0
0
0
0
0
0
0
0
0
0
0
0
0
0
0
0
0
0
0
0
0
0
0
0
0
0
0
0
0
0
0
0
0
0
0
0
0
0
0
0
0
0
0
0
0
0
0
0
0
0
0
0
0
0
0
0
0
0
0
0
0
0
0
0
0
0
0
0
0
0
0
0
0
0
0
0
0
0
0
0
0
0
91.22597476954
104.01801822465
1.2046710976335e-11
0
0
0
0
0
0
0
0
0
0
0
0
0
0
0
0
0
0
0
0
0
0
0
0
0
0
0
0
0
0
0
0
0
0
0
0
0
0
0
0
0
0
0
0
0
0
0
0
0
0
0
0
0
0
0
0
0
0
0
0
0
0
0
0
0
0
0
0
0
0
0
0
0
0
0
0
0
0
0
0
0
0
0
0
0
0
0
0
0
0
0
0
0
0
0
0
0
0
0
0
0
0
0
0
0
0
0
0
0
0
0
0
0
0
0
0
0
0
0
0
0
0
0
0
0
0
0
0
0
0
0
0
0
0
0
0
0
0
0
0
0
0
0
0
0
0
0
0
0
0
0
0
0
0
0
0
0
0
0
0
0
0
0
0
0
0
0
0
0
0
0
0
0
0
0
2.5493318466602e-11
0
0
0
0
0
0
0
0
0
0
0
0
0
0
0
0
0
0
0
0
0
274.92354064442
1.8959846347416e-12
0
0
0
0
0
0
0
0
0
0
0
0
0
0
0
0
0
0
0
0
0
0
0
0
0
0
0
0
0
0
0
0
0
0
0
0
0
0
0
0
0
0
0
0
0
0
0
0
0
0
0
0
0
0
0
0
0
0
0
0
0
3.5971761423883e-11
0
0
0
0
0
0
0
0
0
0
0
0
0
0
0
0
0
0
0
0
0
0
0
0
0
0
0
0
0
0
0
0
0
0
0
0
0
0
0
0
0
0
0
0
0
0
0
0
0
0
0
0
0
0
0
0
0
0
0
0
0
0
0
0
0
0
0
0
0
0
0
0
0
0
0
0
0
0
0
0
0
0
0
0
0
0
0
0
2.0324520183123e-11
0
0
0
0
0
0
0
0
2.1724113730057e-11
0
0
0
0
0
0
0
0
0
0
0
0
0
0
0
0
0
0
0
0
0
0
0
0
0
0
0
0
0
0
0
0
0
0
0
0
0
0
0
0
0
0
0
0
0
0
0
0
0
0
0
0
0
0
0
0
0
0
0
0
0
0
0
0
0
0
0
0
0
0
0
0
0
0
0
0
0
0
0
0
0
0
0
0
0
0
0
0
0
0
0
0
0
0
0
0
0
0
0
0
0
0
0
0
0
0
0
0
0
0
0
0
0
0
0
0
0
0
0
0
0
0
0
0
0
0
0
0
0
0
0
0
0
0
0
0
0
0
0
0
0
0
0
0
0
0
0
0
0
0
0
0
0
0
0
0
0
0
0
0
0
0
0
0
0
0
0
0
0
0
0
0
0
0
0
0
0
0
0
0
0
0
0
0
0
0
0
0
1.9172984675318e-11
0
0
0
0
0
0
0
0
0
0
0
0
0
0
0
0
0
0
0
0
0
0
0
0
0
0
0
0
0
0
0
0
0
0
0
0
0
0
0
0
0
0
0
0
0
0
0
0
0
0
0
0
0
0
0
0
0
0
0
0
0
0
0
0
0
0
0
0
0
0
0
0
0
0
0
0
0
0
0
0
0
0
0
0
0
0
0
0
0
0
0
0
0
0
0
0
0
0
0
0
0
0
0
0
0
0
0
0
0
0
0
0
0
0
0
0
0
0
0
0
0
0
0
0
0
0
0
0
0
0
0
0
0
0
0
0
0
0
0
0
0
0
0
0
0
0
0
0
0
0
0
0
0
0
0
0
0
0
0
0
0
0
0
0
0
0
0
0
0
0
0
0
0
0
0
0
0
0
0
0
0
0
0
0
0
0
0
0
0
0
0
0
0
0
0
1.7758434342327e-11
0
0
0
0
0
0
0
0
0
0
0
0
0
0
0
0
0
0
0
0
0
0
0
0
0
0
0
0
0
0
0
0
0
0
0
0
0
0
0
0
0
187.43261733538
0
0
0
0
0
0
0
0
0
0
0
0
0
0
0
0
0
0
0
0
0
0
0
0
0
0
0
0
0
0
0
0
0
0
0
0
0
0
0
0
0
0
0
0
0
0
0
0
0
0
0
0
0
0
0
0
0
0
0
0
0
0
0
0
0
0
0
0
0
0
0
0
0
0
0
0
0
0
0
0
0
0
0
0
0
0
0
0
0
0
0
0
0
0
0
0
0
0
0
0
0
0
0
0
0
0
0
0
0
0
0
0
0
0
0
0
0
0
0
0
0
0
0
0
0
0
0
0
0
0
0
0
0
0
0
0
0
0
0
0
0
0
0
0
0
0
0
0
0
0
0
0
0
0
0
0
0
0
0
0
0
0
0
0
0
0
0
0
0
0
0
0
0
0
0
0
0
0
0
0
0
0
0
0
0
0
0
0
0
0
0
0
0
0
0
0
0
0
0
0
0
0
0
0
0
0
2.3898026444387e-11
0
0
0
0
)
;

boundaryField
{
    inlet
    {
        type            zeroGradient;
    }
    outlet
    {
        type            zeroGradient;
    }
    wall
    {
        type            zeroGradient;
    }
    wedgeBack
    {
        type            wedge;
    }
    wedgeFront
    {
        type            wedge;
    }
    defaultFaces
    {
        type            empty;
    }
}


// ************************************************************************* //
