/*--------------------------------*- C++ -*----------------------------------*\
  =========                 |
  \\      /  F ield         | OpenFOAM: The Open Source CFD Toolbox
   \\    /   O peration     | Website:  https://openfoam.org
    \\  /    A nd           | Version:  10
     \\/     M anipulation  |
\*---------------------------------------------------------------------------*/
FoamFile
{
    format      ascii;
    class       volVectorField;
    location    "0.00019";
    object      U;
}
// * * * * * * * * * * * * * * * * * * * * * * * * * * * * * * * * * * * * * //

dimensions      [0 1 -1 0 0 0 0];

internalField   nonuniform List<vector> 
100
(
(0.91132690017733 -9.8722181981698e-23 -9.8722181981698e-23)
(0.91130692063138 -7.5626231222493e-23 -7.5626231222493e-23)
(0.91130314699008 1.8258192972302e-22 1.8258192972302e-22)
(0.91128771166994 3.604715131552e-22 3.604715131552e-22)
(0.91127053034102 2.8342498277295e-22 2.8342498277295e-22)
(0.9112593453214 -8.3945054633118e-23 -8.3945054633118e-23)
(0.91125426460168 -5.3094052579281e-23 -5.3094052579281e-23)
(0.91125236886184 -2.7779273382247e-23 -2.7779273382247e-23)
(0.91125177250147 -2.2668048290185e-22 -2.2668048290185e-22)
(0.91125160989381 9.9168300530638e-23 9.9168300530638e-23)
(0.91125157073577 1.962978463548e-22 1.962978463548e-22)
(0.91125156228613 -1.4781221255078e-22 -1.4781221255078e-22)
(0.91125156063354 -2.2490015600204e-22 -2.2490015600204e-22)
(0.91125156033791 1.7286529022251e-22 1.7286529022251e-22)
(0.91125156028913 1.4152050666118e-22 1.4152050666118e-22)
(0.91125156028167 1.0013936477954e-22 1.0013936477954e-22)
(0.91125156028059 1.9896957969401e-22 1.9896957969401e-22)
(0.91125156028046 6.1667786529348e-23 6.1667786529348e-23)
(0.91125156028046 -1.3777182751021e-22 -1.3777182751021e-22)
(0.91125156028046 -3.5922811662712e-22 -3.5922811662712e-22)
(0.91125156028047 -9.8570315083653e-23 -9.8570315083653e-23)
(0.91125156028046 1.1438994506756e-22 1.1438994506756e-22)
(0.91125156028046 5.1443892040278e-23 5.1443892040278e-23)
(0.91125156028047 1.3299010829059e-22 1.3299010829059e-22)
(0.91125156028046 -5.3475118274308e-24 -5.3475118274308e-24)
(0.91125156028046 -2.6353848511979e-22 -2.6353848511979e-22)
(0.91125156028046 1.4537838436968e-23 1.4537838436968e-23)
(0.91125156028047 1.3883933826712e-22 1.3883933826712e-22)
(0.91125156028044 -1.9439381042881e-22 -1.9439381042881e-22)
(0.91125156028045 -9.8493910522025e-24 -9.8493910522025e-24)
(0.91125156028046 2.8276955384922e-22 2.8276955384922e-22)
(0.91125156028046 -2.1832373324468e-23 -2.1832373324468e-23)
(0.91125156028046 -2.0229532721346e-22 -2.0229532721346e-22)
(0.91125156028047 -4.7202317623107e-23 -4.7202317623107e-23)
(0.91125156028044 -1.5456997907818e-22 -1.5456997907818e-22)
(0.91125156028046 -2.8956711311778e-23 -2.8956711311778e-23)
(0.91125156028045 3.6419170734583e-22 3.6419170734583e-22)
(0.91125156028046 1.8790865518292e-22 1.8790865518292e-22)
(0.91125156028046 5.5292045934778e-23 5.5292045934778e-23)
(0.91125156028047 3.4748013215844e-22 3.4748013215844e-22)
(0.91125156028045 3.2835445389152e-22 3.2835445389152e-22)
(0.91125156028046 -3.4057191281509e-22 -3.4057191281509e-22)
(0.91125156028046 -4.3813119239964e-22 -4.3813119239964e-22)
(0.91125156028046 -2.3808841155258e-22 -2.3808841155258e-22)
(0.91125156028046 4.943913531842e-24 4.943913531842e-24)
(0.91125156028047 -4.5746311041739e-23 -4.5746311041739e-23)
(0.91125156028045 -8.842695431788e-23 -8.842695431788e-23)
(0.91125156028046 3.2835832644767e-22 3.2835832644767e-22)
(0.91125156028046 1.4604168950897e-22 1.4604168950897e-22)
(0.91125156028046 -7.0583486811747e-23 -7.0583486811747e-23)
(0.91125156028046 7.066546081437e-23 7.066546081437e-23)
(0.91125156028046 5.7014852837051e-23 5.7014852837051e-23)
(0.91125156028046 1.0949614412923e-22 1.0949614412923e-22)
(0.91125156028046 2.8290501649395e-22 2.8290501649395e-22)
(0.91125156028046 5.9798218138631e-23 5.9798218138631e-23)
(0.91125156028046 -1.7108528583262e-22 -1.7108528583262e-22)
(0.91125156028046 -2.7387203734282e-22 -2.7387203734282e-22)
(0.91125156028046 -3.6412641576884e-22 -3.6412641576884e-22)
(0.91125156028045 -2.0096932420908e-22 -2.0096932420908e-22)
(0.91125156028046 5.3022855235088e-23 5.3022855235088e-23)
(0.91125156028044 8.0511424344444e-23 8.0511424344444e-23)
(0.91125156028045 -6.3159375036628e-23 -6.3159375036628e-23)
(0.91125156028044 -2.6711610795286e-23 -2.6711610795286e-23)
(0.91125156028045 1.5545465994386e-22 1.5545465994386e-22)
(0.91125156028044 -7.5601537277717e-23 -7.5601537277717e-23)
(0.91125156028045 -2.3792801006359e-22 -2.3792801006359e-22)
(0.91125156028044 -1.5740600837598e-22 -1.5740600837598e-22)
(0.91125156028045 -2.3231104442078e-22 -2.3231104442078e-22)
(0.91125156028044 -1.0961624116075e-22 -1.0961624116075e-22)
(0.91125156028046 3.956436966009e-22 3.956436966009e-22)
(0.91125156028044 5.082519583934e-22 5.082519583934e-22)
(0.91125156028045 -1.1797215448804e-22 -1.1797215448804e-22)
(0.91125156028046 -2.9753303450303e-23 -2.9753303450303e-23)
(0.91125156028046 1.5029295153358e-22 1.5029295153358e-22)
(0.91125156028045 2.4268576571482e-22 2.4268576571482e-22)
(0.91125156028046 1.8087328522803e-22 1.8087328522803e-22)
(0.91125156028046 -2.1044560943931e-22 -2.1044560943931e-22)
(0.91125156028046 -5.1969264359996e-23 -5.1969264359996e-23)
(0.91125156028045 2.6793517904679e-22 2.6793517904679e-22)
(0.91125156028046 6.7762696554068e-23 6.7762696554068e-23)
(0.91125156028046 -2.6526092814454e-22 -2.6526092814454e-22)
(0.91125156028046 -2.759629329937e-22 -2.759629329937e-22)
(0.91125156028039 -1.598096065697e-22 -1.598096065697e-22)
(0.9112515602797 -7.5685311956663e-23 -7.5685311956663e-23)
(0.91125156027447 -1.6153852381629e-22 -1.6153852381629e-22)
(0.91125156023723 4.4804327868296e-23 4.4804327868296e-23)
(0.91125155999053 1.7786288714211e-22 1.7786288714211e-22)
(0.91125155847284 6.3282814033844e-23 6.3282814033844e-23)
(0.91125154986874 -4.7888503898614e-23 -4.7888503898614e-23)
(0.91125150523042 -9.2367086760351e-23 -9.2367086760351e-23)
(0.91125129527821 -1.0437151241281e-22 -1.0437151241281e-22)
(0.91125040994801 9.9846686524807e-23 9.9846686524807e-23)
(0.91124710881536 -9.5140902775954e-24 -9.5140902775954e-24)
(0.91123640596381 -2.5724996078714e-22 -2.5724996078714e-22)
(0.91120689737422 1.8221123915973e-22 1.8221123915973e-22)
(0.91113863059431 4.0198308204723e-22 4.0198308204723e-22)
(0.91101221415015 -3.4713054233609e-23 -3.4713054233609e-23)
(0.91080382359205 -3.8288574625406e-22 -3.8288574625406e-22)
(0.91068864293602 -1.8969392906227e-22 -1.8969392906227e-22)
(0.9102077356791 -1.2378269335635e-22 -1.2378269335635e-22)
)
;

boundaryField
{
    left
    {
        type            zeroGradient;
    }
    right
    {
        type            zeroGradient;
    }
    sides
    {
        type            empty;
    }
}


// ************************************************************************* //
