/*--------------------------------*- C++ -*----------------------------------*\
  =========                 |
  \\      /  F ield         | OpenFOAM: The Open Source CFD Toolbox
   \\    /   O peration     | Website:  https://openfoam.org
    \\  /    A nd           | Version:  10
     \\/     M anipulation  |
\*---------------------------------------------------------------------------*/
FoamFile
{
    format      ascii;
    class       volVectorField;
    location    "0.00019";
    object      Us;
}
// * * * * * * * * * * * * * * * * * * * * * * * * * * * * * * * * * * * * * //

dimensions      [0 1 -1 0 0 0 0];

internalField   nonuniform List<vector> 
100
(
(0.88834214661136 -4.9637140822388e-23 -4.9637140822388e-23)
(0.88831845033506 3.3153780661036e-23 3.3153780661036e-23)
(0.8883121741209 1.396602635536e-22 1.396602635536e-22)
(0.88829944791111 2.0099423224779e-22 2.0099423224779e-22)
(0.88829069750383 1.7700757511152e-22 1.7700757511152e-22)
(0.88828640818607 3.8941169032193e-23 3.8941169032193e-23)
(0.88828476882505 -3.4463607213184e-23 -3.4463607213184e-23)
(0.88828423940259 -1.6414851975126e-22 -1.6414851975126e-22)
(0.88828409183037 -1.3990972646481e-22 -1.3990972646481e-22)
(0.88828405558929 1.2663276405503e-22 1.2663276405503e-22)
(0.88828404763009 7.7726850171347e-23 7.7726850171347e-23)
(0.88828404604844 -1.5169212853886e-22 -1.5169212853886e-22)
(0.8882840457613 -7.495361524104e-23 -7.495361524104e-23)
(0.8882840457133 1.1916328790368e-22 1.1916328790368e-22)
(0.88828404570586 1.1689824091921e-22 1.1689824091921e-22)
(0.88828404570479 1.8360242405026e-22 1.8360242405026e-22)
(0.88828404570465 1.0067498315005e-22 1.0067498315005e-22)
(0.88828404570464 -3.0550057497016e-23 -3.0550057497016e-23)
(0.88828404570464 -1.9345099990013e-22 -1.9345099990013e-22)
(0.88828404570464 -2.2871766466711e-22 -2.2871766466711e-22)
(0.88828404570464 1.0150047936001e-22 1.0150047936001e-22)
(0.88828404570464 1.6369570007268e-22 1.6369570007268e-22)
(0.88828404570464 -7.3194834706486e-23 -7.3194834706486e-23)
(0.88828404570464 -2.2967497999884e-23 -2.2967497999884e-23)
(0.88828404570464 9.600573011114e-23 9.600573011114e-23)
(0.88828404570464 -1.0435704788336e-22 -1.0435704788336e-22)
(0.88828404570464 -5.0079807826917e-23 -5.0079807826917e-23)
(0.88828404570464 1.9060595282976e-24 1.9060595282976e-24)
(0.88828404570463 -8.8482751776545e-23 -8.8482751776545e-23)
(0.88828404570463 9.1669817980065e-23 9.1669817980065e-23)
(0.88828404570464 1.8065032939492e-22 1.8065032939492e-22)
(0.88828404570464 -1.4847356511302e-23 -1.4847356511302e-23)
(0.88828404570464 -1.0552400842915e-22 -1.0552400842915e-22)
(0.88828404570464 -8.5036128328802e-23 -8.5036128328802e-23)
(0.88828404570463 -2.2538546114728e-22 -2.2538546114728e-22)
(0.88828404570464 -1.1796043636812e-22 -1.1796043636812e-22)
(0.88828404570463 2.2175450868367e-22 2.2175450868367e-22)
(0.88828404570464 2.0804481288773e-22 2.0804481288773e-22)
(0.88828404570463 1.4644022083127e-22 1.4644022083127e-22)
(0.88828404570465 2.3190728107521e-22 2.3190728107521e-22)
(0.88828404570463 1.0555831416703e-22 1.0555831416703e-22)
(0.88828404570464 -1.4847221383902e-22 -1.4847221383902e-22)
(0.88828404570464 -1.8034313122592e-22 -1.8034313122592e-22)
(0.88828404570464 -1.877395844991e-22 -1.877395844991e-22)
(0.88828404570463 -3.6899159803778e-23 -3.6899159803778e-23)
(0.88828404570464 -1.5681150126316e-23 -1.5681150126316e-23)
(0.88828404570463 2.3232700343987e-23 2.3232700343987e-23)
(0.88828404570464 2.0737839355547e-22 2.0737839355547e-22)
(0.88828404570464 1.028040924052e-23 1.028040924052e-23)
(0.88828404570464 -2.7176629346082e-23 -2.7176629346082e-23)
(0.88828404570464 7.8562394362647e-23 7.8562394362647e-23)
(0.88828404570464 3.0915082858183e-23 3.0915082858183e-23)
(0.88828404570464 2.4247790759162e-23 2.4247790759162e-23)
(0.88828404570464 1.2645977384538e-22 1.2645977384538e-22)
(0.88828404570464 6.3995245229413e-23 6.3995245229413e-23)
(0.88828404570464 -5.5212297886119e-23 -5.5212297886119e-23)
(0.88828404570464 -1.6352822938627e-22 -1.6352822938627e-22)
(0.88828404570464 -3.0136043074499e-22 -3.0136043074499e-22)
(0.88828404570463 -2.1082703237684e-22 -2.1082703237684e-22)
(0.88828404570464 -1.1225692286716e-24 -1.1225692286716e-24)
(0.88828404570463 6.7677841944522e-23 6.7677841944522e-23)
(0.88828404570463 -5.6484209443552e-23 -5.6484209443552e-23)
(0.88828404570463 -4.8773253779889e-23 -4.8773253779889e-23)
(0.88828404570463 -1.7979479711887e-23 -1.7979479711887e-23)
(0.88828404570463 -1.4996155150188e-23 -1.4996155150188e-23)
(0.88828404570463 -9.7003826477241e-23 -9.7003826477241e-23)
(0.88828404570463 -1.4247871987344e-22 -1.4247871987344e-22)
(0.88828404570463 -6.6206245680755e-23 -6.6206245680755e-23)
(0.88828404570463 -3.5753038815775e-23 -3.5753038815775e-23)
(0.88828404570463 1.71084505333e-22 1.71084505333e-22)
(0.88828404570463 2.984300400227e-22 2.984300400227e-22)
(0.88828404570464 1.2882160867948e-22 1.2882160867948e-22)
(0.88828404570464 -7.9160329241494e-23 -7.9160329241494e-23)
(0.88828404570464 3.0986682621264e-24 3.0986682621264e-24)
(0.88828404570463 2.1700633694108e-22 2.1700633694108e-22)
(0.88828404570464 7.3923246361744e-23 7.3923246361744e-23)
(0.88828404570464 -9.0209357535547e-23 -9.0209357535547e-23)
(0.88828404570464 -1.3263885628016e-23 -1.3263885628016e-23)
(0.88828404570463 1.3465121725846e-22 1.3465121725846e-22)
(0.88828404570464 9.6428491638844e-23 9.6428491638844e-23)
(0.88828404570464 -1.023061864906e-22 -1.023061864906e-22)
(0.88828404570464 -1.182259544254e-22 -1.182259544254e-22)
(0.88828404570463 -9.3935865682959e-23 -9.3935865682959e-23)
(0.88828404570454 -1.2296471568943e-22 -1.2296471568943e-22)
(0.88828404570386 -1.440590364205e-22 -1.440590364205e-22)
(0.88828404569866 -3.971046720232e-23 -3.971046720232e-23)
(0.88828404566213 3.7158909134613e-24 3.7158909134613e-24)
(0.8882840454226 3.1452957406456e-23 3.1452957406456e-23)
(0.8882840439681 7.6418578073064e-23 7.6418578073064e-23)
(0.88828403582937 -5.4427328976845e-23 -5.4427328976845e-23)
(0.88828399421824 -1.0118134644943e-22 -1.0118134644943e-22)
(0.88828380163018 6.5514518015571e-23 6.5514518015571e-23)
(0.88828300398101 -2.5704364453771e-23 -2.5704364453771e-23)
(0.88828008905097 -1.6707949647064e-22 -1.6707949647064e-22)
(0.88827085954219 1.2268943882073e-22 1.2268943882073e-22)
(0.8882459067601 3.2866729930719e-22 3.2866729930719e-22)
(0.88819095996676 7.4644183828685e-23 7.4644183828685e-23)
(0.88808217657935 -1.8497341473562e-22 -1.8497341473562e-22)
(0.88799984504368 -1.7286636138532e-22 -1.7286636138532e-22)
(0.87147991772021 -1.9500210696523e-22 -1.9500210696523e-22)
)
;

boundaryField
{
    left
    {
        type            zeroGradient;
    }
    right
    {
        type            zeroGradient;
    }
    sides
    {
        type            empty;
    }
}


// ************************************************************************* //
