/*--------------------------------*- C++ -*----------------------------------*\
  =========                 |
  \\      /  F ield         | OpenFOAM: The Open Source CFD Toolbox
   \\    /   O peration     | Website:  https://openfoam.org
    \\  /    A nd           | Version:  10
     \\/     M anipulation  |
\*---------------------------------------------------------------------------*/
FoamFile
{
    format      ascii;
    class       volVectorField;
    location    "9e-05";
    object      U;
}
// * * * * * * * * * * * * * * * * * * * * * * * * * * * * * * * * * * * * * //

dimensions      [0 1 -1 0 0 0 0];

internalField   nonuniform List<vector> 
100
(
(0.92437270096205 -2.826453348507e-23 -2.826453348507e-23)
(0.92433959830389 -1.4678072783878e-23 -1.4678072783878e-23)
(0.9243325709543 1.3790699959575e-22 1.3790699959575e-22)
(0.92433099543395 2.8469263329944e-22 2.8469263329944e-22)
(0.9243308000949 1.1802497549158e-22 1.1802497549158e-22)
(0.92433078126331 3.4301089350425e-24 3.4301089350425e-24)
(0.924330779781 -6.3288028351908e-23 -6.3288028351908e-23)
(0.92433077968253 -2.1137052839249e-22 -2.1137052839249e-22)
(0.92433077967688 2.2940817067698e-23 2.2940817067698e-23)
(0.9243307796766 8.5623960927455e-23 8.5623960927455e-23)
(0.92433077967658 -1.0355515716969e-22 -1.0355515716969e-22)
(0.92433077967658 -1.4810399232566e-22 -1.4810399232566e-22)
(0.92433077967658 -1.2542988926211e-22 -1.2542988926211e-22)
(0.92433077967658 1.6705039785654e-22 1.6705039785654e-22)
(0.92433077967658 2.646915613534e-22 2.646915613534e-22)
(0.92433077967658 6.9887200057885e-23 6.9887200057885e-23)
(0.92433077967658 -5.4806892709599e-23 -5.4806892709599e-23)
(0.92433077967658 9.6146470865222e-24 9.6146470865222e-24)
(0.92433077967658 1.3015086218488e-22 1.3015086218488e-22)
(0.92433077967658 -2.3633683085659e-23 -2.3633683085659e-23)
(0.92433077967659 -2.4281733748577e-23 -2.4281733748577e-23)
(0.92433077967658 8.1909761973523e-23 8.1909761973523e-23)
(0.92433077967658 -9.1643973685581e-23 -9.1643973685581e-23)
(0.92433077967659 -2.0263260619351e-23 -2.0263260619351e-23)
(0.92433077967658 4.498223306039e-23 4.498223306039e-23)
(0.92433077967658 -1.4340644201677e-22 -1.4340644201677e-22)
(0.92433077967658 4.2429551370904e-23 4.2429551370904e-23)
(0.92433077967659 -1.5987871649156e-22 -1.5987871649156e-22)
(0.92433077967658 -1.6588944913393e-22 -1.6588944913393e-22)
(0.92433077967658 1.3247950752511e-22 1.3247950752511e-22)
(0.92433077967658 9.346458132756e-23 9.346458132756e-23)
(0.92433077967658 4.7588800859999e-23 4.7588800859999e-23)
(0.92433077967658 -8.2646868582823e-23 -8.2646868582823e-23)
(0.92433077967659 5.2340102331894e-23 5.2340102331894e-23)
(0.92433077967658 -2.38153529779e-22 -2.38153529779e-22)
(0.92433077967659 -3.7746791034743e-22 -3.7746791034743e-22)
(0.92433077967658 2.239766077389e-23 2.239766077389e-23)
(0.92433077967659 2.4074326977802e-22 2.4074326977802e-22)
(0.92433077967658 2.7964840957517e-22 2.7964840957517e-22)
(0.92433077967659 2.3374060227587e-22 2.3374060227587e-22)
(0.92433077967658 1.1534945849177e-22 1.1534945849177e-22)
(0.92433077967658 -1.7089545918621e-22 -1.7089545918621e-22)
(0.92433077967658 -1.024772512086e-22 -1.024772512086e-22)
(0.92433077967658 1.8596951663698e-23 1.8596951663698e-23)
(0.92433077967658 -8.1475928248978e-23 -8.1475928248978e-23)
(0.92433077967659 3.0591741014149e-23 3.0591741014149e-23)
(0.92433077967658 2.5337180819185e-23 2.5337180819185e-23)
(0.92433077967658 -1.1700624323538e-22 -1.1700624323538e-22)
(0.92433077967658 6.2066073198226e-23 6.2066073198226e-23)
(0.92433077967658 1.9251565298326e-22 1.9251565298326e-22)
(0.92433077967658 1.6325734169271e-23 1.6325734169271e-23)
(0.92433077967658 1.271764733199e-24 1.271764733199e-24)
(0.92433077967658 2.3700055514352e-24 2.3700055514352e-24)
(0.92433077967658 2.1933125785688e-23 2.1933125785688e-23)
(0.92433077967658 7.4767238753981e-23 7.4767238753981e-23)
(0.92433077967658 -1.3752303284999e-22 -1.3752303284999e-22)
(0.92433077967658 -1.9562359694012e-22 -1.9562359694012e-22)
(0.92433077967659 -1.7510578742869e-23 -1.7510578742869e-23)
(0.92433077967658 -1.9018282681728e-22 -1.9018282681728e-22)
(0.92433077967658 -1.2818676269155e-22 -1.2818676269155e-22)
(0.92433077967658 -1.5941236124262e-23 -1.5941236124262e-23)
(0.92433077967658 1.5363423837684e-23 1.5363423837684e-23)
(0.92433077967658 9.115187981873e-27 9.115187981873e-27)
(0.92433077967658 -1.5991117577543e-23 -1.5991117577543e-23)
(0.92433077967658 -3.119219184791e-24 -3.119219184791e-24)
(0.92433077967658 -8.6670134657583e-24 -8.6670134657583e-24)
(0.92433077967658 -1.7157798742644e-22 -1.7157798742644e-22)
(0.92433077967658 -2.8379080487063e-22 -2.8379080487063e-22)
(0.92433077967658 1.0189469773351e-22 1.0189469773351e-22)
(0.92433077967658 1.7346919151421e-22 1.7346919151421e-22)
(0.92433077967658 2.4272639372112e-22 2.4272639372112e-22)
(0.92433077967658 1.3453439521693e-22 1.3453439521693e-22)
(0.92433077967658 -7.8670080415171e-23 -7.8670080415171e-23)
(0.92433077967658 1.5407595931582e-22 1.5407595931582e-22)
(0.92433077967658 2.57801909142e-22 2.57801909142e-22)
(0.92433077967658 -1.4220444930011e-22 -1.4220444930011e-22)
(0.92433077967658 -2.6025906503869e-22 -2.6025906503869e-22)
(0.92433077967658 1.4109795809091e-22 1.4109795809091e-22)
(0.92433077967658 2.7940011998506e-22 2.7940011998506e-22)
(0.92433077967658 -6.7494095157473e-23 -6.7494095157473e-23)
(0.92433077967658 -1.2677702060438e-22 -1.2677702060438e-22)
(0.92433077967658 3.751661583801e-23 3.751661583801e-23)
(0.92433077967659 -3.3585112871579e-23 -3.3585112871579e-23)
(0.92433077967658 -1.9475206936923e-22 -1.9475206936923e-22)
(0.92433077967658 -1.1210330256666e-22 -1.1210330256666e-22)
(0.92433077967658 -1.8488616499959e-23 -1.8488616499959e-23)
(0.92433077967658 -1.8005425133753e-24 -1.8005425133753e-24)
(0.92433077967658 -1.6404648266658e-25 -1.6404648266658e-25)
(0.92433077967658 -1.3029603235377e-23 -1.3029603235377e-23)
(0.92433077967658 5.6451831502851e-24 5.6451831502851e-24)
(0.92433077967653 2.5549510914775e-23 2.5549510914775e-23)
(0.92433077967535 -5.5482902566115e-23 -5.5482902566115e-23)
(0.92433077965103 -2.5930280792736e-22 -2.5930280792736e-22)
(0.92433077920874 1.2730856720263e-22 1.2730856720263e-22)
(0.92433077224696 2.4995112773121e-22 2.4995112773121e-22)
(0.92433067941366 2.1000388319434e-22 2.1000388319434e-22)
(0.92432966363884 1.3617122205722e-22 1.3617122205722e-22)
(0.92432097303994 -1.7853550171453e-22 -1.7853550171453e-22)
(0.92427957347135 -1.8623769469019e-22 -1.8623769469019e-22)
(0.92408723722678 -8.303159809264e-23 -8.303159809264e-23)
)
;

boundaryField
{
    left
    {
        type            zeroGradient;
    }
    right
    {
        type            zeroGradient;
    }
    sides
    {
        type            empty;
    }
}


// ************************************************************************* //
