/*--------------------------------*- C++ -*----------------------------------*\
  =========                 |
  \\      /  F ield         | OpenFOAM: The Open Source CFD Toolbox
   \\    /   O peration     | Website:  https://openfoam.org
    \\  /    A nd           | Version:  10
     \\/     M anipulation  |
\*---------------------------------------------------------------------------*/
FoamFile
{
    format      ascii;
    class       volVectorField;
    location    "9e-05";
    object      Us;
}
// * * * * * * * * * * * * * * * * * * * * * * * * * * * * * * * * * * * * * //

dimensions      [0 1 -1 0 0 0 0];

internalField   nonuniform List<vector> 
100
(
(0.75738361182672 -1.4498113847774e-23 -1.4498113847774e-23)
(0.75737573753412 -3.0916984981451e-23 -3.0916984981451e-23)
(0.75737452952656 3.5160910409622e-23 3.5160910409622e-23)
(0.75737433354714 1.7118730710403e-22 1.7118730710403e-22)
(0.75737431376065 7.7147793633389e-23 7.7147793633389e-23)
(0.75737431214136 -6.1848684891793e-24 -6.1848684891793e-24)
(0.7573743120301 3.3713779040016e-24 3.3713779040016e-24)
(0.75737431202351 -1.1152358930805e-22 -1.1152358930805e-22)
(0.75737431202317 -6.1535753756984e-24 -6.1535753756984e-24)
(0.75737431202315 9.0179305660384e-23 9.0179305660384e-23)
(0.75737431202315 -2.7584545097472e-23 -2.7584545097472e-23)
(0.75737431202315 -8.6104361264571e-23 -8.6104361264571e-23)
(0.75737431202315 -5.788944124205e-23 -5.788944124205e-23)
(0.75737431202315 2.8040493922205e-23 2.8040493922205e-23)
(0.75737431202315 9.5364353910058e-23 9.5364353910058e-23)
(0.75737431202315 4.8671913903423e-23 4.8671913903423e-23)
(0.75737431202315 -1.0876553213704e-22 -1.0876553213704e-22)
(0.75737431202315 1.9753026670996e-24 1.9753026670996e-24)
(0.75737431202315 1.4337824175121e-22 1.4337824175121e-22)
(0.75737431202315 6.1606753657212e-23 6.1606753657212e-23)
(0.75737431202316 3.2100772166779e-24 3.2100772166779e-24)
(0.75737431202315 -9.9393311609573e-24 -9.9393311609573e-24)
(0.75737431202315 7.2996118623927e-24 7.2996118623927e-24)
(0.75737431202316 -9.203305857885e-24 -9.203305857885e-24)
(0.75737431202315 -4.7496203993269e-23 -4.7496203993269e-23)
(0.75737431202315 -5.3216430851815e-23 -5.3216430851815e-23)
(0.75737431202315 -2.0106949350777e-23 -2.0106949350777e-23)
(0.75737431202316 -6.1582437417818e-23 -6.1582437417818e-23)
(0.75737431202315 -1.784573991618e-23 -1.784573991618e-23)
(0.75737431202315 5.9792125892017e-24 5.9792125892017e-24)
(0.75737431202315 2.4166509178529e-23 2.4166509178529e-23)
(0.75737431202315 5.3089936085013e-23 5.3089936085013e-23)
(0.75737431202315 -2.5974776850051e-23 -2.5974776850051e-23)
(0.75737431202316 -9.8031380833197e-24 -9.8031380833197e-24)
(0.75737431202315 -7.2222039031932e-23 -7.2222039031932e-23)
(0.75737431202316 -1.3491352977757e-22 -1.3491352977757e-22)
(0.75737431202315 -4.2760016227123e-23 -4.2760016227123e-23)
(0.75737431202316 3.6120012330407e-23 3.6120012330407e-23)
(0.75737431202315 1.3745355946219e-22 1.3745355946219e-22)
(0.75737431202316 1.6495330560805e-22 1.6495330560805e-22)
(0.75737431202315 2.4246541292941e-23 2.4246541292941e-23)
(0.75737431202315 -1.0468013800759e-22 -1.0468013800759e-22)
(0.75737431202315 -2.3176560452478e-23 -2.3176560452478e-23)
(0.75737431202315 4.8685840597617e-23 4.8685840597617e-23)
(0.75737431202315 -2.4524849122974e-23 -2.4524849122974e-23)
(0.75737431202316 -8.4831632790367e-24 -8.4831632790367e-24)
(0.75737431202315 1.1176314311091e-23 1.1176314311091e-23)
(0.75737431202315 -4.4604283224312e-23 -4.4604283224312e-23)
(0.75737431202315 1.842592609482e-23 1.842592609482e-23)
(0.75737431202315 7.539108322472e-23 7.539108322472e-23)
(0.75737431202315 5.851748368811e-24 5.851748368811e-24)
(0.75737431202315 4.7546911370115e-25 4.7546911370115e-25)
(0.75737431202315 7.1706442708539e-25 7.1706442708539e-25)
(0.75737431202315 8.2687728970877e-24 8.2687728970877e-24)
(0.75737431202315 4.3185274053417e-23 4.3185274053417e-23)
(0.75737431202315 3.62908746347e-23 3.62908746347e-23)
(0.75737431202315 -1.0728504364588e-22 -1.0728504364588e-22)
(0.75737431202315 -1.4661286136347e-22 -1.4661286136347e-22)
(0.75737431202315 -1.1289072632754e-22 -1.1289072632754e-22)
(0.75737431202315 -5.0769709903346e-23 -5.0769709903346e-23)
(0.75737431202315 -6.4682199044471e-24 -6.4682199044471e-24)
(0.75737431202315 5.5105056000062e-24 5.5105056000062e-24)
(0.75737431202315 -6.2443087653597e-27 -6.2443087653597e-27)
(0.75737431202315 -5.7220735746604e-24 -5.7220735746604e-24)
(0.75737431202315 -2.2440621742051e-25 -2.2440621742051e-25)
(0.75737431202315 2.0712209867166e-24 2.0712209867166e-24)
(0.75737431202315 -3.0834029185761e-23 -3.0834029185761e-23)
(0.75737431202315 -7.6327040572263e-23 -7.6327040572263e-23)
(0.75737431202315 3.1342169281852e-23 3.1342169281852e-23)
(0.75737431202315 6.5381342056147e-23 6.5381342056147e-23)
(0.75737431202315 1.1386804751181e-22 1.1386804751181e-22)
(0.75737431202315 5.730335979975e-23 5.730335979975e-23)
(0.75737431202315 -8.2797896749437e-23 -8.2797896749437e-23)
(0.75737431202315 1.9340942211656e-23 1.9340942211656e-23)
(0.75737431202315 1.2310950859941e-22 1.2310950859941e-22)
(0.75737431202315 -1.76407410222e-23 -1.76407410222e-23)
(0.75737431202315 -1.2427671190317e-22 -1.2427671190317e-22)
(0.75737431202315 1.5658106006804e-23 1.5658106006804e-23)
(0.75737431202315 1.3235007633735e-22 1.3235007633735e-22)
(0.75737431202315 5.0943323192245e-23 5.0943323192245e-23)
(0.75737431202315 5.8460432000574e-23 5.8460432000574e-23)
(0.75737431202315 -2.2431850627435e-23 -2.2431850627435e-23)
(0.75737431202315 -1.4313012470361e-22 -1.4313012470361e-22)
(0.75737431202315 -1.1342582845454e-22 -1.1342582845454e-22)
(0.75737431202315 -4.5082660789606e-23 -4.5082660789606e-23)
(0.75737431202315 -6.944913749024e-24 -6.944913749024e-24)
(0.75737431202315 -4.3603543090052e-25 -4.3603543090052e-25)
(0.75737431202315 -1.9294546223866e-26 -1.9294546223866e-26)
(0.75737431202315 3.5984011730914e-26 3.5984011730914e-26)
(0.75737431202315 9.5724251319642e-25 9.5724251319642e-25)
(0.75737431202315 3.9148227823339e-24 3.9148227823339e-24)
(0.75737431202309 -1.008455741634e-23 -1.008455741634e-23)
(0.75737431202165 -7.053324984612e-23 -7.053324984612e-23)
(0.75737431199284 3.0094017157509e-23 3.0094017157509e-23)
(0.75737431148452 9.8868111228713e-23 9.8868111228713e-23)
(0.7573743037247 1.0371349866747e-22 1.0371349866747e-22)
(0.75737420357853 4.7847469150113e-23 4.7847469150113e-23)
(0.75737314483988 -1.003282499039e-22 -1.003282499039e-22)
(0.75736605862492 -8.8495200087906e-23 -8.8495200087906e-23)
(0.75325685216909 -1.113612884324e-23 -1.113612884324e-23)
)
;

boundaryField
{
    left
    {
        type            zeroGradient;
    }
    right
    {
        type            zeroGradient;
    }
    sides
    {
        type            empty;
    }
}


// ************************************************************************* //
