/*--------------------------------*- C++ -*----------------------------------*\
  =========                 |
  \\      /  F ield         | OpenFOAM: The Open Source CFD Toolbox
   \\    /   O peration     | Website:  https://openfoam.org
    \\  /    A nd           | Version:  10
     \\/     M anipulation  |
\*---------------------------------------------------------------------------*/
FoamFile
{
    format      ascii;
    class       volVectorField;
    location    "0.00022";
    object      U;
}
// * * * * * * * * * * * * * * * * * * * * * * * * * * * * * * * * * * * * * //

dimensions      [0 1 -1 0 0 0 0];

internalField   nonuniform List<vector> 
100
(
(0.91039500427969 -1.7572753983225e-23 -1.7572753983225e-23)
(0.91038030528741 1.4693946851051e-22 1.4693946851051e-22)
(0.91037761838448 1.7514697230496e-22 1.7514697230496e-22)
(0.91036699050646 2.7523271279242e-22 2.7523271279242e-22)
(0.91035242735415 3.3831792784603e-22 3.3831792784603e-22)
(0.91033551852767 -1.619541452248e-23 -1.619541452248e-23)
(0.91032478642404 -8.4908999386093e-23 -8.4908999386093e-23)
(0.91031953160587 -5.5448101163306e-23 -5.5448101163306e-23)
(0.91031738975264 -2.5904613154421e-22 -2.5904613154421e-22)
(0.9103166394157 1.4850720671381e-22 1.4850720671381e-22)
(0.91031640874554 3.5613342703208e-22 3.5613342703208e-22)
(0.91031634549146 -1.3567245656975e-22 -1.3567245656975e-22)
(0.91031632982707 -2.5708231127671e-22 -2.5708231127671e-22)
(0.91031632628869 1.7838865070402e-22 1.7838865070402e-22)
(0.91031632555367 2.5685112051449e-22 2.5685112051449e-22)
(0.91031632541232 7.257327866737e-23 7.257327866737e-23)
(0.91031632538697 1.1085631336638e-22 1.1085631336638e-22)
(0.91031632538269 -9.3663477903689e-23 -9.3663477903689e-23)
(0.91031632538203 -1.2927274571516e-22 -1.2927274571516e-22)
(0.91031632538195 -5.4564964485121e-24 -5.4564964485121e-24)
(0.91031632538196 -1.1549578458942e-22 -1.1549578458942e-22)
(0.91031632538195 -6.8357741153792e-23 -6.8357741153792e-23)
(0.91031632538195 1.8833506078932e-22 1.8833506078932e-22)
(0.91031632538196 1.1210570754626e-22 1.1210570754626e-22)
(0.91031632538195 -3.6612100628835e-22 -3.6612100628835e-22)
(0.91031632538195 -3.1013460010018e-22 -3.1013460010018e-22)
(0.91031632538196 1.5753270524559e-22 1.5753270524559e-22)
(0.91031632538196 8.093051984834e-23 8.093051984834e-23)
(0.91031632538193 2.5692540676009e-23 2.5692540676009e-23)
(0.91031632538195 3.3190399444897e-23 3.3190399444897e-23)
(0.91031632538195 -2.8760654328025e-23 -2.8760654328025e-23)
(0.91031632538196 -4.542367022233e-24 -4.542367022233e-24)
(0.91031632538195 1.4663466653792e-22 1.4663466653792e-22)
(0.91031632538196 -1.7100537789829e-23 -1.7100537789829e-23)
(0.91031632538194 -2.4593635838158e-22 -2.4593635838158e-22)
(0.91031632538196 -6.2372034474155e-23 -6.2372034474155e-23)
(0.91031632538195 2.9349151616719e-22 2.9349151616719e-22)
(0.91031632538196 2.3087551916573e-22 2.3087551916573e-22)
(0.91031632538195 -1.0705261629193e-22 -1.0705261629193e-22)
(0.91031632538197 2.3595894724729e-22 2.3595894724729e-22)
(0.91031632538194 3.0128308107091e-22 3.0128308107091e-22)
(0.91031632538195 -4.131174848797e-22 -4.131174848797e-22)
(0.91031632538195 -2.2830654445452e-22 -2.2830654445452e-22)
(0.91031632538195 1.0958368738378e-22 1.0958368738378e-22)
(0.91031632538195 -1.8136000240159e-22 -1.8136000240159e-22)
(0.91031632538196 -2.1541896646038e-22 -2.1541896646038e-22)
(0.91031632538195 -2.6468922622655e-23 -2.6468922622655e-23)
(0.91031632538195 7.3212334116719e-23 7.3212334116719e-23)
(0.91031632538195 3.2801139029374e-22 3.2801139029374e-22)
(0.91031632538195 -2.8918547098308e-23 -2.8918547098308e-23)
(0.91031632538195 -3.3557272335884e-22 -3.3557272335884e-22)
(0.91031632538195 2.9323574338564e-23 2.9323574338564e-23)
(0.91031632538195 3.9611324537456e-22 3.9611324537456e-22)
(0.91031632538195 3.7061091779767e-22 3.7061091779767e-22)
(0.91031632538195 2.1537967027104e-22 2.1537967027104e-22)
(0.91031632538195 -1.5427145131357e-22 -1.5427145131357e-22)
(0.91031632538195 -5.2716995528599e-22 -5.2716995528599e-22)
(0.91031632538195 -3.8975222077674e-22 -3.8975222077674e-22)
(0.91031632538194 -1.898097714279e-22 -1.898097714279e-22)
(0.91031632538195 9.251903096208e-23 9.251903096208e-23)
(0.91031632538194 2.6539720814657e-22 2.6539720814657e-22)
(0.91031632538195 -1.1873654390995e-22 -1.1873654390995e-22)
(0.91031632538194 3.4960613485567e-23 3.4960613485567e-23)
(0.91031632538195 2.8060809415732e-22 2.8060809415732e-22)
(0.91031632538194 -1.0477558252684e-22 -1.0477558252684e-22)
(0.91031632538195 -2.1908305836152e-22 -2.1908305836152e-22)
(0.91031632538193 -1.5375065901878e-22 -1.5375065901878e-22)
(0.91031632538194 -2.9036673445799e-22 -2.9036673445799e-22)
(0.91031632538194 -2.047030489061e-22 -2.047030489061e-22)
(0.91031632538195 4.8183419542369e-22 4.8183419542369e-22)
(0.91031632538193 4.7580555297993e-22 4.7580555297993e-22)
(0.91031632538195 1.596532072242e-23 1.596532072242e-23)
(0.91031632538195 -3.3375741036756e-23 -3.3375741036756e-23)
(0.91031632538195 -5.7528111121429e-23 -5.7528111121429e-23)
(0.91031632538194 1.7060065642764e-22 1.7060065642764e-22)
(0.91031632538195 2.9890035875234e-22 2.9890035875234e-22)
(0.91031632538195 -8.484601218423e-23 -8.484601218423e-23)
(0.91031632538195 -1.7115681434074e-22 -1.7115681434074e-22)
(0.91031632538194 -1.6425331503404e-23 -1.6425331503404e-23)
(0.91031632538195 -3.9991210361333e-23 -3.9991210361333e-23)
(0.91031632538191 -9.3132552774327e-23 -9.3132552774327e-23)
(0.91031632538144 -8.856168848843e-23 -8.856168848843e-23)
(0.91031632537811 -1.0670036446332e-22 -1.0670036446332e-22)
(0.91031632535686 -7.5927312033478e-23 -7.5927312033478e-23)
(0.91031632522877 -4.5350892225866e-23 -4.5350892225866e-23)
(0.91031632450438 3.1394819333695e-23 3.1394819333695e-23)
(0.91031632068978 3.1196714121669e-23 3.1196714121669e-23)
(0.91031630208453 8.0348287419565e-23 8.0348287419565e-23)
(0.91031621859977 8.5451802433516e-24 8.5451802433516e-24)
(0.91031587663303 -1.0659785115994e-22 -1.0659785115994e-22)
(0.91031460975551 -2.0585681834269e-22 -2.0585681834269e-22)
(0.91031041099357 -1.1264211189891e-23 -1.1264211189891e-23)
(0.91029812326621 2.3957868091941e-22 2.3957868091941e-22)
(0.91026681042817 1.0477032991245e-22 1.0477032991245e-22)
(0.91019854630666 -4.6526360926409e-23 -4.6526360926409e-23)
(0.91007180332999 6.7076215066759e-23 6.7076215066759e-23)
(0.90987998412381 6.3307848370826e-23 6.3307848370826e-23)
(0.90962208695222 -2.1247737212573e-22 -2.1247737212573e-22)
(0.90947402384916 -3.1522182876316e-22 -3.1522182876316e-22)
(0.90882473756175 -2.7143749994144e-22 -2.7143749994144e-22)
)
;

boundaryField
{
    left
    {
        type            zeroGradient;
    }
    right
    {
        type            zeroGradient;
    }
    sides
    {
        type            empty;
    }
}


// ************************************************************************* //
