/*--------------------------------*- C++ -*----------------------------------*\
  =========                 |
  \\      /  F ield         | OpenFOAM: The Open Source CFD Toolbox
   \\    /   O peration     | Website:  https://openfoam.org
    \\  /    A nd           | Version:  10
     \\/     M anipulation  |
\*---------------------------------------------------------------------------*/
FoamFile
{
    format      ascii;
    class       volVectorField;
    location    "0.00022";
    object      Us;
}
// * * * * * * * * * * * * * * * * * * * * * * * * * * * * * * * * * * * * * //

dimensions      [0 1 -1 0 0 0 0];

internalField   nonuniform List<vector> 
100
(
(0.89771084932469 -5.3316640540561e-23 -5.3316640540561e-23)
(0.89769006260533 6.3683546211944e-23 6.3683546211944e-23)
(0.89768514557854 1.608643014239e-22 1.608643014239e-22)
(0.89767246692938 2.2759259578013e-22 2.2759259578013e-22)
(0.89766057504858 2.3427340588812e-22 2.3427340588812e-22)
(0.89765189771195 2.3782613177024e-23 2.3782613177024e-23)
(0.89764754044948 -4.9140554481098e-23 -4.9140554481098e-23)
(0.89764572109272 -1.4242817418457e-22 -1.4242817418457e-22)
(0.89764507099999 -1.6794796737978e-22 -1.6794796737978e-22)
(0.89764486748768 1.2092238834272e-22 1.2092238834272e-22)
(0.89764481076944 1.5835560999906e-22 1.5835560999906e-22)
(0.89764479651576 -1.3462860293382e-22 -1.3462860293382e-22)
(0.89764479325262 -1.4951183454401e-22 -1.4951183454401e-22)
(0.89764479256639 1.3512479178571e-22 1.3512479178571e-22)
(0.89764479243288 1.528215430134e-22 1.528215430134e-22)
(0.89764479240871 1.4748592029744e-22 1.4748592029744e-22)
(0.89764479240461 1.2149290296561e-22 1.2149290296561e-22)
(0.89764479240396 -4.7153942436055e-23 -4.7153942436055e-23)
(0.89764479240387 -1.4927898593409e-22 -1.4927898593409e-22)
(0.89764479240386 -1.6578366437328e-22 -1.6578366437328e-22)
(0.89764479240387 8.545505208563e-24 8.545505208563e-24)
(0.89764479240386 9.5107745656146e-23 9.5107745656146e-23)
(0.89764479240386 1.1667863997799e-23 1.1667863997799e-23)
(0.89764479240387 3.4251311122394e-23 3.4251311122394e-23)
(0.89764479240386 -7.3047228884488e-23 -7.3047228884488e-23)
(0.89764479240386 -1.9141396756554e-22 -1.9141396756554e-22)
(0.89764479240386 4.5410786510934e-23 4.5410786510934e-23)
(0.89764479240387 6.0198305173519e-23 6.0198305173519e-23)
(0.89764479240385 -8.0665043404677e-23 -8.0665043404677e-23)
(0.89764479240386 4.8828290790778e-23 4.8828290790778e-23)
(0.89764479240386 1.3873862401957e-22 1.3873862401957e-22)
(0.89764479240386 1.3205435214585e-23 1.3205435214585e-23)
(0.89764479240386 -4.527098326821e-23 -4.527098326821e-23)
(0.89764479240387 -7.7897455810443e-23 -7.7897455810443e-23)
(0.89764479240385 -2.1833484722583e-22 -2.1833484722583e-22)
(0.89764479240386 -1.0972969985366e-22 -1.0972969985366e-22)
(0.89764479240386 2.7003417656721e-22 2.7003417656721e-22)
(0.89764479240387 2.3052738562822e-22 2.3052738562822e-22)
(0.89764479240386 2.0109624198881e-23 2.0109624198881e-23)
(0.89764479240387 2.408952787006e-22 2.408952787006e-22)
(0.89764479240385 1.973098993202e-22 1.973098993202e-22)
(0.89764479240386 -2.4714055987028e-22 -2.4714055987028e-22)
(0.89764479240386 -2.2718075391095e-22 -2.2718075391095e-22)
(0.89764479240386 -1.2676833412514e-22 -1.2676833412514e-22)
(0.89764479240386 -2.6688516536801e-23 -2.6688516536801e-23)
(0.89764479240387 -4.4890132393486e-23 -4.4890132393486e-23)
(0.89764479240385 -3.7260293092291e-23 -3.7260293092291e-23)
(0.89764479240386 1.5521024298338e-22 1.5521024298338e-22)
(0.89764479240386 1.1200026365912e-22 1.1200026365912e-22)
(0.89764479240386 -3.3100799766332e-23 -3.3100799766332e-23)
(0.89764479240386 -4.0302219392742e-23 -4.0302219392742e-23)
(0.89764479240386 3.6298122934527e-23 3.6298122934527e-23)
(0.89764479240386 1.3754615320452e-22 1.3754615320452e-22)
(0.89764479240386 2.2138260691889e-22 2.2138260691889e-22)
(0.89764479240386 9.2030823551688e-23 9.2030823551688e-23)
(0.89764479240386 -7.3012177701582e-23 -7.3012177701582e-23)
(0.89764479240386 -2.8240228916466e-22 -2.8240228916466e-22)
(0.89764479240386 -3.4118340052721e-22 -3.4118340052721e-22)
(0.89764479240385 -1.7431155856887e-22 -1.7431155856887e-22)
(0.89764479240386 1.389843354435e-23 1.389843354435e-23)
(0.89764479240385 1.241097213483e-22 1.241097213483e-22)
(0.89764479240386 -4.0458650945999e-23 -4.0458650945999e-23)
(0.89764479240385 -2.55890756712e-23 -2.55890756712e-23)
(0.89764479240386 7.1162019870351e-23 7.1162019870351e-23)
(0.89764479240385 -4.5325750950195e-23 -4.5325750950195e-23)
(0.89764479240386 -1.7842179316054e-22 -1.7842179316054e-22)
(0.89764479240385 -1.5168058485618e-22 -1.5168058485618e-22)
(0.89764479240385 -1.2614930137779e-22 -1.2614930137779e-22)
(0.89764479240385 -7.5688978884096e-23 -7.5688978884096e-23)
(0.89764479240386 2.7156582234761e-22 2.7156582234761e-22)
(0.89764479240385 3.2313997677424e-22 3.2313997677424e-22)
(0.89764479240386 8.6877854584204e-23 8.6877854584204e-23)
(0.89764479240386 -2.1055961637874e-23 -2.1055961637874e-23)
(0.89764479240386 4.6984673245467e-24 4.6984673245467e-24)
(0.89764479240385 1.7028378661046e-22 1.7028378661046e-22)
(0.89764479240386 1.3333895309464e-22 1.3333895309464e-22)
(0.89764479240386 -7.2755137656841e-23 -7.2755137656841e-23)
(0.89764479240386 -4.6381898557997e-23 -4.6381898557997e-23)
(0.89764479240385 1.0377999162133e-22 1.0377999162133e-22)
(0.89764479240386 4.7748436698744e-23 4.7748436698744e-23)
(0.89764479240386 -8.4022814063684e-23 -8.4022814063684e-23)
(0.8976447924038 -1.1622448581739e-22 -1.1622448581739e-22)
(0.89764479240332 -1.4024106542881e-22 -1.4024106542881e-22)
(0.89764479240008 -1.3586532558767e-22 -1.3586532558767e-22)
(0.89764479237953 -9.6693631894943e-23 -9.6693631894943e-23)
(0.89764479225656 1.4605352131254e-24 1.4605352131254e-24)
(0.89764479156879 3.3939134432598e-24 3.3939134432598e-24)
(0.89764478798826 5.4338456832014e-23 5.4338456832014e-23)
(0.89764477074202 4.0226820442922e-23 4.0226820442922e-23)
(0.89764469439499 -7.4626848021667e-23 -7.4626848021667e-23)
(0.8976443862604 -9.0688456360759e-23 -9.0688456360759e-23)
(0.8976432630742 5.660005072058e-23 5.660005072058e-23)
(0.89763960627967 2.1392776498601e-23 2.1392776498601e-23)
(0.89762910490378 -9.6822671092969e-23 -9.6822671092969e-23)
(0.89760292550504 9.3701632292862e-23 9.3701632292862e-23)
(0.89754655411813 2.3516917376201e-22 2.3516917376201e-22)
(0.89744606698484 3.5317616192036e-23 3.5317616192036e-23)
(0.89728393134636 -2.0963949694816e-22 -2.0963949694816e-22)
(0.89718078536859 -1.9906629684423e-22 -1.9906629684423e-22)
(0.88290654272364 -1.9049052688029e-22 -1.9049052688029e-22)
)
;

boundaryField
{
    left
    {
        type            zeroGradient;
    }
    right
    {
        type            zeroGradient;
    }
    sides
    {
        type            empty;
    }
}


// ************************************************************************* //
