/*--------------------------------*- C++ -*----------------------------------*\
  =========                 |
  \\      /  F ield         | OpenFOAM: The Open Source CFD Toolbox
   \\    /   O peration     | Website:  https://openfoam.org
    \\  /    A nd           | Version:  10
     \\/     M anipulation  |
\*---------------------------------------------------------------------------*/
FoamFile
{
    format      ascii;
    class       volScalarField;
    location    "0.11500006";
    object      theta;
}
// * * * * * * * * * * * * * * * * * * * * * * * * * * * * * * * * * * * * * //

dimensions      [0 2 -2 0 0 0 0];

internalField   nonuniform List<scalar> 
7600
(
8.3049343466288512e-11
6.4339376432503962e-13
0
0
0
6.4339376432503932e-13
0
0
1.9301812929751183e-12
0
6.4339376432503932e-13
0
0
1.7796593218112777e-08
0
0
1.0229960852768139e-10
0
0
1.029430022920064e-11
0
0
1.6084844108126006e-12
0
0
5.7905438789253621e-12
0
1.2867875286500805e-12
0
8.3370158452245773e-05
1.4897601979712687
0.00058232779971892433
0
2.3387363333215211e-09
0
1.275849834656557e-09
0
0
0
0
0
0
3.2169688216252011e-13
0
0
0
0
1.6084844108126006e-12
0
0
0
1.4112842220469757e-08
0
0
0
6.4339376432504023e-13
0
0
0.00017630946217658491
9.329209582713049e-12
12.748595937091357
1.0515917138043034
0.00097444891334115828
0
0
0
1.0294300229200681e-11
0
0
0
0
1.0935442115350543e-08
0
0
0
0
0
1.6567389431369723e-10
0
0
0.11936291184284931
0.00026042886035411168
0.00025087435824219833
0.11683960683310224
0.00024552568752659167
0.00024781797466323039
0.000261391018987004
0.017259080543391606
0.0002455930827729711
0.00021092810895010183
0.00021758120925798762
0.00026342060151568611
0.00022561373994884427
0.00024155769766345551
0
0.0001635787455292772
0.00031819954065577435
0.00023069054689856122
0.00023080148362875468
0.0003828381280069305
0.0002728442137060199
0.00024450481706173277
0.00023436469351376758
0.00022204818266820229
0.00030900215020407493
0.00032902489389169219
0.00012674752944224043
0.11619725979646922
0.00021335319533440623
0.31366751663934994
0.39823503953993949
0.22148513921750196
0.43360621226471657
0.014804860636331943
0.00019492441015913912
1.402720569074055e-08
1.0951738488421934e-12
4.3806953953687733e-13
0
0.00019338317944884743
0.00020772471492856864
0
0.00051231370089914344
0.00033304108213688075
0
0.0001555389117811275
0
0.00021023324523683528
0.00016512268438546442
0
0.00034101405070279423
0
0.00022974873287219029
6.7432044220911386e-08
0
0.41941146079612884
0
0.00013361048192524167
0.0057594643726245013
2.9100435291037101
5.4821699912993118
5.9356112721419647
0.032358906259349181
0.040130515900543055
0
0.00014406628429733574
0.00017321552936666327
0
0.00024835927835624357
0
0.00037464657018797243
0
0.00027579255137568856
0
2.026302745847106e-05
0
0.00037312132551131313
0
0.00019233629488148822
0
13.256588340276229
13.148405527256234
13.098792975848788
13.100487015185816
13.017783427876632
13.005813460804397
12.926220322865476
13.038940400867123
13.067606688978135
12.963666539151205
13.043355327690207
12.971831190930253
13.132160003902195
12.796536095070088
12.717876196097103
13.008132833637985
12.96608077067607
12.831982296591404
12.618432180765222
12.552753923390746
12.661793140680992
12.416611855573359
12.283335205704669
12.612762806855603
12.667355712789421
12.622427954041152
12.783955068562339
12.812236960106196
12.440293592917007
12.890156298553482
13.710575999445872
12.499547147422303
8.5781772691574876
21.271305040105677
12.889991709146434
0
8.5301782328235927
0
5.9710996971665953
11.768571999100232
12.900883371459818
1.6415169385321301e-12
12.600901930158312
12.342907522815535
12.430637413369103
12.316210582307717
0
12.373699845683984
12.249757907744211
12.234787844825565
11.097625468601295
11.773564644858174
12.011800627689473
12.081494714871781
12.575997098946248
12.501357604249947
12.286459172932672
11.579125731341481
11.60877754816417
15.503438841384519
16.43556481988659
23.679915496824233
22.529210460676886
5.3700581206895341
10.156517288325917
11.353095341308318
13.10273686570881
12.861594611078447
10.450607593190483
0
9.9052608247072644
9.7936466085052167
12.328273094396707
0
12.040249547665896
7.8930150392560847
0
11.943924748205976
12.540758227156132
0
15.28006191390217
15.294190669948264
15.021433512866535
14.959827981397904
14.914764438545985
14.86904674134308
14.703558659879274
14.760881614565433
14.82808119340398
14.873956767862028
14.802183609197771
14.724968012345881
14.726283170618395
14.613546171416827
14.314886597881362
14.37748521075352
11.11883434438259
0
13.979961075331603
14.053530935757715
13.840135611216283
13.880784197804283
13.848521610997333
13.890492259765184
13.747549456578041
13.76072530211402
13.822794875580634
13.656565222470118
13.569229719865987
14.020309081062818
14.139544367161379
13.558748713591122
12.05091789884602
10.196656576013904
11.137658053458852
13.249726891298641
13.175469035786636
13.495936185280389
12.920109202583458
12.911237130073271
13.225023840367772
13.1535688583838
12.850136948161728
12.674119378318021
12.915686806062082
12.947781972760165
12.841008547199989
12.289662720625859
12.7560557959505
11.884114612149123
11.752794284649253
12.450654849514816
12.482892948936598
12.381513332378857
12.652725168362702
12.693470758542889
12.577468751877603
12.440740808185856
11.97886692968148
22.533478613108976
22.87283136666364
19.564257668007141
22.757754880791687
11.1093077200746
11.383432095942757
11.642492396687111
11.697277140457954
11.290844271383378
11.925303870246625
11.964763644458733
0
11.686135504321815
12.165826637376675
0
10.769251464998442
10.598469848704498
0
11.235640575960707
11.877264763096123
11.152245470977205
13.30599535237045
13.154540144319398
13.010242190756967
12.966217441577932
12.898069119881763
12.870456518264737
12.842424327935317
12.82432448401271
12.823406354779486
12.840625627427396
12.780821795039701
12.812043489950808
12.739704143356526
12.645903257727042
12.588288054973519
12.454478127525332
12.230780294644127
12.282239827711031
12.166022162432357
12.059070747640392
12.139556112178866
12.103933330318492
12.045814353419376
11.926444625089193
11.810152527283444
11.724452724850456
11.763760444326065
11.937688374928902
12.067597240567849
12.286894745195832
9.9528243957462603
9.9627201250780555
11.706959619602367
11.380013624159254
8.876630025896052
11.225869949813342
11.10522693607277
11.197881299081548
11.402864506511499
11.516734218334763
11.32321182674451
11.394607306738948
11.362149289285735
11.068266991197666
11.168158992993114
11.150316613202367
10.740792244298639
10.659530291093549
10.641503350118411
10.78549880209594
10.750152374081587
10.734122094402068
11.003458774484862
10.914554088800696
10.647316651384935
10.68876975575572
10.617697772384403
10.514617501841714
10.60549769984963
22.588346538467182
20.302943641573219
18.352711715489139
10.325953804590091
10.569009205707875
10.253368393932032
9.8532576221644117
9.9047301975800117
9.7394170688903046
9.566508911166073
10.095303121042972
9.5495385580096546
10.040103602113099
10.203142481345862
10.143006584161327
10.133725470476264
10.093777656141871
10.180521818026994
10.475066045021389
10.431707674571696
9.9776804637850329
12.611343379565112
12.448420739754598
12.385268023528761
12.294055999700479
12.231014704044568
12.182541425572138
12.174250204077369
9.9194315858519175
12.153488411263107
12.165086227709267
12.164237327094346
9.8975357404209259
11.938323376231875
11.936882893346136
9.6888525982829599
11.834974695148029
11.770880306437043
11.719258287944614
11.592802848385372
11.545158148204841
11.51338380273371
11.465694208476849
11.383625106101338
11.429334099252282
11.470590599175019
11.446721725031569
11.445224594134155
11.457256706841214
7.193350627030437
11.299736456796062
12.077658618780182
8.6165335653302382
10.979923846717432
10.901315777926447
8.9435925602761586
10.828496001540296
10.862322531440785
10.903878106605415
10.904259638771318
10.86321776481253
10.661143256967572
10.954524411529841
10.817745478963589
6.1816557471290423
10.735713059960778
6.14189186170222
10.588618102169082
10.668631953205969
10.4500958724821
10.514750218896845
10.519692225087269
10.432623875692649
10.246866966224376
10.282071900005548
10.414243078980641
10.388784618070677
10.344389354983102
11.099478872211463
5.0503032021535779
19.750085140916031
19.042670825677636
21.04265576887228
29.068829645970446
5.9979584414050651
4.7408148373096246
1.0478622926066563e-12
9.5122406989356296
9.775318573545233
9.8150775667837777
9.7597764736937656
9.7937585687616604
10.011870163511961
9.9095255601830345
9.6669148076827405
9.3307532683238819
5.2172056348380496
9.2263765119162198
9.7608111347874669
9.5153241034593314
9.5832089940814527
16.633819635739769
16.439666873909413
16.317043754479581
16.231058221196431
16.116017969312995
16.067544350441622
16.028317499185832
16.037451119032994
16.030856981877868
16.014314052569819
15.996549913466209
15.941759724134041
15.884422060656732
15.888652230226826
15.796727722384071
15.757467188118351
15.542795042360122
15.490920353113479
15.482377724515461
15.402294420785372
15.288170249589216
15.230460222887119
15.242748754858932
15.114464527660019
15.101141550859893
15.114591144576199
15.077840921011257
15.173537957071231
12.408281470246983
15.291855107565421
14.773647981575385
15.212253133523399
14.666114138836853
14.38053618584811
14.426353936869374
14.434320876525563
14.320857274126956
12.312987971193936
14.511661116342653
14.377265147425261
14.178199815624936
14.277713100998787
14.318278566122059
14.331756772420299
6.7266579310071339
14.160095728451916
14.205589893002564
7.3658487712101604
13.966494384822786
13.884222571047355
13.636721834422969
12.860339192579968
13.01468848315166
8.9724545875683823
13.831941639952131
13.866214831270922
13.872466267971996
13.680703171614397
9.234892350399992
29.300615620273998
22.235835348927818
18.815310768330377
13.03920104318461
12.865868304877775
12.71362791312732
12.711831595446778
12.952103309153143
13.020131619701703
13.026498712352712
12.814269778951489
12.739832526155947
12.859784410559605
13.027887435108486
12.868833613543771
12.884602662918526
0
12.673230282210762
1.1132310919350596e-12
12.699139947039628
12.490523293687039
21.766961174461887
21.592867628445667
21.505935425410925
21.320198229650607
21.269479710122361
21.207674150963864
21.121554182973863
21.122696515579726
21.160095649179805
21.125850626745262
21.055353520754519
21.048483646746185
20.998948845158992
20.86086760426231
20.71655223509028
20.648443691143797
20.3617476229327
20.215596586137259
19.866988204508932
19.83181352609239
19.742663864775043
19.870093846136751
19.791354756694048
19.630450985907146
19.259849732436486
19.390556788981129
19.581174002814365
15.555704577357149
19.811688414705422
18.311825281444367
19.929354131246193
19.727927893172794
19.082082081898932
17.338024700577432
18.195652464587294
13.067880319776998
18.755064643775693
18.486233124736589
18.821179657662444
19.120365411209693
19.185989011764399
18.929267179812161
18.719476156074673
18.503884430272208
18.114262610801386
18.000108117687756
17.453771442867247
18.588865537671619
18.403087700481048
11.452560224568312
17.827972571069989
17.955769293152784
18.082939776838632
17.93037591521275
17.219925036935678
12.449928233084668
17.645377662209501
17.936143952279895
17.737180905476851
25.636013031883227
21.702292164649606
23.789878671462542
16.407036301459637
17.048179142569321
27.957894260465636
12.054200280218971
17.139678918984867
17.186395631278913
17.016461501841274
9.2046069161402535
17.11779465532361
17.026450917384985
17.022266733929193
9.7317275129245182
16.424122234818373
12.257618902341312
14.50880577281888
0
15.884294971904755
15.382448238915249
16.786093876420395
16.687501599319749
16.481321037662351
16.367984610920757
16.28551574533137
16.22492410449615
16.249463529219327
16.180933851745959
16.166177827451829
16.132639052441249
16.047800227456666
16.002985816486365
15.948247424403602
15.920211898486397
12.172501564397379
15.298151903566321
15.298444429506818
9.7825957322760058
14.957562759382629
14.957398928353879
14.933391944863017
14.945306371499921
14.787758138042776
14.704974624057161
14.702074840652038
11.55660958374204
14.412496749170513
14.45921950853328
14.744050049430546
14.86102551718419
14.512517911636344
14.889649706664386
14.148157449640056
13.548963130093622
13.638627428454875
14.029041716515271
14.054386641298699
14.260751124338412
14.071533292527636
13.437258314461584
13.335067071442445
12.89403588768111
12.017588494288569
12.42289836471581
12.954474716375588
13.36014423841759
13.202262587954786
13.218056154111393
12.957921150511329
12.160598599321695
11.941188569158236
11.991873584696528
11.097685261017546
10.986179766452958
11.77927362576666
7.7399872308865287
11.877796814312422
6.8292337800299228
17.661384389131651
23.273849117646673
19.779703468599966
19.757217199618513
21.712868930384374
11.48917655603146
6.1210434648228453
11.779875828540078
9.7192147983427365e-05
12.12781437242846
12.156852786904164
11.009727075855624
10.828546089591862
10.874289751657702
10.69685414223329
11.640399703812026
11.386254699806452
10.434064177266494
11.372256022224368
11.28770764321904
10.988464663234909
10.714690437672392
17.889395875816685
17.724680043377052
17.627696562107065
17.447499652908984
17.358179841833024
17.303106697437041
17.284035400352003
17.255741966657776
17.22667254086862
17.13682560068575
17.231155190246824
17.098141232056339
17.021058633092441
16.829387214574705
16.757999865010568
11.96046612862809
16.344981288354983
16.180036291023665
16.119121968403167
15.613856926590129
15.216350276515778
15.360248131647337
18.917125691845314
15.467331160018642
15.589845255023635
15.366922803277298
15.479043131014139
12.086144587866448
15.524044199661926
15.662113793355493
13.674915621183329
17.688589142213353
17.32328804697439
11.710144645231136
14.86789550344522
13.725308852238058
14.404356334089018
17.456769721995098
8.8597398532541369
14.004501159492403
13.95444819087863
14.411193167023109
14.27717530059787
13.847163325380148
13.503326725525863
9.4979879273798478
7.3711208256062619
14.274724807146749
14.043014240021064
13.051434855383931
13.357906456629584
13.395743571374778
14.209409210745868
13.788724849900875
13.302972363901683
14.06139049853115
13.997632459309838
12.643767982268653
13.40526829669126
17.68580267731927
19.653557766378682
20.766596697785651
27.165492742527395
12.868872847582718
6.1891147979913459
12.329946336161989
12.130430009834962
13.100231462972994
13.464616200351855
0
13.219096588002849
12.715106845418401
10.117420545109978
13.398711541957415
12.042338382394387
11.278377285406105
10.796008570817202
10.543425188363459
11.216960726046437
10.77790823821546
19.197953482426939
19.019570308370085
18.917740700409357
18.714217833348091
18.61209102834561
18.472050598663607
18.594702746436688
18.609160378989582
18.692703646607093
18.634311447453463
18.473383522431238
18.415444363573627
18.375018806120973
17.98312130669191
17.932305189611895
17.920965433112144
17.646708067674609
17.680774900445741
17.539876251905287
17.306153629379796
16.838784685613927
16.894860430808873
16.958653529030954
16.963766676099489
16.993655287794127
16.84686661860513
16.826676504957597
16.939154495917546
13.814877889858096
19.075730764261738
17.267872642634423
17.088723704500303
16.822428598729076
16.286483919232627
16.419443915734444
16.586165282542233
16.528927327412887
16.895800515668832
16.79501869851779
8.855084090273559
16.065864599926446
16.244120074461144
15.624068884341542
15.295643234708587
15.551145644057078
15.637225717161694
15.349174148622934
15.553520297648934
15.642181494000448
14.615367441917876
5.8943963072279954e-13
7.4713599285126913
7.3217516913168081
15.31720352569126
7.7286066094410897
14.193356417532263
14.299761510893875
12.72038309296657
23.775928200805449
12.889830679200104
21.689558899682083
21.839874222397377
18.533885343983975
11.17492576990124
28.8154275010465
14.87837367121972
14.56847782703276
14.018003225770594
14.398097129819055
14.886329266940088
11.280626354910234
13.849960813765096
13.633873724484092
13.073445589056982
14.005029344074215
14.771469945281559
14.332338715556622
13.840789222739112
12.630447811381035
13.01010384962234
21.379516329667563
21.195510776241925
21.123011387631113
20.928331221014911
20.862351529460334
20.816296668353075
16.213067391480187
20.764189802019263
20.746598274489273
20.637613728275706
20.651221314990551
20.664923716205418
20.545981644137488
20.457868865874456
20.352485248396917
20.192391764008232
20.02846206594954
19.899179985449795
19.844391678282516
19.785160272938157
19.51966267024882
19.357013846990927
18.874949907119809
18.897953293881493
18.839857452197144
19.361078641719327
19.336115041569634
17.613538282795147
19.312484944482744
19.516696433111896
19.773157003344174
19.414701893677748
15.388350138937264
18.45436989925275
18.45739980895652
18.004696361237674
18.200911380397955
17.964920546126635
18.254500918027588
18.385551021147958
17.714306357324723
17.89902713650002
18.181055506410928
18.173949230675362
18.017920918970471
17.886512557712749
1.1629868876321071e-12
15.379740625072163
18.320747607087146
18.170184162399696
17.937943648810386
17.533932288956546
17.618102817570108
14.617100188364326
17.079169241349195
16.41705584037182
17.14096946493601
17.365475153516787
17.405601562601916
21.260869665146089
25.319917315526151
24.688292095729818
26.669703736825355
16.290346844999828
40.869698349487223
15.423245261301783
16.773191217712892
16.731166576068325
16.422519584662481
15.87928925847614
16.0002725602391
16.795178449313251
16.550513345499972
16.43188409427637
16.610684919152678
15.580812432752735
15.706376231363546
16.162607895311009
16.593204037965315
16.114609951111994
21.139228001525861
20.914729497417031
20.788277447056391
20.684779794847643
20.579977625571637
20.521737054230719
20.491006875622471
20.459330817659161
20.473032110833081
20.500202019342296
20.443004420572748
20.137657024197711
20.214627761388758
20.201435644824759
20.024495894910256
19.726003794809248
19.173084044282039
19.345699577786515
19.476589917662245
19.336233182528375
19.116621175738118
19.034587346938231
18.826094735475579
19.066463112695104
18.991805859372281
18.767110462917714
18.910956122172358
18.982968701732307
18.973246148426664
19.190532376867672
16.620097574526074
18.533336908334281
20.691102831797313
18.209736079256956
17.927622433886164
17.526788092180066
14.202376791675491
17.360580266416029
17.588932588290461
17.691254620987319
18.072427229708524
18.254549350010642
10.47472245570952
16.251159776700597
17.274330826641503
9.3088015840420422
17.795347065357724
0
17.47713307195615
17.202735813124377
16.965116744668528
17.412416927144704
17.27361122393625
17.009763760118691
17.101613813692268
16.901428151468647
16.45245455193648
16.401870177896619
37.794899545385206
17.067473209809371
28.986758725120108
17.504942845460405
19.101529046411926
26.577368280125622
33.62089767256829
20.95553317539483
15.701780705877919
16.334140508602676
15.90137536779557
15.809487321649673
16.061712454598123
16.161749485635355
16.175446216412301
16.044350760545345
15.916002692522714
15.75151795493681
16.089183869041154
15.945283989998938
8.1000066603104415
15.767464461595923
16.393734636445547
16.250484367217723
16.147216583732909
15.96463576005068
15.910694315821058
15.836254610913198
15.784923497538534
15.833897505411281
15.842035359873341
15.841382865547551
15.849395921854578
14.907093234251439
15.734971245923553
15.682986129873061
15.507789103177641
15.500575632713703
15.522898316992393
15.345912810293298
12.108027833154992
15.07111168067618
14.876203786130532
15.0171821186782
14.988406190552334
14.945013755876316
13.522261488460057
15.074798301075422
14.975328731677749
15.149356360540974
16.402748235987616
15.174757185178402
15.246019461116841
15.814226849833597
14.533984894040241
14.283088849712685
15.398547884005964
13.935088551097293
14.043831615755469
14.240119138672128
14.280065419703771
14.234088055333673
14.331483726531692
14.349274099478466
14.230432812806152
7.8701497576786963
14.08441285294931
6.2932458804244567
14.058200012559718
14.069431930735654
13.866244547900216
0
13.481926428636788
13.541257017767219
13.533586521660979
13.60288213238892
13.470863881912825
13.140456400022826
12.804201712565495
8.5646096047054758
40.851269806321334
13.78338832012977
26.242329057288718
20.981096122948006
23.313838701690791
32.826366217783615
8.9173124513140003
12.697103107908568
12.79717165910513
12.748293495762491
12.849211133428151
12.974613144036164
12.966276902292778
9.8368053389324288
12.752310723204284
12.535265794420054
0
12.175613077530278
1.1090397471554587e-12
12.594266551965619
12.538155990506493
9.7993947205940835
13.568174307695228
14.687388736842328
10.727111465533737
10.641118864835269
10.599172791421022
10.569604734757888
10.530572044400264
10.508446797456434
10.440066026753488
10.447145755504803
10.471280498024875
10.533655935978262
10.328208750513797
9.866539832457649
10.075565037106882
10.269903021166222
10.123440614932242
10.075607274455786
9.9170146070627876
9.7068054014306693
9.5843278544686594
9.5327739686369206
9.6119871753833888
3.4112422022326117
9.7868605127119501
9.7924619519195719
9.5596281993486514
9.3553671675354853
9.6723967635462831
8.952062259798339
9.9458563765796004
10.553479602972168
9.5467870836949231
7.3361757841013455
8.7419696974705037
9.3579818700336261
7.2331762814217813
8.9827372726726455
6.5602420791294822
9.1406939890090477
9.3426882500003856
9.1629617414245281
9.0867864509275513
8.6748896359130665
8.5038333928430969
8.5034849029281858
8.9459242628913067
8.4854077971471931
8.9487633445445738
8.8256055041522643
0
8.1026001250266813
8.4276237568957022
4.9076640464193577
8.6504479711837376
8.603920066747019
8.5045304935575992
4.8489149047105382
8.7500613231403026
5.9141971811895191
19.247235973961335
14.199944604720043
17.064092942954698
8.4659613614154967
8.2590112588619924
7.3088196347446566
7.5231398472913575
4.3017523015203496
8.2150670254256699
4.6713243031252549
0
7.4421003192297954
4.634328983699306
8.2693526569380449
6.0345698833258208
6.1029667779252756
7.7659870398579898
8.0916061661585577
8.1261121914280654
0
11.513611818867934
11.438450004482398
11.336859343369644
11.269299488848516
11.178122588596292
11.140203071755707
11.119097989097671
11.094618050234931
11.120871712868327
11.118407024643151
11.109432083846926
11.096797125632868
11.056672106739217
10.943485277027023
10.850624682344449
10.830339528452567
10.74890539824303
10.626086282638646
10.656123477017854
10.615815267731294
10.363489899373013
10.305288569399915
10.139306898291833
9.8891506105338145
9.9114298487960717
10.165644659008658
9.1670664454547044
7.881521019999413
10.287186606282829
10.442840197459006
9.5387083925092089
10.366828089168939
10.105084806077594
9.879739711629604
9.7314477566340756
9.9665142810506886
9.8012064955186577
6.5946617191607553
9.739681059109369
9.9181583307076924
10.017045567276067
10.006401573251619
9.6801881197815369
9.3937820416875564
9.6766195189927533
9.4845179320231576
9.5555900576266346
9.4414792752181658
9.3836539201720122
9.6450247734439358
4.9866369111088034
9.4282723416082206
9.3447479876145358
8.9778904002998079
8.7280012807320411
8.0169261457963703
8.3396525772626742
8.7325740741461289
8.8059066650632563
9.2205238491976953
21.528526548385972
14.921290171646346
16.571171700618994
4.653445244601901
8.0317426188958567
8.8168220425732713
6.8205756775906652
9.0024342345596828
8.5842989790171611
0.0013147334908387527
8.8854572258747826
0.0023183162595670232
8.4158280471200584
8.7165124113888623
7.8454732738626198
8.7030660345874615
9.0105377498271579
9.0874679289094367
8.455852599099412
8.9554908353991483
12.402445569717001
12.287797577001674
12.141354137348104
12.130379062257054
12.06008860352334
11.995953696041795
11.985572884273859
11.905731175801678
5.0402596197071325
12.016498843309595
11.990160217751217
11.099998711412098
11.899926028893743
11.793874018026045
11.782070941285777
11.673170269248773
11.602508238603599
11.526644359797324
11.38892683011361
11.364049822225441
11.282717336402643
11.191211065557439
11.210923010193341
11.145162331335102
10.953758617912108
10.992383840517748
11.117161686083691
11.186058582740943
11.108482225086863
11.145237074195158
10.639656298026965
10.741924158261275
10.396993345352653
8.6246931638459028
10.851844591058223
11.818909360196624
13.080892361034088
10.456760318389536
10.193749227156838
10.034688078107234
10.692155070620053
10.796172073945595
10.452606253445769
10.486767886514647
10.562102715522398
10.484558663215306
10.446676147911873
10.501392098875865
10.299642894497198
10.395609487725665
10.453274040628285
10.447328291789121
10.371825079736167
9.9777846219984561
9.6873319274435783
9.8340422905025076
9.8835250029475787
7.776751494727276
8.1598088941965869
32.136198966300618
25.956547223105801
15.179133475733611
15.38275091060005
26.664315561970799
7.1898377826585929
9.6495970788994878
9.7027555448892695
9.8831665615018167
9.1840314947952919
9.6464259932718921
9.7018730751183746
9.7849340303482748
9.292279837718155
9.2607919716136635
9.5654444007503727
10.371141759197954
9.2732221418625915
9.1393869257072993
9.1441586327301341
9.1497192882720828
5.2679166813502629
5.2300236075858324
5.1195796657768673
5.0374541772848254
4.9508197023540488
4.9550848537286702
4.931634708418704
4.9232705884231756
4.9243090131627785
4.8682655330632549
4.8413712457906719
4.8737556263155835
4.836317528076604
4.7765645640073222
4.7112760620345613
4.5783833218710708
4.4616625702307422
4.508969367757266
4.3698015229494187
4.3897093846913222
4.3006824825780887
4.2390725362143211
4.2712511341417336
4.297365176592038
4.2224147230288374
4.2421231018171275
4.1870230989275399
4.1747213811875357
4.1903818568377371
4.2130261342505895
4.4358143373204513
4.8684736200681362
8.5599111302449913
4.276764114497948
4.6018004547598865
4.5794698599462436
4.4253539562002278
5.6777239058247311
5.5834921954931147
5.5793314640615916
5.4222817988689185
0.00027332617339742175
5.5425959448733924
5.2712961474641675
5.1895198178132702
5.3403662144645772
5.1939618689651859
4.9014707407757756
5.9762263813583338
4.9811277961622009
4.680678481912051
4.6639910560841447
5.120883015086096
3.8215176062974687
4.9734874541839362
4.8766449109899277
4.8556565341455995
4.8203058253935822
4.7631487851295473
4.7689072979968428
17.247534792028599
15.185070854658276
14.571695931745024
18.599292503863342
6.601862006513187
5.0967070647348995
6.7477041663192168
6.5562784111309842
6.834966994500518
6.8073538176822499
6.6812172905671678
6.7254429519462633
6.1797700661514403
6.9772801697262201
6.7268541739910859
6.2958035778897905
6.2321534380611237
3.6541260747216562
0
6.6239476907909403
13.553859171008661
13.340665272562235
13.320864626304168
13.156278640305031
13.139557382626366
13.105866710345143
13.03822941396491
13.064419645117376
13.104644337908301
13.071552227642339
13.08903807426633
13.081213061573667
13.00233878002839
12.88829949377088
12.785496871584998
6.5462534856069405
12.49175243423835
12.330298616947806
12.537425496281449
12.365549659783666
12.240571000267867
12.169079799904479
12.128034117421052
12.148205674419543
12.233130366658285
12.186664400985109
12.190616975874313
12.113309721335
12.103051545068086
12.242524802360986
13.766185517457108
12.657728705602196
12.029975663610935
9.5601396175766027
11.674398052174761
11.543729427373719
11.578905382323601
11.551412248262318
11.546215545315599
11.806187141121491
11.777821748222216
11.648674120974709
11.641293908712766
13.24758484028168
11.571210872283274
11.269451961825098
10.926618878546089
10.949180214798888
11.164383171608007
11.246953227018796
11.398256672289902
11.334449349012974
10.956695322769647
10.638800681351389
10.818980150644109
11.180303677120069
10.921188129705721
9.640433752884249
36.592738159845013
10.339866879722232
32.934843135629649
21.299842634052979
18.643290224684353
22.836981422472832
10.679692525142437
0
10.181943547793843
0
10.467144707867599
10.740228410981173
10.473243751597115
10.227405237414002
10.654609905648323
10.538018130054089
10.647770049961926
10.513548998223357
9.3936947473918977
9.4796882060062408
10.315334253547702
10.021620032483783
35.478959802053076
35.406491717241096
35.205698162065687
35.39988254642526
33.18245633161829
35.119898832117265
25.858767607426024
25.773157929323872
25.843516748057315
17.89916665395673
25.759746996216343
25.70513912067716
25.712653881509407
1.3009134728526579e-12
25.573156425980827
25.395872106262161
25.332385852272463
25.117655511068541
24.931052711248654
24.759723514184188
24.850636121110696
24.815790546094473
24.812835935442781
24.651481639503682
24.510826160821107
23.762581300263172
23.841792512851718
24.425227819206391
24.09002793972407
24.23088469275153
24.163609628548112
25.056233223783615
21.80136954593203
23.865474694618129
18.002927761924326
17.741938125153197
17.798412422626395
17.715133749227405
17.826899547375163
17.878141393497888
0
17.869029166420439
17.923122868323091
17.008742097776118
16.969667234381681
17.424620170393524
17.711418252746455
16.781726172403026
16.559124413929837
16.531518759490169
16.767244078155063
16.322341336660134
16.243117326550564
16.115452554710028
15.939285208133448
16.28595399261938
16.550217481929586
16.45707072006244
16.589438520226356
46.554505000684948
36.00636593364959
34.137679575405684
22.989358045327485
16.97829871717498
11.503419121083185
11.404758461026841
9.384993126534388
0
12.184750513897493
12.345599780698434
0
11.526522352201603
0
11.665794235727938
0
0
11.184594055774431
11.670248899020944
11.179313601695073
11.787437036650809
1.3443429129976792e-12
0
0
0
1.4102942701695347e-09
0
0
0
0
0
0
13.444252096057278
0
2.6448432203584606
0
0.032715981682983515
3.7349359547490808
0
11.959967191424507
0
0
0
0
0
0
0
0
2.1082587033791547e-08
0
0
0
0
0
0
0
0
0
0
0
0
0
0
0
0
0
0
0
0
0
1.2946921631886836
8.959354998002754e-10
0.077104661262561047
0
0.22725949108695817
0.39484309954879815
0.0018177870229043056
0
8.4675700239345975e-12
2.6917225858410899e-05
2.4923668590367273e-12
0
0
1.900003385336325
2.6384083592424946e-12
5.9490263164591664
0.00085925895145108524
1.5525763448508247e-10
8.9689526309203309
0
1.6139844121731537
6.6494066974295789
0
0
0
7.4897053926123123
0
0
44.176802838006708
0
0
0
0.00093485698605849741
0
5.534561660110644e-09
0
0
0.00019235277398935106
0
0.0014899245420752973
0
0
10.936031007225392
7.7100165574914703
5.7678543513783183
2.0802076669920941
7.491787784129726
8.8922123675828679
0.22835498979518909
0.029126869535878622
0
11.803390213062336
1.5687713102889305
0
0
0
0
0.00011281986049435964
0
0
0
0
0
0
0
0
0
0
0
0
2.0069297555182558e-08
0
0
0
0
0
0
0
0
0
0
248.21471724007782
0.056949078686383214
173.25717293799462
4.6558893027246988
242.08877713314115
6.1023053054155438
14.670128854758294
161.5689784092508
3.2720997900872737
182.01385555047901
12.816826380909722
183.78624033261065
200.74137411508366
5.3116207565262101
181.35338292541601
4.7232809433353377e-09
150.14035146044316
12.220603352349425
11.755461229171761
7.8116068694925825e-12
0
8.0609146645083101
0
0
0
0
2.1691844893092123
0
8.4660993044945947
0
12.789422626628225
0
0
0
0
0
11.830960040432508
10.660268471331539
4.0057766600611192e-13
11.71554626565613
19.657504074948992
13.043633614998997
20.056963478684708
12.277446602215216
16.79604600997278
17.162377668020095
9.7835020313806762
17.247015259298216
0
0.0091924764763051496
0
0
0
0
0
0.0035611448994399436
0
0
0.00040919929297267266
0
0
0
0.00022282644926334964
5.9821049368060149e-09
0
1.4209073198217269e-12
0.00021063404253643479
0
0
0
0
0.00022442891260067381
6.6744066042987061e-08
0
0
0.065026472459576448
0
11.131307527077142
223.63348271785907
5.8624473842744193e-10
188.03039566244144
119.60807500556344
2.4403285214354402
234.53117621707912
221.75399476371027
75.056915164073359
136.35214772094145
250.61596765395896
5.74440507873065
10.943526517401329
191.83520896833156
236.55186895051193
167.47197579401964
1.2116663316761907e-10
205.73681311691954
224.99568980499077
2.8959310046576379
0.16389071116770315
2.4730340959292754
3.3139002103246442
8.6839122046301878
1.7761985493891268
0
1.1453061398993531
0.2043713133249612
0
8.9564591314116364e-12
0
0
0
10.053703214673561
0
9.8727850145692138
4.1093712452907443e-12
13.293957419335911
10.282303730892254
0
11.143167674864241
10.944818889816569
10.8855910149605
11.07744980953486
20.050778186767694
17.964121132920187
6.5835120766260724
0.17413441261256199
0.29842787646539376
3.0605427540290475e-12
3.0045552262124072e-12
0
0.00038327798558490499
0
0
7.6817446620860199
0
8.7842184175700915
0
9.5915394600299742
11.260301889118626
0
13.034762068009933
0.00052862398834093111
0
0
0
0
0
0
0
10.534547837858861
0
5.312829278903484e-13
4.2323601714590092e-08
0
0
0.10728113481998292
4.8852707431958082
108.60505796200921
7.608094719842259
2.2503656863218242
9.4839830722308829
5.0900651378727053
11.174035782435622
21.522611069633754
1.3005313924081481
14.336181769793034
0.16165522527851856
8.3165845099471536
139.2128549858939
10.116793675608664
140.86023434101111
4.9807731044046797
7.3546943024400964
15.155161596851086
2.7448776141914699
12.041809348149853
3.5065936340076749
208.54967574211176
0
256.38645431631136
0
0
170.17212024722954
195.78402887748607
0.13581577060123784
0
0
116.70619962217539
7.2291984175596733
0
0
9.5160539619486215
0
9.3854837472967816
0
9.4885581672632835
9.4314443082316668
7.4332307774727395
9.9114834653378434
6.4738021746699062
9.820926129929374
1.9679604678575881e-12
8.2878548067670241e-13
11.506551350143907
10.079864620849554
20.61808093843673
20.479563622626028
27.077536153846651
17.389407388648845
13.795652254742341
0.084142981835249611
0
8.7759048194328919
9.3431671927127802
0
0
9.5033998016352932
0
10.184068924930841
0
0
0
0
3.9311571270465921
0
0
0
0
0
0
0
0
0
0
3.2721929554722024e-10
183.07830118129044
7.9274555457564677
0.9293384099676878
6.8853651014372801
13.413040902056457
150.40707446078545
7.3677904223614918
10.55413728551955
216.50766761637564
239.53916255004498
14.161472227593279
180.00244751970374
141.16200746801061
11.530955126947021
96.057201469611655
4.9120350018963164
124.62343238699795
2.6723449641753478
18.519478058519891
39.761607855824785
0.03350186687823329
197.45765444343448
0
147.91247770165532
159.1813891349835
2.5943736243783647e-10
11.700466935934013
0
0
0.79988291218464147
0
0
0
0
0
0
9.5002148677270206
9.6857466237760619
0
9.5881292077634068
9.5201985475298052
9.5299982072534259
9.6239463371802323
9.539700577868814
15.507876822419902
0
22.979275828089364
18.391000538874664
12.328622453615599
26.729940596602496
17.273664446128578
18.844925907560651
8.8598707026799204
16.592548193884806
15.421032993437629
0
8.8150980564770141
8.8254163808196182
9.0133127716121422
0
8.1594414752016284
8.6060414329530115
0
0
0
0
0
0
0
0
9.8636604997819681
0
8.1002548270793309
0
0.0019889169965844446
1.7251131123828852e-12
0.016799648725560331
9.1400122133431232
7.4354792507042449
284.68779922088936
7.3446585960107473
124.05167142002968
67.944323918258121
97.47005704293035
105.90519589430703
12.679167441288657
5.6542735103226898
3.2728864863395599
1.3241811514553461
15.862141479329308
140.78155949981848
11.074831072875579
160.62232836732144
161.66100641456904
185.87274706348839
0.16645243574153928
14.420760820555733
134.68679892684742
0
132.54906417203875
184.67875849303957
154.54344130400034
194.01941514219516
0
7.3841710785956396
0
0
0.033133776281911047
0
0.05124833608291629
0
0
0
0
0
0
12.199322705296126
12.509908151193505
12.421459987648372
12.485822926476557
1.0896812462405055e-12
12.677797295138914
12.552018767876666
0.0022044518393978907
0
9.1947143279568753
7.9221920439520055
12.79236394778524
14.161247719123391
24.489782483387337
15.597615852059205
24.144364822091248
16.845851766263795
13.883865863384697
16.182449137148879
20.43939758416693
8.5274570215145928
8.4002842852299633
0
0
0
0
0
7.615676704856571
0
8.6822494272690154
0.011986286147983964
0.000580518253519653
0
7.9979389528280889
0
7.7589623351992918
0
7.7263194769612014
7.6472218454561247
7.9440577805304127
0
8.4912477576659722
0
9.0257067753953457
6.152782578118658
24.099322517460806
9.1217484938549926
4.2088929867475589
6.0677174081280425
100.43164335940853
121.1974323011254
143.72432877408716
159.41118168986003
196.79245493956427
200.04247337692735
186.11025491304147
19.00621186887884
166.66830311975966
160.87325752450067
151.20631860442808
155.04814974586091
164.77759987254314
120.85591479631496
115.48941237262106
0
21.88827428831711
349.85547792842522
0
156.15186363397609
0.34490897716752733
0.043244292613734837
0
0
0
0.21754261764357941
0
0.47229398348864854
0
0
0
16.715121559399105
16.208920560016821
15.666724416746881
0
16.04457128941171
16.002390854934951
0
35.613108893666514
0
31.797045579295443
12.294517312123014
19.16103412461047
19.460840667809279
20.544084662954031
18.849248084101962
14.867991667026901
9.3523813690438562
13.268756179992629
7.4109641405379225
2.0218989260922955
0
0.00015781861402210768
0
8.3073975541403868
7.879123711348055
8.2103970036169507
0
7.5874387505702048
8.3951005821756919
0
231.99380205990795
0
0
0
8.6565363967500275
0
7.8995061806994418
0
5.6757817878178614
6.5904797699383817
0
220.39357812764248
7.0378295689028976
144.45387065685242
10.883879711754501
7.6414168782193768
175.8083919937682
8.2556726301535601
142.78813409433806
119.1148909734796
1.190198817712341
8.6056816510691529
122.86621087174944
7.13891558544075
1.8954802254564942
0.75979287502977899
113.86774900260578
111.20942642637416
8.3076827139708449
107.10414249414755
209.9931821680035
138.82258825904324
177.74896954423031
23.329349742882982
14.101085129193279
179.0547269663216
169.60243010285981
185.14751507634847
50.163619890593999
9.8509843343881265
294.15429528245846
0.032941977813758898
0
0.7600643975920045
0.44588865260967708
0
0
0
0
0
10.523428586365126
11.105126018103265
11.350795487654098
10.332188958557504
9.5901089473603864
0
16.103713414574763
9.013089019983763
16.007742663678822
36.290999417606137
0.80057637771979329
31.424421443273463
21.972359729460752
15.517315980466803
23.479454785311674
21.861433655088526
21.250252494305283
5.4594548221897599
20.679110926889443
12.807155613033483
36.837772027789711
0
10.332954045160983
10.962781740162256
10.41261086800213
0
10.593814627822026
11.508161881180868
0
0
0
0
8.4197677043766088
7.6272247127962096
222.07395717931681
8.1653793503392667
7.8155457928895311
8.737207719371332
6.2195824739047891
234.7194893092169
0.19501309297572927
7.3643998995226179
6.6832223372153932
9.1258090921946167
0
19.837875831799789
0
0.045718318505870936
0.032092237114386239
9.9596154952718781
8.2540566207544899
156.83917827121181
131.52542887324486
151.90175894922618
173.04085985048491
187.14282489985487
12.076894313842773
154.66512619715326
16.038278291560857
25.469296978216505
0.036376463248013087
27.49814065218829
4.2076457662502218
226.51989647850087
184.08764244809245
204.22818677540445
200.14323908304067
0.87182543757486508
48.370875408809923
260.54863566837412
251.42000816612264
4.8506611810503992
6.6638353048136043
0.0020224808760247459
1.7974469656305383e-06
8.3647756918046707e-12
0
0
0
0.18449706455310028
10.356168674594649
0
10.595771674647807
0
11.09013948409604
10.176043829668762
0
10.225781203891289
8.9776538983656895
8.8314885161233168
6.8236804963027202
5.4886106365441782e-12
17.11042323094199
17.370758459766762
3.7765995173313338
9.5805708968597925e-13
14.729874436934157
20.259306300277334
11.624194755620458
19.748051323351422
1.4546826769507727e-12
14.469413801457728
14.643001956315455
14.495042696031632
0
0.022575803171444028
0
9.5515602957004688
11.507805976962171
8.766321181288351
0
181.42255028190004
8.8835781875315956
0.15537810023112672
7.3194801462499877
0.65311840660069065
7.1406272841001197
0
7.9809700772565995
0
0
8.4820129656230403
0
0
193.38045353680613
11.418555833334686
9.5207449736953738
1.8111674917212661
17.936864258681613
4.6900640254740456
8.29167258053476
8.6583432363893189e-13
105.63335110109062
0.093255068582074732
0.065603148457484342
132.33726858611951
194.81305325727956
151.27375840600428
0.026394022676266109
22.463279471376708
117.05099082830397
13.172032450806283
9.9545805647542558
5.9079115941829219
0
204.98817531590717
3.213633525154254
23.078666296263716
0
0
21.804350157762528
68.080478328372507
0
0
0
0
0
6.4679196971272743
0
0
12.773268568954107
0
13.522410348942094
13.581257505388388
0
0
5.7756602987067742
11.65231438169133
20.043102375338371
11.900456311060701
22.760097399100211
21.014637219816329
0.22352002945387447
3.2947892206117902e-12
19.474666927571345
11.922194596127717
19.515481355787156
9.4916961420814676
14.064974634420309
16.255246325519426
0.023459573764473874
9.2895953620972467
0.013984054017288087
0.16103026020939265
10.194956909729305
13.638328203559311
216.09121479318424
14.032811606748545
8.7389965883076748
216.04085566326273
13.265772524922481
0
0
208.95623592026806
0
2.9210245439142004e-10
0
0
4.5877668272652903
0
0.29981720045431681
18.841804275370588
0
0
0
0
8.1023202335971938
0
188.03041975435892
15.12086987132623
161.60894685543437
5.9515880169552773
183.72568857372895
3.8523909691869647
131.40817623223208
8.338936985252472
3.3948654371152453e-11
3.6717756245214082
18.101616942469018
4.2001174750313686
258.15451227454889
6.2535038999133725
0
215.46923217575491
0
2.097328662296175e-10
37.62795171968834
3.8227485857088541
189.1920369293841
3.9415580058805716e-12
7.4143909323511368
0
3.1546567561912142
0
0.60903012419613112
0
0
0
8.7782095770013466
0
15.567461609242541
15.543597067123422
16.404225738537669
0
13.190131912851331
13.040716026985489
13.090727154628025
0
12.869282651270924
22.933389050523264
20.056510516390698
3.1014743281612627
11.730764529435435
19.030297444955682
20.120101531548091
16.35763648796528
11.517926500481543
10.432972137910081
12.03448120594423
13.49061447015573
0.30976402397089692
9.2205311228050988
8.9888562764007993
177.1323971660639
0
198.76077304372041
7.6935197699897593
0
0
208.13652331147216
7.729621935358133
0
225.26385135379752
0
11.462883724448904
206.65398894998432
0
4.6640907268964753
0
0
0
11.127146796572916
10.077842677903675
215.6820233917465
0.0044510930234601433
188.30934215266669
11.304470288187879
27.553922433280409
5.7070243553473405
7.5681440733199468
2.3600956376829276
7.3498805028321446
12.907178528926771
23.481162040579715
10.187726580407086
121.2675184175031
96.857277645288647
148.32599438153275
171.65405453013381
8.3165199801561732e-10
132.97499439541468
0.00039654797511446435
23.324132631005092
0
0.057841929008078656
215.99695295381943
224.73370344466588
245.31727743895991
180.16483947885536
194.91961240553269
0.23902262239895719
0
0
45.316149778422307
0.030440173349104212
0
0
0
0
0
0
15.717931403830386
0
16.404164676302738
15.827120535193037
15.324599171600415
14.875780526654593
15.170956594351635
15.24550830105535
0
0.027029560089775369
20.095770869167637
20.370085022331551
162.62346468587052
214.86797309195367
13.453245661464798
0.47731085685779873
316.25152365036672
299.16932824637132
23.605056770838523
185.57504949505991
216.73058994799095
232.33534896555275
0
146.82948728099291
0
4.0577217614119778
186.74266438099133
0.085241382733762749
211.88277322021301
0
210.43687721420613
6.2767311758785143
0
2.2682126966284864e-11
0
220.03911984999172
5.7500176715000766
7.1197792342440822
0
219.88196794536236
0
0.35434430277869483
0
0.28673808000978523
8.6542363066255934
0
238.45034743825425
1.3045140871884269
0.21077985067054739
15.974905038584016
177.78248905279739
0.010078245790172823
5.0317935600020869
174.90570144296746
141.46593894232674
99.278452633840175
177.18249329900777
13.756805525777482
152.56990484369496
1.5374177544974912
7.3934092353691403
172.23316088660087
2.8751433061329092
0
8.0661036403202448
0
84.656861341104587
151.02135902582549
13.634420292392745
200.6870277670827
25.104050610124244
38.213014407402724
9.8470525963688882
0
5.4688104615300359
0
0
0
0
0
12.412715943032369
0
15.589120063034017
14.638144116624574
0
27.58920779195309
0
31.186328703426156
15.436668313728159
20.815555378666879
42.425322394098316
20.72389668837365
176.22280642281842
154.27822942625087
233.91767829934011
214.90416934306384
75.973686037389527
180.40499777992812
19.502731872445768
155.85553955868431
177.68401927040333
0
6.7139254534287476
6.5671292258873413
8.9171229037377007
176.05544658232873
0
9.4054707651270988
196.50902642352219
0
0
0
200.50818238685883
210.18556236980965
0
0
10.65200360936228
4.6101998218043434
0
0.13547617057101211
13.870156236798936
0
215.32745679792325
0
8.150086456805279e-11
180.64942269418711
0
247.17304297497017
0
0.10138970640757942
106.31966617433487
226.70538200829287
0
8.9345437351168151
7.4196098902540006
1.8794375350958381
6.7232082825453971e-10
150.18090831069648
0.00076917619906171188
193.64953123034897
153.6127328833563
209.78365606858324
28.559168065934607
0
174.58863145733724
9.4842329488143502
1.5664155577129011
56.41428834438225
219.69949433932962
245.54784923860873
0
0
0
0
0
235.54357002084009
0
0
0
8.23219725092593
7.9858544381893264
7.4416321421673697
11.426071126153309
10.160274170349096
9.7639948545665547
10.717126752187463
0
0
14.92562773623683
14.269569763618838
14.442567012112416
273.01268792104264
224.17713950449632
260.87757155327949
259.14904990578862
253.95230353894107
251.00002036401949
251.27276930503174
243.45329976583395
0.017873688545642787
209.78358182440837
10.285973364710888
210.41892292117157
173.41416502015937
8.374937034453108
0
5.9066914237289225
6.5454310777773834
0
0
192.00171780303162
5.8452972650492123
7.783594448750069
10.93315571875269
0
10.158841619776652
0
0
7.4281904340345413e-12
0
201.14001649745197
0
12.794962023937012
13.352120612891426
12.5013172061145
11.726841813307029
0.41655682551797757
0
0
0.085150383533725144
6.3733120901675218
139.85906462125541
99.399128322086895
163.00072187143712
189.38895576834312
3.9177927453553147
3.8297235769958045
66.969499522093372
0.081567051366010085
0.49831895071986848
0.4191540737477199
229.98256691396881
254.86974698987476
233.24969649389962
207.98758787225168
50.445778042560278
143.03182689167167
14.529128230186494
4.4544561971761079
254.21214960776337
2.1415164402557232
0
0
0
0
0
0
0
0
8.3256168319121091
8.3741657227152722
6.2742541558457052
0
0
0
5.6476725457578922
0
11.576356741549439
11.673187777714666
28.137827505660731
283.69024552502304
79.184376298942809
231.79402541579495
207.07821881810915
247.08250620008531
208.69549758766385
202.57817819468664
210.14009968254771
236.65039061702757
33.586442422227456
13.688944333488053
7.8736869957769242
0.0029839318586815551
159.84003985859329
7.8232865526638804
164.05602877335235
0
0
9.8983488045584114
3.5199092092201565
0
0
0
9.3326141890699024
10.20257015585266
0
0
11.796143464310248
0
0
0
206.43860510403812
0
5.412910345974856
0
0.084498972719483603
0
190.6476396710637
19.040052383076539
0.96432402131529726
0.067083607467296261
0
0
1.7585874059615223
4.334423453564261
214.61725256904163
168.48242425895089
115.88519263451064
1.5572906825380873e-10
212.35895239089044
24.567652164624569
0.11791504677647506
131.9557143805047
0
260.29230834627572
263.50874714206265
147.34209123598399
6.2830135238582665
14.395877532288356
109.84172517848104
0.44564546336218142
19.427672801090193
0
0
0
217.68055774825078
0
0
0
8.5768868355283363
0
8.0889739003741195
0
8.0175327177609539
8.3103486389648538
0
7.8472023460523266
6.7840226460103343
0
193.33683482069836
0.45533024963633967
204.52387455013891
210.23798075690735
187.273415179426
225.49231762042447
191.82427090893984
172.81053728427324
169.135948943725
178.55166854405152
251.97296200461651
7.1948650192161052
8.7575198042132154
0
194.27638659416627
13.36724437248988
225.57455901307847
4.4100872612130377
0
0
211.26340724103221
9.6634827903061229
0.0017863463245409244
2.5440078240719312e-10
0
0
0
10.22653379122168
0.86420579100306794
0
13.231410487081623
0
0
0
0
7.4852001405908348
0
224.85803003950684
0
2.5585649792027112e-13
0
11.870425887246727
3.5362318199147915
150.50186557034215
1.7315659246398658
203.50978511585743
6.6837784166969065
15.814994663596897
17.498716081808748
228.83109639339102
216.21558628027961
6.4992319654902193
152.88511268838261
0
167.48822393394002
10.424794520151293
0.28184875096384382
227.3600025719642
9.8944216872354822
207.98149627513556
0
202.3165098378617
0.26126861614248664
0
1.1036034747242157e-11
0
0
0
0
0
6.5129950099861569
0
7.5512397094997397
0
0
9.0881542750443405
0
273.98348351129079
277.20150208379107
298.50436455275815
237.93374092491814
272.11666331935822
142.23402124095585
219.27018233587464
207.32797594630702
213.10040406085531
256.63263353069368
207.08584508838806
242.64417355576967
215.99084717859498
0.015063975565906993
235.6501269873273
173.10929695805797
13.653726024225746
3.8807873176419303
0.001886080813050093
13.580674267149133
15.116866791512074
11.555292393373744
11.298383760842748
0
0
0
193.86617910410655
173.41992929802612
0.022809177597274626
0
0
185.42256091455434
0
209.50048324855996
0
0
0
0
0
0
0
0
1.8170983894323451
0.66003537279266145
0
160.04720139318093
16.107601800401071
194.07935336190116
107.42455625963056
0.44798804900845696
149.57816838776228
1.9591139902571455
164.21291973495019
3.2646006114996513e-09
0.32777096829267899
159.16706217436928
15.21469674493583
7.5990159720689912
191.95793090330139
1.0239533683679019
0
216.20059795244802
3.2185382303744077e-09
153.87100188870309
0.33559630801131496
0
0
2.6423020383193678e-12
0
0
0
0
5.9351645912696922
0
10.036807726360937
0
6.4835512517375617
212.76082622610508
10.233865085877147
9.2720349758365632
278.58973094691135
10.13601229710688
0
218.23380778243248
14.497246335057596
8.594731706617706
217.44750865911868
224.09138808345301
215.156192657036
185.73913368362773
211.22011777326469
257.12896582643293
256.04589447860479
241.32785121582174
0.01812507411487679
239.1464868416287
5.006858653984998
13.667162401333499
13.300167939561311
11.500021373833972
11.260267840350135
0
0
0
7.678227280920483
0
0
0.69141153895491747
13.2409197068773
0.027147334147658794
0
6.1515831270472074e-10
0
0
0
10.024396504219153
203.25811547237677
0
0
0.21612809762384544
9.8366712177265629
9.1061360650364076
9.975548189751434
0
9.6228479912770268
38.887653243244905
0.73617213889568989
0
21.027516456537011
2.3520233696254748e-11
0.43501240829420168
168.01062944247749
144.19166542398142
2.5936040593037317
1.4342492568461283
0
271.4053500803609
17.698969815578447
6.4093284337628481e-12
0
1.2387191811648475
5.782666515576414e-12
0
238.28477149782307
0
23.200342692641019
0
0
0
0
0
0
0
0
241.99254887210685
260.37952023348191
10.208052348212773
9.8715617886819
9.7378265982280077
269.24183377321202
0
268.90249455938351
271.77812959800377
225.15148975615102
270.09921722104326
183.61048817739001
241.22886168754243
147.36161014510449
192.17400984384483
10.510166927635236
199.98387528719678
183.16824000834069
240.90611369377589
5.0129670992498649
13.481784438826375
196.3694862918147
197.15697926253404
21.137581011978281
11.198409508850313
0
4.9783451581943208
13.733552022967137
14.034646701741902
12.914926321836202
6.1430005455458912e-12
0
13.261316833751771
0
0
3.0587397363757874e-12
10.957845969808568
0
10.687670079117966
12.484999689678189
0
0.071594229672545501
0
0
8.7030653222586682
0
0
0
0
211.68926659465515
0
0
7.3908838834157633
0.034807011243729452
0
7.0290616681121572
159.83814079024756
0
0
16.465994984428605
5.6549844719587004
0
1.9323628027705664e-10
2.8514389204399159e-10
8.9776138761614153
243.08479196605975
0.013636898963849715
229.52658268455221
0.013335437077866833
0
0.28128350131946278
0
0
0
1.1549639685161311e-11
0
0
0
0
0
2.9576886446544717
0
0
0
0
0
0
0
0
0
0
0
0
0
0
0
0
0
1.913950415537506
0
0
0
0
0
0
7.4825720421227366
0
5.0613679942165346
0
0
0.13902030538012555
0
0
0
0
0
0
0
0
0.28760908357896059
7.7859525952477666
0
0
3.3507903734031268e-11
0
0
0
0
0
0
0
0.18610141782523806
0
2.7923253111692302e-12
0.0014592158909576124
0
4.842035986496124
0
0
0
0
0.011534573739063709
0
0
0
3.5123094024981465e-12
0
0
0
0
0
0
0
0
0
0
0
0
0
0
0
0
0
0
0
0
0
0
0
0
0
0
0
0
0
0
0
7.4883794391292762
0
0
0
201.70271739559078
0
0
0
0
0
4.663872532848595
0
0
0
0
0
0
0
0.28269901023340538
0
0
0
0
0
0
4.7931246547713009
0
4.4489366321706552
0
0
0.0019114724961398584
0
0
0
0
0
0.24606763188002717
0
0
0
7.101289854731599e-12
0
0
0
0
0
0
3.9524701914706095
0
0
0.37560560632916423
0
0
0
0
5.763141355801138
0
0
0
0
0
0
0
0
0
0
0
0
0
0.42392815331171901
0
0
0.092233451418671925
0
0
0
5.2006816945392682
0
0
0
0
0.014247636705965605
0
0
3.8856608167916482
0
0
0
0
0
0
0
0
0
0
0
0
0
0
0
0
0
0
0.44238280711160322
0.0039163165411833338
7.0247166776843448
2.9502344860131657
0.63189313867884922
0
0
0
0
0
0
0
0
3.1440604117647992
0
0
0
0
0
0
0
0
0
0
0
0
0
0
0
0
0
0
0
0
0
0
0
0
0
0.14303839898602777
6.4458527558021661
0
0
0
0
0
0
0
0
0
0
0
0
0
0
0
0
0
0
0
0
5.7402687762577971
0
0
5.3893191867623456
0
0
0
0
0.075951061514814247
0
0
0
0
0
0
0
0
0
0
0
0
0
0
0
0
0
0
0
0
0
0
0
0
0
0
0
0
0
0
0
0
0
0
0
0
0
0
0
0
0
0
0
0
0
0
0
0
0
0
0
0
0
0
0
0
0
0
0
0
0
0
0
0
0
0
0
0
0
0
0
0
0
0
0
0
0
0
0
0
0
0
0
0
0
0
0
0
0
0
0
0
0
0
0
0
0
0
0
0
0
0
0
0
0
0
0
0
0
4.9320519434602597
0
0
0
0
0
0
0
0
0
0
0
0
0
0
0
0
0
0
0
0
0.00097963415863722343
0
4.4071273700161759
0
6.3680370889413718
0
0
6.323531501177146
0
0
34.723611696747042
609.36287086103619
0
2005.9304056093636
3.1398551944373689e-09
0
5.0167910108796532e-10
310.6523425315458
0
0
0
3.1115971943305061
0.62703882342972117
4.9246031793250313e-05
0
0
0
0
0
0
0
0
0
0
3.4325306199941283
0
0
0
0
0
6.2342789885746086
0
0
0
0
0
0
0
0
0
0
0
0
0
0
0
0
0
0
0
0
0
0
0
0
0
0
0
0
0
2.600888705645729e-11
0
0
0
0
0
0
0
0
0
0
0
0
0
0
0
0
0
0
27.424152479844206
0
0.14361093764274005
0
0
0
0.00015538373283877424
0
0
0
0
0
0
0
0
0
0
0
0
0
0
0.0070993929220021339
0
0
0.041612559760940429
0
0
0
0
0
0
0
0
0
0
0
0
0
0
0
13.013109617922334
0.0066922448782444615
0
0
0
0
0
0
0
0
0
0.00027066329615938053
0
0
0
0
0
0
0
0
5.2996167192814349e-11
0
0
0
0
0
0
0
2.8129513082883853e-11
0
0
0
0
0
0
0
0
11439.771721723002
0
0
0
0
0
0
0
0
0
0
1.6469844615897224
0
3.6951512057241773
0
0
0
0
0
0
0
11.484636771656353
0
0
7.0748562533496778e-11
0
0
0
2.2475704481622056
175.64731056319036
0.11979572414281363
0
0
0
0
0.25962392447583088
0
1374.4785734733273
0.69810365286541909
473.73543428732745
4.9770465119992364
0
0.00040247381658447618
1.192215529805718e-11
4.8462042525395349e-11
0
0
0
0
0
0
0
0
0
0
0
0
0
0
0
1.6480549423170671e-05
7.8650964249033559e-08
0
0
0
0
0
0
81.679260809760436
0
0
0
0
0
0
0
0.037375753876745389
0.00033805876304348942
0
0
0
0.035067504430333137
48.040096067862351
0
4.2250229266162764e-11
0
0
0
0
0
0
0
0.29007605902135614
0
0.00010332154743654816
0
0
0
0.86096046073510579
0
0
0
0
1.4987453544330069
0
1.7900907517109699e-11
0.0031882286737638546
3.6576655002278565e-11
1196.3310662627759
0
0.19753720607994119
0.55309272063384307
0
0
0
0
0
1470.1555619971439
2.7271173950229617
10065.62312373553
6.6068191184867913e-09
11.215070909962826
0
0.0022992521062218437
0
0
0
0
5.2673493111393226e-09
0
0
0
0
0
0
0
0
0.0013211121490551622
2.2637683658057521
0
0
0
0
1.2985564427288673e-11
40.767356123354638
2.1751713162122246
0
0
5.2713958034689952e-05
0
0
0
0
0
0
0
0.015291417634375373
4.589253645710718
0
0
0
0
4931.4854727997581
0
0.41297582985651216
0
33.121091562621594
17.717044702314571
6.4194092194759285e-11
0.16975789063050761
0
0.00042828425027527595
0
0
0.089435017522740634
0
0
0
0
0.0042520696418267478
0
0.90565862734602331
0
0
1814.5656103023198
0
0
1.3162790202507102
0
0.13586650380844098
0
0
0
0
0.95076655693487977
0
391.27580684929262
0
0
0
0
0
0
1.8548152115470198
0
0
497.72894743175675
0.37522241548540769
0.045075815826758958
0.055769843501431611
0.49960828126490164
0.1233204117878294
0
2.2378409666945663e-11
0
103.26373300320782
1.206460659179077
0
0.72497654709577963
1.8524028000376145
94.938380966560473
0
5.4667660259972468
1.5695808314269495
4.8170796688493039e-10
407.20891455750007
624.80192321984146
39.785864411400794
1.7930652883799063
0.0045662797623650447
86.601994402204753
0
5.4222777245327833
0
293.87928237998386
141.84915700352926
0
0
4.7242682865459686
0.012927332795494944
0
0
0
2197.6962382966767
0
3.8483230743885795
0.0009694327964932598
0
5.3713102152265648
0
0
0
0.36078129350274812
2.3743541292287685e-05
0
5.7336844641552804e-11
0
0
0
0
0.21712198419547904
0
0
1071.707255365422
0.90090089486675706
0.00060134590291875223
0
0
0
8.7208340035308915e-12
0
0
0
0.15989879220444456
399.75059048492358
0
39.354740785899445
0
0
1.1372212559612782
0
0
0.0055941107975407646
0.83968466568895961
5.2772798789427012e-11
44.420452132566218
0
0.051477781061102477
1.3988806607862136
100.70590231646999
0.098848839941934566
0.0023651351445554449
0
0
0.013482326440517074
13.174806114710947
0
39.768492826196329
0
0
0.018749684610137277
0.001661711845831594
0
0.0082664055081932523
0.73236313349683857
0
0
1.1935772813610193
0
8.8152557503683432e-06
0.065466446744778806
5.1153500800402101e-07
0
16.477965633403013
0.010113166948407675
0
0
0.081632143219831393
0
0
0
0.00015279519416127915
2.2818777821302167
0
0
0
2.1812476203092506
0.0042818911411791121
0
0
0
2.0876491682389227
0
0
0
0
0
0
0.00017707838740654147
0
0
0
0
1.5431194908618686
0
0
0
0
0
0
0
0.97388600533029368
0.48284795368604094
0
0
0
0
0
0
0
0
0
1.49280220518623
0
0
0
0.024848071811400054
0
0
0.17306394101415998
0
0
0
1335.2770200128466
0.90093081303157097
1247.5287044426175
484.70165917763694
0
0
0.2089041233545238
0
0
0
0.01700077673165382
0
2.9230642318780301e-06
0
65.150574355841954
0
0
0.12969220265635165
1644.8654043150118
0
0.11265180756614948
0
0.79171308704918575
1029.2085488146627
1.5518300943039083
0
3.0421859745363755e-11
0
6.1164809125112951
0.39036088880513503
569.21342811650845
0
14.578438278742304
3076.9973175139535
0
5.1532388529926691e-09
2086.9653842216094
1500.5548182003538
3.3087110678305814e-11
0
0
0
48.903734958291125
3.4230658157826319e-11
0.037070475545709497
1.8379794901141895
0
1718.533333783558
1.7696816423806344e-10
484.61308256570203
4224.6730116535482
0
0
0
1.7757130805558152
0
0
764.63077726682639
683.74824843901069
0
0
4.163109775302817
2.8113905013517013
0.093257882759505029
0
0
107.59759070876515
0
0
0
0
1.1420911973296084e-11
0
0
0
0
2.8826594487912117e-11
0
0
0
0
0
0
0
0
0
0
771.28264018786285
758.86893649909234
0
0.009634603298798573
0
0
0.31770568851837711
0.66372788767376456
0
0
69.827342651446443
110.20015035693734
97.032885378083776
0.069746146547057158
0.52693577663612334
0
0
0
27.466938330080122
804.2850735911594
0
53.572079614456399
935.5316269442427
7.8692263165610641e-11
0
1.343757780422678e-11
0
0.29136856100269376
786.43811339456545
0
0.15146381858020569
0.14449582189417146
51.925598304309176
5.9061913924921721e-11
0
206.04189998533627
0
0
0
0
2.0055488436177575
0
0
822.38063456609984
0
0.00088819572707871748
0
4.1795555305671126
3.7424243135639506
1.2134451198702561
0
0
0
0
2.4194680131551616
0
0.16027695770452874
0
0
0
0.00095233890773784578
0
0
0
0
0
0
0
0
0.0069001671603384288
0
124.57387026915696
16.666230851818575
0
291.76156810131596
0
0
0
0.02494394098763441
0
0
0.60498796757266682
0
0
784.63292710625478
0
0
0
0
0
674.92190819344955
3.2624875298965574
0
0
0
1.5825900150599221
2.7683042420466763e-05
0.79349885743394633
2.7873685674066316e-11
0
0
1.5787557662480458
0
0
826.58571124696698
0
8.3619266985610192
233.87731771899539
2084.519022964224
0
0
0
0
0
0
0
0
0
0.31754329317223529
0
0
0
0
52.074967565346206
0
0
0
0
0
0
0
0
0
1.8321249480902185e-11
0
0
0
0
0.42606980474740647
0
1.1409598500522677
0
0
0
0
0
0
0.14259921120494942
0
78.026587023923227
0
0
0
0
0
0
0
0
0
0
0.86105229340069334
0
0
3.0487434167905736
0
9.1415064876399694e-11
0
0
1.0266359153095606
0.99190304524576389
0
0
0
2.7304295862659833
0.42399445429133997
0
0
0.26350817082385403
0.040744765367733693
1.2156913165205825e-11
0
0
0
0
0
0
0
0
0
0
0
0
0.00032652024050330213
0
0.023744787827555118
0
0
0
27.885230178510778
199.16490227442048
0
0.88406778127722174
0
0
926.00384005127785
0
4.2098932657121901
4.1485587401299694e-07
0.3389666023570797
0
0.31163424266917178
0
2.8665493685708623
0
3.7339951143858365
171.77975501153898
2.759262738379856
189.307097648731
0
0
0.20421259993638421
0
0
0.0039252356863524497
0
0
510.90707944209652
1.5898936254371084e-11
213.04627493145162
0
52.244122382275798
0
0
0.15789939318340251
0
0
0.39495024520602906
1147.5237550429281
0
0
0
0
0
0.00067607323743589952
0
0.92971943514290023
0
0
0
2.4804553315469193
0
2.0771637943832932e-11
0
0
0
0
1.0934321752892886e-11
1.1045715951363722e-11
1.8499876723338586
0
0
0
0
0
0
0
0
0
0
0
0
0
0
0
0
0
1.1639978849866637e-07
0
0
0
0
0
0
0.055595997003914287
0
0
0.012060033078268501
0
0
0
0
0
0
1.3728592121658543
0
0
0
0
0
0
0
0
0
0.030375548273411317
0
0
0
0
0.10112743236929812
0
0
0
0
0
0
0
1.8617222603674432e-11
0
0
0
0.43168599291495902
0
0
0
0
0
0
0
0
0
6.2107005105262122e-11
0
0
0.15922252917459526
0
0
0
0
0
0.23865254825860033
0
0
0
0
0.00036449333287496172
0
0
0
0
0
0
0.054012176722911615
0
0
0
0
0
0
0
0
0
0
0
0
0
0
0
0
0
0
0
0
0
0.0022264043489773873
0.075292507795452032
0
0
0
0
0
0
0
0
0
0
14.199985727731635
0.44008559774747935
0
3.3849373953544344
0.0065996642080574331
0.54894820781966214
2.830834096135071e-05
0
1.6655135969929355e-11
2.224354685830912
0
0
0
1.6907252792827674
0
0
0
0
2.1364350902118225
1.3003901507932199e-11
0
0
0.5497677888170871
538.09641200639396
0.097860041971975203
0
0.46455807465471077
0
0
0.028090030313917495
0.071376260606220251
0
2.5943156667789902
0
0.57838307557128166
1082.6233593316342
0
0
0.63501753166952946
5.5601748254334803e-06
1.7048771546702013e-11
1244.3760943315433
0
0
2.9642018759565691
0
0
0
2.036166763749657
0
0.042447360601689604
0
0
0
0
0
0
0
0
0
0
0
0
0
0
0
0
0
0
0
0
0
0
0
0
0
0
0
0
0.166714812776457
0
0
0
0
0
0
0
0
0
0
0
0
0
0
0
0
0
0.12142031031190878
0
0
0
0
0
0
0
0
0
0
0
0
0
0
7.0137744869383761e-11
0
0
0
0
0
0
0
0
0
1.9040059974761549e-11
0
0
0
0
0
0
0
0
0
0
0
0
0
0
0
0
0
0
0
0
0
0
0
0
0
0
0
0
0
0
0
0
0
0
0
0
0
0
0
0
0
0
0
0
0
0
0
0
0
0
0
0
0
0
0
0
0
0
0
0
0
0
0
0
0
0
4.1780325204441464
0
0
0
0
0
0
0
0
0
0
0.7427496384408756
0
0
0
0
6.8742790958106913e-05
0.00020223912143496508
0
0
0
6.0756643624628844e-12
0
0
0.947468805044138
0
3.5229707378460691
0
0
0
0.008196061641799212
0
0.57871952233622181
0.098933737532806848
0.018968453160245136
0
0.013525427680145171
1.5182966899032518e-11
17.916699036083237
0
0
0
0
1108.5694553130847
2.027074810046135e-09
0
269.64695521549243
0.76230806529887873
0
0
0
0
0
0
0
0
0
0.0028449416632027559
0
0
0
0
0
0
0
0
0
0
0
0
0
0
0
0
0
0
0
0
0
0
0
0
0
0
0
0
0
0
0
0
0
0
0
0
0
0
0
0
0
0
0
0
0
0
0
0
0
0
0
0
0
0
0
0
0
0
0
0
0
0
0
0
0
0
0
0
0
0
0
0
0
0
0
0
0
0
0
0
0
0
0
0
0
0
0
0
0
0
0
0
0
0
0
0
0
0
0
0
0
0
0
0
0
0
0
0
0
0
0
0
0
0
0
0
0
0
0
0
0
0
0
0
0
0
0
0
0
0
0
0
0
0
0
0
0
0
0
0
0
0
0
0
4.4898300845683741
0
0
0
0
0
0
0
0
2.595108382826294
0
0
1.7417998599082869
507.58916195578252
3.6212480847214792
0
51.103279208954248
0
68.625413828645549
0
0
0.10634632412051617
0
0
0
0
1.7008834850808788e-09
0
0
0
0
0
0.50248397892030594
0
0
0
0
0
0
0
0
0
8.6202372729508576e-12
0
0
0
0
0
0
0
0
0
0
0
0
0
0
0
0
0
0
0
0
0
0
0
0
0
0
0
0
0
0
0
0
0
0
0
0
0
0
0
0
0
0
0
0
0
0
0
0
0
0
0
0
0
0
0
0
0
0
0
0
0
0
0
0
0
0
0
0
0
3.5787624008041958e-11
0
0
0
0
0
0
0
0
0
0
0
0
0
0
0
0
0
0
0
0
0
0
0
0
0
0
0
0
0
0
0
0
0
0
0
0
0
0
0
0
0
0
0
0
0
0
0
0
0
0
0
0
0
0
0
0
0
0
0
0
0
0
0
0
0
0
0
0
0
0
0
0
0
0
0
0
0
0
0
0
0
0
0
0
0
0
0
0
0
0
0
0
0
0
3.7700118925650382e-06
0
0
0
0
0.006726065332858298
0
5.9631087476519203e-12
0
0.58328788588805425
645.20040217728251
0
0
0
1.6088674655522444
1.3086934250458739
0
0
0
0
0.00057432685202131115
0
0
0
0
0
0
0
0
0
0
0
0
0
0
0
0
0
0
0
0
0
0
0
0
0
0
0
0
0
0
0
0
0
0
0
0
0
0
0
0
0
0
0
0
0
0
0
0
0
0
0
0
0
0
0
0
0
0
0
0
0
0
0
0
0
0
0
0
0
0
0
0
0
0
0
0
0
0
0
0
0
0
0
0
0
0
0
0
0
0
0
0
0
0
0
0
0
0
0
0
0
0
0
0
0
0
0
0
0
0
0
0
0
0
0
0
0
0
0
0
0
0
0
0
0
0
0
0
0
0
0
0
0
0
0
0
0
0
0
0
0
0
0
0
0
0
0
0
0
0
0
0
0
0
0
0
0
0
0
0
0
0
0
0
0
0
0
0
0
0
0
0
0
0
0
0
0
0
1.8504264185618858e-11
0
0.096024576218020546
0
0
0.21511336002255277
0
0
0
0
0
0
0
0
0
0
0
0
0
0
0
0
0
0
0
0
0
0
0
0
0
0
0
0
0
0
0
0
0
0
0
0
0
0
0
0
0
0
0
0
0
0
0
0
0
0
0
0
0
0
0
0
0
0
0
0
0
0
0
0
0
0
0
0
0
0
0
0
0
0
0
0
0
0
0
0
0
0
0
0
0
0
0
0
0
0
0
0
0
0
0
0
0
0
0
0
0
0
0
0
0
0
0
0
0
0
0
0
0
0
0
0
0
0
0
0
0
0
0
0
0
0
0
0
0
0
0
0
0
0
0
0
0
0
0
0
0
0
0
0
0
0
0
0
0
0
0
0
0
0
0
0
0
0
0
0
0
0
0
0
0
0
0
0
0
0
0
0
0
0
0
0
0
0
0
0
0
0
0
0
0
0
0
0
0
0
0
0
4.8233588247991506
0
0
0
0
0
0
0
0
1.1756079359020978e-11
0
0
0
0
0.19606376220418387
0
0
0
0
0
0
0
0
0
0
0
0
0
0
0
0
0
0
0
0
0
0
0
0
0
0
0
0
0
0
0
0
0
0
0
0
0
0
0
0
0
0
0
0
0
0
0
0
0
0
0
0
0
0
0
0
0
0
0
0
0
0
0
0
0
0
0
0
0
0
0
0
0
0
0
0
0
0
0
0
0
0
0
0
0
0
0
0
0
0
0
0
0
0
0
0
0
0
0
0
0
0
0
0
0
0
0
0
0
0
0
0
0
0
0
0
0
0
0
0
0
0
0
0
0
0
0
0
0
0
0
0
0
0
0
0
0
0
0
0
0
0
0
0
0
0
0
0
0
0
0
0
0
0
0
0
0
0
0
0
0
0
0
0
0
0
0
0
0
0
0
0
0
0
0
0
0
0
0
4.3383457619998875
0
304.75093496330379
0
0
0
0.081455243147956657
6.2858509619311649e-05
0
0
0
0
0
0
0
0
0
0
0
0
0
0
0
0
0
0
0
0
0
0
0
0
0
0
0
0
0
0
0
0
0
0
0
0
0
0
0
0
0
0
0
0
0
0
0
0
0
0
0
0
0
0
0
0
0
0
0
0
0
0
0
0
0
0
0
0
0
0
0
0
0
0
0
0
0
0
0
0
0
0
0
0
0
0
0
0
0
0
0
0
0
0
0
0
0
0
0
0
0
0
0
0
0
0
0
0
0
0
0
0
0
0
0
0
0
0
0
0
0
0
0
0
0
0
0
0
0
0
0
0
0
0
0
0
0
0
0
0
0
0
0
0
0
0
0
0
0
0
0
0
0
0
0
0
0
0
0
0
0
0
0
0
0
0
0
0
0
0
0
0
0
0
0
0
0
0
0
0
0
0
0
0
0
0
0
0
0
0
0
0
0
0.0022344361236583741
0
0
0
0
0
0
0
0
0
0
0
0
0
0
0
0
0
0
0
0
0
0
0
0
0
0
0
0
0
0
0
0
0
0
0
0
0
0
0
0
0
0
0
0
0
0
0
0
0
0
0
0
0
0
0
0
0
0
0
0
0
0
0
0
0
0
0
0
0
0
0
0
0
0
0
0
0
0
0
0
0
0
0
0
0
0
0
0
0
0
0
0
0
0
0
0
0
0
0
0
0
0
0
0
0
0
0
0
0
0
0
0
0
0
0
0
0
0
0
0
0
0
0
0
0
0
0
0
0
0
0
0
0
0
0
0
0
0
0
0
0
0
0
0
0
0
0
0
0
0
0
0
0
0
0
0
0
0
0
0
0
0
0
0
0
0
0
0
0
0
0
0
0
0
0
0
0
0
0
0
0
0
0
0
0
0
0
0
0
0
0
0
0
0
0
0
0
0
0
0
0
0
0
0
0
0
0
0
0
0
0
0
0
0
0
0
0
0
0
0
0
0
0
0
0
0
0
0
0
0
0
0
0
0
0
0
0
0
0
0
0
0
0
0
0
0
0
0
0
0
0
0
0
0
0
0
0
0
0
0
0
0
0
0
0
0
0
0
0
0
0
0
0
0
0
0
0
0
0
0
0
0
0
0
0
0
0
0
0
0
0
0
0
0
0
0
0
0
0
0
0
0
0
0
0
0
0
0
0
0
0
0
0
0
0
0
0
0
0
0
0
0
0
0
0
0
0
0
0
0
0
0
0
0
0
0
0
0
0
0
0
0
0
0
0
0
0
0
0
0
0
0
0
0
0
0
0
0
0
0
0
0
0
0
0
0
0
0
0
0
0
0
0
0
0
0
0
0
0
0
0
0
0
0
0
0
0
0
0
0
0
0
0
0
0
0
0
0
0
0
0
0
0
0
0
0
0
0
0
0
0
0
0
0
0
0
0
0
0
0
0
0
0
0
0
0
0
0
0
0
0
0
0
0
0
0
0
0
0
0
0
0
0
0
0
0
0
0
0
0
0
0
0
0
0
0
0
0
0
0
0
0
0
0
0
0
0
0
0
0
0
0
0
0
0
0
0
0
0
0
0
0
0
0
0
0
0
0
0
0
0
0
0
0
0
0
0
0
0
0
0
0
0
0
0
0
0
0
0
0
0
0
0
0
0
0
0
0
0
0
0
0
0
0
0
0
0
0
0
0
0
0
0
0
0
0
0
0
0
0
0
0
0
0
0
0
0
0
0
0
0
0
0
0
0
0
0
0
0
0
0
0
0
0
0
0
0
0
0
0
0
0
0
0
0
0
0
0
0
0
0
0
0
0
0
0
0
0
0
0
0
0
0
0
0
0
0
0
0
0
0
0
0
0
0
0
0
0
0
0
0
0
0
0
0
0
0
0
0
0
0
0
0
0
0
0
0
0
0
0
0
0
0
0
0
0
0
0
0
0
0
0
0
0
0
0
0
0
0
0
0
0
0
0
0
0
0
0
0
0
0
0
0
0
0
0
0
0
0
0
0
0
0
0
0
0
0
0
0
0
0
0
0
0
0
0
0
0
0
0
0
0
0
0
0
0
0
0
0
0
0
0
0
0
0
0
0
0
0
0
0
0
0
0
0
0
0
0
0
0
0
0
0
0
0
0
0
0
0
0
0
0
0
0
0
0
0
0
0
0
0
0
0
0
0
0
0
0
0
0
0
0
0
0
0
0
0
0
0
0
0
0
0
0
0
0
0
0
0
0
0
0
0
0
0
0
0
0
0
0
0
0
0
0
0
0
0
0
0
0
0
0
0
0
0
0
0
0
0
0
0
0
0
0
0
0
0
0
0
0
0
0
0
0
0
0
0
0
0
0
0
0
0
0
0
0
0
0
0
0
0
0
0
0
0
0
0
0
0
0
0
0
0
0
0
0
0
0
0
0
0
0
0
0
0
0
0
0
0
0
0
0
0
0
0
0
0
0
0
0
0
0
0
0
0
0
0
0
0
0
0
0
0
0
0
0
0
0
0
0
0
0
0
0
0
0
0
0
0
0
0
0
0
0
0
0
0
0
0
0
0
0
0
0
0
0
0
0
0
0
0
0
0
0
0
0
0
0
0
0
0
0
0
0
0
0
0
0
0
0
0
0
0
0
0
0
0
0
0
0
0
0
0
0
0
0
0
0
0
0
0
0
0
0
0
0
0
0
0
0
0
0
0
0
0
0
0
0
0
0
0
0
0
0
0
0
0
0
0
0
0
0
0
0
0
0
0
0
0
0
0
0
0
0
0
0
0
0
0
0
0
0
0
0
0
0
0
0
0
0
0
0
0
0
0
0
0
0
0
0
0
0
0
0
0
0
0
0
0
0
0
0
0
0
0
0
0
0
0
0
0
0
0
0
0
0
0
0
0
0
0
0
0
0
0
0
0
0
0
0
0
0
0
0
0
0
0
0
0
0
0
0
0
0
0
0
0
0
0
0
0
0
0
0
0
0
0
0
0
0
0
0
0
0
0
0
0
0
0
0
0
0
0
0
0
0
0
0
0
0
0
0
0
0
0
0
0
0
0
0
0
0
0
0
0
0
0
0
0
0
0
0
0
0
0
0
0
0
0
0
0
0
0
0
0
0
0
0
0
0
0
0
0
0
0
0
0
0
0
0
0
0
0
0
0
0
0
0
0
0
0
0
0
0
0
0
0
0
0
0
0
0
0
0
0
0
0
0
0
0
0
0
0
0
0
0
0
0
0
0
0
0
0
0
0
0
0
0
0
0
0
0
0
0
0
0
0
0
0
0
0
0
0
0
0
0
0
0
0
0
0
0
0
0
0
0
0
0
0
0
0
0
0
0
0
0
0
0
0
0
0
0
0
0
0
0
0
0
0
0
0
0
0
0
0
0
0
0
0
0
0
0
0
0
0
0
0
0
0
0
0
0
0
0
0
0
0
0
0
0
0
0
0
0
0
0
0
0
0
0
0
0
0
0
0
0
0
0
0
0
0
0
0
0
0
0
0
0
0
0
0
0
0
0
0
0
0
0
0
0
0
0
0
0
0
0
0
0
0
0
0
0
0
0
0
0
0
0
0
0
0
0
0
0
0
0
0
0
0
0
0
0
0
0
0
0
0
0
0
0
0
0
0
0
0
0
0
0
0
0
0
0
0
0
0
0
0
0
0
0
0
0
0
0
0
0
0
0
0
0
0
0
0
0
0
0
0
0
0
0
0
0
0
0
0
0
0
0
0
0
0
0
0
0
0
0
0
0
0
0
0
0
0
0
0
0
0
0
0
0
0
0
0
0
0
0
0
0
0
0
0
0
0
0
0
0
0
0
0
0
0
0
0
0
0
0
0
0
0
0
0
0
0
0
0
0
0
0
0
0
0
0
0
0
0
0
0
0
0
0
0
0
0
0
0
0
0
0
0
0
0
0
0
0
0
0
0
0
0
0
0
0
0
0
0
0
0
0
0
0
0
0
0
0
0
0
0
0
0
0
0
0
0
0
0
0
0
0
0
0
0
0
0
0
0
0
0
0
0
0
0
0
0
0
0
0
0
0
0
0
0
0
0
0
0
0
0
0
0
0
0
0
0
0
0
0
0
0
0
0
0
0
0
0
0
0
0
)
;

boundaryField
{
    inlet
    {
        type            zeroGradient;
    }
    outlet
    {
        type            zeroGradient;
    }
    wall
    {
        type            zeroGradient;
    }
    wedgeBack
    {
        type            wedge;
    }
    wedgeFront
    {
        type            wedge;
    }
    defaultFaces
    {
        type            empty;
    }
}


// ************************************************************************* //
