/*--------------------------------*- C++ -*----------------------------------*\
  =========                 |
  \\      /  F ield         | OpenFOAM: The Open Source CFD Toolbox
   \\    /   O peration     | Website:  https://openfoam.org
    \\  /    A nd           | Version:  10
     \\/     M anipulation  |
\*---------------------------------------------------------------------------*/
FoamFile
{
    format      ascii;
    class       volVectorField;
    location    "0.0003";
    object      U;
}
// * * * * * * * * * * * * * * * * * * * * * * * * * * * * * * * * * * * * * //

dimensions      [0 1 -1 0 0 0 0];

internalField   nonuniform List<vector> 
100
(
(0.90948139596519 2.2141585569742e-23 2.2141585569742e-23)
(0.90947645272971 1.1236573375252e-22 1.1236573375252e-22)
(0.9094757066053 3.9856993734255e-22 3.9856993734255e-22)
(0.90947183311087 4.816022059531e-22 4.816022059531e-22)
(0.9094666081363 2.1996969048545e-22 2.1996969048545e-22)
(0.90945858485432 -3.0922706073482e-24 -3.0922706073482e-24)
(0.9094466321302 -2.0957233529033e-22 -2.0957233529033e-22)
(0.90943072651313 -1.2890866313239e-22 -1.2890866313239e-22)
(0.90941703600666 1.1769392008948e-22 1.1769392008948e-22)
(0.90940865326489 7.6045232126868e-23 7.6045232126868e-23)
(0.90940428643259 -6.3189758707569e-23 -6.3189758707569e-23)
(0.9094022990185 -1.227822818886e-22 -1.227822818886e-22)
(0.90940149441329 -9.9310062276942e-23 -9.9310062276942e-23)
(0.90940120062373 1.8801394339082e-23 1.8801394339082e-23)
(0.90940110285043 3.4954685676877e-22 3.4954685676877e-22)
(0.9094010729301 3.0928150516713e-22 3.0928150516713e-22)
(0.90940106445128 -1.6040964470728e-22 -1.6040964470728e-22)
(0.90940106221301 -8.7981814505439e-23 -8.7981814505439e-23)
(0.90940106165981 2.1858982530511e-22 2.1858982530511e-22)
(0.90940106153133 -1.1135959725063e-22 -1.1135959725063e-22)
(0.90940106150311 -2.7466820054799e-22 -2.7466820054799e-22)
(0.90940106149724 1.2894732976022e-22 1.2894732976022e-22)
(0.90940106149606 1.1020944577985e-22 1.1020944577985e-22)
(0.90940106149587 -3.8561100548015e-23 -3.8561100548015e-23)
(0.90940106149585 1.3673611770953e-22 1.3673611770953e-22)
(0.90940106149585 -1.7475454507691e-22 -1.7475454507691e-22)
(0.90940106149585 -2.886344502356e-22 -2.886344502356e-22)
(0.90940106149586 8.7105632911944e-24 8.7105632911944e-24)
(0.90940106149582 -1.3151726363354e-22 -1.3151726363354e-22)
(0.90940106149584 -2.1542482925605e-22 -2.1542482925605e-22)
(0.90940106149585 1.4828177229797e-22 1.4828177229797e-22)
(0.90940106149585 1.0357018962181e-22 1.0357018962181e-22)
(0.90940106149585 6.4673745109248e-23 6.4673745109248e-23)
(0.90940106149586 8.0324555265714e-23 8.0324555265714e-23)
(0.90940106149582 -2.6171492580621e-22 -2.6171492580621e-22)
(0.90940106149585 2.4345096882424e-23 2.4345096882424e-23)
(0.90940106149584 3.5960392438707e-22 3.5960392438707e-22)
(0.90940106149586 1.1575421607748e-22 1.1575421607748e-22)
(0.90940106149584 -1.2547057259091e-22 -1.2547057259091e-22)
(0.90940106149586 2.1917490282514e-23 2.1917490282514e-23)
(0.90940106149583 -9.5051332220995e-24 -9.5051332220995e-24)
(0.90940106149584 8.1774152973747e-23 8.1774152973747e-23)
(0.90940106149585 5.8169075349148e-23 5.8169075349148e-23)
(0.90940106149585 -2.4567975482964e-22 -2.4567975482964e-22)
(0.90940106149585 -1.7862211360187e-22 -1.7862211360187e-22)
(0.90940106149586 -3.9086406837531e-22 -3.9086406837531e-22)
(0.90940106149583 1.4712672362464e-23 1.4712672362464e-23)
(0.90940106149584 4.1217868229409e-22 4.1217868229409e-22)
(0.90940106149585 1.6003711244215e-22 1.6003711244215e-22)
(0.90940106149585 1.5978256346953e-22 1.5978256346953e-22)
(0.90940106149585 8.8282496885651e-23 8.8282496885651e-23)
(0.90940106149585 1.3553922515208e-23 1.3553922515208e-23)
(0.90940106149585 -3.6684967482926e-25 -3.6684967482926e-25)
(0.90940106149585 1.3814388694269e-22 1.3814388694269e-22)
(0.90940106149585 -6.4838594205684e-23 -6.4838594205684e-23)
(0.90940106149585 -7.2751338303462e-23 -7.2751338303462e-23)
(0.90940106149584 -5.5293631679045e-23 -5.5293631679045e-23)
(0.90940106149584 -4.2663677813976e-22 -4.2663677813976e-22)
(0.90940106149583 -1.0514911121854e-22 -1.0514911121854e-22)
(0.90940106149584 1.1492464141234e-22 1.1492464141234e-22)
(0.90940106149582 -4.0812943953636e-23 -4.0812943953636e-23)
(0.90940106149584 -6.8254903251142e-23 -6.8254903251142e-23)
(0.90940106149582 1.5700124379509e-22 1.5700124379509e-22)
(0.90940106149584 2.3843921203555e-22 2.3843921203555e-22)
(0.90940106149582 -2.7510325629411e-22 -2.7510325629411e-22)
(0.90940106149584 -6.1213389111281e-22 -6.1213389111281e-22)
(0.90940106149582 -3.8697342283696e-24 -3.8697342283696e-24)
(0.90940106149584 4.2328908470395e-22 4.2328908470395e-22)
(0.90940106149582 1.6628214462427e-22 1.6628214462427e-22)
(0.90940106149584 3.0105851715151e-22 3.0105851715151e-22)
(0.90940106149581 8.4803371044226e-23 8.4803371044226e-23)
(0.90940106149584 -4.1198639806993e-22 -4.1198639806993e-22)
(0.90940106149585 -1.3888261599896e-22 -1.3888261599896e-22)
(0.90940106149584 1.613008290624e-22 1.613008290624e-22)
(0.90940106149582 2.4943273278271e-22 2.4943273278271e-22)
(0.90940106149583 2.3759899578476e-22 2.3759899578476e-22)
(0.90940106149568 -5.2449031038684e-23 -5.2449031038684e-23)
(0.90940106149461 -8.1759272299108e-23 -8.1759272299108e-23)
(0.90940106148882 3.9621482143451e-23 3.9621482143451e-23)
(0.90940106145939 -1.1150166862957e-22 -1.1150166862957e-22)
(0.90940106131623 -1.8489206111105e-22 -1.8489206111105e-22)
(0.9094010606562 -4.9244470819643e-23 -4.9244470819643e-23)
(0.90940105778313 -6.7740615707572e-23 -6.7740615707572e-23)
(0.90940104601595 -1.1094676877261e-22 -1.1094676877261e-22)
(0.90940100084685 -2.6724552191499e-23 -2.6724552191499e-23)
(0.90940083910036 -9.8804571859407e-23 -9.8804571859407e-23)
(0.9094003015447 4.4266398974058e-24 4.4266398974058e-24)
(0.90939865309077 1.2857988619165e-22 1.2857988619165e-22)
(0.90939402065157 1.4271496031595e-22 1.4271496031595e-22)
(0.90938217877721 2.8863349940465e-23 2.8863349940465e-23)
(0.90935487597194 -1.9121437065853e-22 -1.9121437065853e-22)
(0.90929861985131 -1.0110202785507e-22 -1.0110202785507e-22)
(0.90919602887073 -3.6550229924158e-23 -3.6550229924158e-23)
(0.90903163558415 -8.078328862058e-23 -8.078328862058e-23)
(0.90880090656041 2.2802982277362e-22 2.2802982277362e-22)
(0.9085103489642 2.6007790626304e-22 2.6007790626304e-22)
(0.908176390003 -4.0660255229257e-23 -4.0660255229257e-23)
(0.90776851805381 -4.5099411688988e-23 -4.5099411688988e-23)
(0.90754356500916 -3.1658179105363e-22 -3.1658179105363e-22)
(0.90659523651718 -5.1596335806918e-22 -5.1596335806918e-22)
)
;

boundaryField
{
    left
    {
        type            zeroGradient;
    }
    right
    {
        type            zeroGradient;
    }
    sides
    {
        type            empty;
    }
}


// ************************************************************************* //
