/*--------------------------------*- C++ -*----------------------------------*\
  =========                 |
  \\      /  F ield         | OpenFOAM: The Open Source CFD Toolbox
   \\    /   O peration     | Website:  https://openfoam.org
    \\  /    A nd           | Version:  10
     \\/     M anipulation  |
\*---------------------------------------------------------------------------*/
FoamFile
{
    format      ascii;
    class       volVectorField;
    location    "0.0003";
    object      Us;
}
// * * * * * * * * * * * * * * * * * * * * * * * * * * * * * * * * * * * * * //

dimensions      [0 1 -1 0 0 0 0];

internalField   nonuniform List<vector> 
100
(
(0.90688228542932 -8.6206059150346e-23 -8.6206059150346e-23)
(0.90687153889222 9.1607767668701e-23 9.1607767668701e-23)
(0.90686917646383 3.2883047224543e-22 3.2883047224543e-22)
(0.90686164353483 4.0665607455964e-22 4.0665607455964e-22)
(0.90685278253859 2.7904389660584e-22 2.7904389660584e-22)
(0.90684159825392 -4.842141090694e-23 -4.842141090694e-23)
(0.90682945993457 -1.9148220212735e-22 -1.9148220212735e-22)
(0.90681883863651 -1.2716585039496e-22 -1.2716585039496e-22)
(0.90681199994148 2.6908507137513e-23 2.6908507137513e-23)
(0.90680838325371 1.1274107621781e-22 1.1274107621781e-22)
(0.90680671201277 5.1494748760032e-23 5.1494748760032e-23)
(0.90680602523841 -1.1981571792884e-22 -1.1981571792884e-22)
(0.90680577089246 -9.2124168381964e-23 -9.2124168381964e-23)
(0.90680568509351 9.6317592065669e-23 9.6317592065669e-23)
(0.906805658504 1.9215789742892e-22 1.9215789742892e-22)
(0.90680565087889 2.0904793421533e-22 2.0904793421533e-22)
(0.9068056488433 5.2711535332535e-24 5.2711535332535e-24)
(0.90680564833477 -6.1358057986913e-23 -6.1358057986913e-23)
(0.90680564821544 3.3319376017198e-24 3.3319376017198e-24)
(0.90680564818904 -1.5300673498763e-22 -1.5300673498763e-22)
(0.90680564818349 -1.368342640321e-22 -1.368342640321e-22)
(0.90680564818238 5.3187870170971e-23 5.3187870170971e-23)
(0.90680564818218 4.1056419872938e-23 4.1056419872938e-23)
(0.90680564818216 1.0172527396528e-22 1.0172527396528e-22)
(0.90680564818215 1.7327082205663e-23 1.7327082205663e-23)
(0.90680564818215 -2.4354962219378e-22 -2.4354962219378e-22)
(0.90680564818216 -1.9127362000303e-22 -1.9127362000303e-22)
(0.90680564818216 -3.8371082348853e-23 -3.8371082348853e-23)
(0.90680564818213 -8.397206487736e-24 -8.397206487736e-24)
(0.90680564818215 -1.6947074888895e-23 -1.6947074888895e-23)
(0.90680564818215 9.3542499800403e-23 9.3542499800403e-23)
(0.90680564818215 1.8790960299734e-23 1.8790960299734e-23)
(0.90680564818215 8.2239975726873e-23 8.2239975726873e-23)
(0.90680564818216 6.4641085978358e-23 6.4641085978358e-23)
(0.90680564818213 -2.3144976652201e-22 -2.3144976652201e-22)
(0.90680564818215 4.0824640038385e-24 4.0824640038385e-24)
(0.90680564818215 2.7418370760401e-22 2.7418370760401e-22)
(0.90680564818216 5.7405645418065e-23 5.7405645418065e-23)
(0.90680564818214 -4.5262726076363e-23 -4.5262726076363e-23)
(0.90680564818217 1.5369143667209e-22 1.5369143667209e-22)
(0.90680564818214 1.7560636919146e-22 1.7560636919146e-22)
(0.90680564818215 -9.1370266101731e-23 -9.1370266101731e-23)
(0.90680564818215 -1.6928056688609e-22 -1.6928056688609e-22)
(0.90680564818215 -1.3526739203915e-22 -1.3526739203915e-22)
(0.90680564818215 -1.6212391191542e-22 -1.6212391191542e-22)
(0.90680564818216 -2.1526236020822e-22 -2.1526236020822e-22)
(0.90680564818214 4.410653195058e-23 4.410653195058e-23)
(0.90680564818215 1.8862890627639e-22 1.8862890627639e-22)
(0.90680564818215 1.8395845516336e-22 1.8395845516336e-22)
(0.90680564818215 1.640467900867e-22 1.640467900867e-22)
(0.90680564818215 2.0901873696729e-24 2.0901873696729e-24)
(0.90680564818215 3.0932930006209e-23 3.0932930006209e-23)
(0.90680564818215 7.1465991493325e-23 7.1465991493325e-23)
(0.90680564818215 1.2178359018315e-22 1.2178359018315e-22)
(0.90680564818215 8.251165064409e-23 8.251165064409e-23)
(0.90680564818215 -1.1997328664817e-22 -1.1997328664817e-22)
(0.90680564818215 -3.2144676764804e-22 -3.2144676764804e-22)
(0.90680564818215 -3.6709102116003e-22 -3.6709102116003e-22)
(0.90680564818213 -4.4557824445308e-23 -4.4557824445308e-23)
(0.90680564818215 1.3554836808853e-22 1.3554836808853e-22)
(0.90680564818213 8.9151957091769e-24 8.9151957091769e-24)
(0.90680564818214 -1.0502045879356e-22 -1.0502045879356e-22)
(0.90680564818213 2.697377545167e-23 2.697377545167e-23)
(0.90680564818214 1.9280529853767e-22 1.9280529853767e-22)
(0.90680564818213 -5.6053601443797e-23 -5.6053601443797e-23)
(0.90680564818214 -3.2695417100636e-22 -3.2695417100636e-22)
(0.90680564818213 -1.1025339572982e-22 -1.1025339572982e-22)
(0.90680564818214 3.4782891974816e-23 3.4782891974816e-23)
(0.90680564818213 -4.0200300211968e-23 -4.0200300211968e-23)
(0.90680564818215 3.5309634355851e-22 3.5309634355851e-22)
(0.90680564818213 3.3035839986738e-22 3.3035839986738e-22)
(0.90680564818214 -1.7995799814715e-22 -1.7995799814715e-22)
(0.90680564818215 -1.3475213208949e-22 -1.3475213208949e-22)
(0.90680564818215 1.9789587719549e-23 1.9789587719549e-23)
(0.90680564818213 1.9427394076417e-22 1.9427394076417e-22)
(0.90680564818215 3.1985806009057e-22 3.1985806009057e-22)
(0.90680564818213 2.1443081991789e-23 2.1443081991789e-23)
(0.90680564818196 -1.2246642907449e-22 -1.2246642907449e-22)
(0.90680564818093 -1.1471729703076e-23 -1.1471729703076e-23)
(0.90680564817555 -8.8209519434794e-23 -8.8209519434794e-23)
(0.90680564814809 -1.4458459535388e-22 -1.4458459535388e-22)
(0.90680564801553 -6.8325383081724e-23 -6.8325383081724e-23)
(0.90680564740956 -7.8978312862948e-23 -7.8978312862948e-23)
(0.90680564479617 -1.7190926306788e-22 -1.7190926306788e-22)
(0.90680563419344 -1.0756173155125e-22 -1.0756173155125e-22)
(0.90680559390448 -1.4728508956147e-23 -1.4728508956147e-23)
(0.90680545116672 8.890247340975e-23 8.890247340975e-23)
(0.90680498210287 1.3800895568972e-22 1.3800895568972e-22)
(0.90680356075766 3.252281042431e-23 3.252281042431e-23)
(0.90679961540066 -2.1439880503192e-23 -2.1439880503192e-23)
(0.90678965623185 -1.3476342881894e-22 -1.3476342881894e-22)
(0.9067669753037 -2.1267481329964e-23 -2.1267481329964e-23)
(0.90672077116797 5.7366165135594e-23 5.7366165135594e-23)
(0.90663717328646 -4.3203406425083e-25 -4.3203406425083e-25)
(0.90650377717576 1.6748748273228e-22 1.6748748273228e-22)
(0.90631384817513 1.4096816696409e-22 1.4096816696409e-22)
(0.90607480813897 -3.323007506536e-23 -3.323007506536e-23)
(0.90577023867452 -1.4104055736776e-22 -1.4104055736776e-22)
(0.90559518618231 -2.8810442829435e-22 -2.8810442829435e-22)
(0.88084317116445 -3.7298322134124e-22 -3.7298322134124e-22)
)
;

boundaryField
{
    left
    {
        type            zeroGradient;
    }
    right
    {
        type            zeroGradient;
    }
    sides
    {
        type            empty;
    }
}


// ************************************************************************* //
