/*--------------------------------*- C++ -*----------------------------------*\
  =========                 |
  \\      /  F ield         | OpenFOAM: The Open Source CFD Toolbox
   \\    /   O peration     | Website:  https://openfoam.org
    \\  /    A nd           | Version:  10
     \\/     M anipulation  |
\*---------------------------------------------------------------------------*/
FoamFile
{
    format      ascii;
    class       volVectorField;
    location    "8e-05";
    object      U;
}
// * * * * * * * * * * * * * * * * * * * * * * * * * * * * * * * * * * * * * //

dimensions      [0 1 -1 0 0 0 0];

internalField   nonuniform List<vector> 
100
(
(0.92769218856269 3.9166188998937e-23 3.9166188998937e-23)
(0.92766570313027 1.2017151737397e-23 1.2017151737397e-23)
(0.92766225318301 3.0568141167997e-23 3.0568141167997e-23)
(0.92766182950751 2.5581487647351e-22 2.5581487647351e-22)
(0.92766179771772 6.8424881051287e-23 6.8424881051287e-23)
(0.92766179586552 2.6494313013319e-23 2.6494313013319e-23)
(0.92766179577801 6.5023641526451e-23 6.5023641526451e-23)
(0.92766179577456 -2.504006494021e-22 -2.504006494021e-22)
(0.92766179577444 6.3686290334636e-23 6.3686290334636e-23)
(0.92766179577444 1.561208394086e-22 1.561208394086e-22)
(0.92766179577443 -1.1606957598173e-22 -1.1606957598173e-22)
(0.92766179577443 -1.2802155535139e-22 -1.2802155535139e-22)
(0.92766179577444 -1.3501702465158e-22 -1.3501702465158e-22)
(0.92766179577444 3.7639933520486e-24 3.7639933520486e-24)
(0.92766179577444 2.6004053718692e-22 2.6004053718692e-22)
(0.92766179577444 1.8306189439986e-22 1.8306189439986e-22)
(0.92766179577444 -2.0062601065297e-22 -2.0062601065297e-22)
(0.92766179577444 1.2119316983288e-23 1.2119316983288e-23)
(0.92766179577444 2.635330962151e-22 2.635330962151e-22)
(0.92766179577444 -5.8728503071346e-24 -5.8728503071346e-24)
(0.92766179577444 1.9604983020016e-23 1.9604983020016e-23)
(0.92766179577444 1.1534257867236e-22 1.1534257867236e-22)
(0.92766179577444 -1.2077232506155e-22 -1.2077232506155e-22)
(0.92766179577444 -1.922746396955e-23 -1.922746396955e-23)
(0.92766179577444 6.9018699305588e-23 6.9018699305588e-23)
(0.92766179577444 -1.2650695818862e-22 -1.2650695818862e-22)
(0.92766179577443 -8.3227039899757e-23 -8.3227039899757e-23)
(0.92766179577444 -1.6311458783092e-22 -1.6311458783092e-22)
(0.92766179577443 -9.558659315205e-23 -9.558659315205e-23)
(0.92766179577444 1.5314941311044e-23 1.5314941311044e-23)
(0.92766179577444 1.3048562759731e-22 1.3048562759731e-22)
(0.92766179577444 1.4550811827515e-22 1.4550811827515e-22)
(0.92766179577443 -1.38224073224e-22 -1.38224073224e-22)
(0.92766179577444 -6.2544429759872e-23 -6.2544429759872e-23)
(0.92766179577443 -1.9616152026761e-22 -1.9616152026761e-22)
(0.92766179577444 -2.0504760100305e-22 -2.0504760100305e-22)
(0.92766179577443 -6.525683424711e-23 -6.525683424711e-23)
(0.92766179577444 7.2502599115913e-23 7.2502599115913e-23)
(0.92766179577444 2.8288086348056e-22 2.8288086348056e-22)
(0.92766179577444 3.0462110216233e-22 3.0462110216233e-22)
(0.92766179577443 1.2948746769602e-22 1.2948746769602e-22)
(0.92766179577444 -2.3826812201588e-22 -2.3826812201588e-22)
(0.92766179577444 -2.3246394084775e-23 -2.3246394084775e-23)
(0.92766179577444 1.3322550830617e-22 1.3322550830617e-22)
(0.92766179577443 -1.3411251438723e-22 -1.3411251438723e-22)
(0.92766179577444 -2.8970248070659e-23 -2.8970248070659e-23)
(0.92766179577443 2.4197184000898e-23 2.4197184000898e-23)
(0.92766179577444 -1.1087010769938e-22 -1.1087010769938e-22)
(0.92766179577444 1.2042638101224e-22 1.2042638101224e-22)
(0.92766179577444 2.3107569949893e-22 2.3107569949893e-22)
(0.92766179577444 3.1392975098623e-23 3.1392975098623e-23)
(0.92766179577444 1.6750931597052e-24 1.6750931597052e-24)
(0.92766179577444 1.6397865189826e-24 1.6397865189826e-24)
(0.92766179577444 1.669441664419e-23 1.669441664419e-23)
(0.92766179577444 4.7005886209198e-23 4.7005886209198e-23)
(0.92766179577444 -1.151165567756e-22 -1.151165567756e-22)
(0.92766179577444 -1.6060825693447e-22 -1.6060825693447e-22)
(0.92766179577444 -1.3512280842643e-22 -1.3512280842643e-22)
(0.92766179577443 -3.1576099841319e-22 -3.1576099841319e-22)
(0.92766179577444 -8.3419447186881e-23 -8.3419447186881e-23)
(0.92766179577443 -1.5335050452299e-23 -1.5335050452299e-23)
(0.92766179577444 1.930426677751e-23 1.930426677751e-23)
(0.92766179577443 -3.0042270988333e-26 -3.0042270988333e-26)
(0.92766179577444 -1.9831244844319e-23 -1.9831244844319e-23)
(0.92766179577443 -9.9700626726506e-25 -9.9700626726506e-25)
(0.92766179577444 2.9768660146615e-24 2.9768660146615e-24)
(0.92766179577443 -8.7230370596222e-23 -8.7230370596222e-23)
(0.92766179577443 -2.435040677225e-22 -2.435040677225e-22)
(0.92766179577443 5.3130341415544e-23 5.3130341415544e-23)
(0.92766179577444 1.5667517976783e-22 1.5667517976783e-22)
(0.92766179577443 2.534265952149e-22 2.534265952149e-22)
(0.92766179577444 9.9016905407289e-23 9.9016905407289e-23)
(0.92766179577444 -1.306984230856e-22 -1.306984230856e-22)
(0.92766179577444 1.0646252583541e-22 1.0646252583541e-22)
(0.92766179577443 2.6477913952033e-22 2.6477913952033e-22)
(0.92766179577444 -1.0159964646376e-22 -1.0159964646376e-22)
(0.92766179577444 -2.6793137033437e-22 -2.6793137033437e-22)
(0.92766179577444 9.8437250693993e-23 9.8437250693993e-23)
(0.92766179577443 2.8384863863838e-22 2.8384863863838e-22)
(0.92766179577444 2.3409279040443e-23 2.3409279040443e-23)
(0.92766179577444 -6.7099700783985e-23 -6.7099700783985e-23)
(0.92766179577444 8.2487876050265e-23 8.2487876050265e-23)
(0.92766179577444 -1.0735496217532e-22 -1.0735496217532e-22)
(0.92766179577443 -3.1504898223309e-22 -3.1504898223309e-22)
(0.92766179577444 -6.3493396147581e-23 -6.3493396147581e-23)
(0.92766179577443 -1.6899044464321e-23 -1.6899044464321e-23)
(0.92766179577444 -1.2386452630794e-24 -1.2386452630794e-24)
(0.92766179577443 -4.7147386935241e-26 -4.7147386935241e-26)
(0.92766179577444 1.0816000120732e-25 1.0816000120732e-25)
(0.92766179577443 2.1621647802648e-24 2.1621647802648e-24)
(0.92766179577444 -2.1424437749392e-23 -2.1424437749392e-23)
(0.92766179577442 -5.0632015652841e-23 -5.0632015652841e-23)
(0.92766179577399 -2.0115740590762e-22 -2.0115740590762e-22)
(0.92766179576047 1.26358092678e-22 1.26358092678e-22)
(0.9276617953975 2.934554772605e-22 2.934554772605e-22)
(0.92766178717542 1.6557117353324e-22 1.6557117353324e-22)
(0.92766163442806 -3.821382286876e-23 -3.821382286876e-23)
(0.92765940136335 -1.7050213015869e-22 -1.7050213015869e-22)
(0.92763922064534 -7.7208927820086e-23 -7.7208927820086e-23)
(0.92748662472305 6.570863351009e-24 6.570863351009e-24)
)
;

boundaryField
{
    left
    {
        type            zeroGradient;
    }
    right
    {
        type            zeroGradient;
    }
    sides
    {
        type            empty;
    }
}


// ************************************************************************* //
