/*--------------------------------*- C++ -*----------------------------------*\
  =========                 |
  \\      /  F ield         | OpenFOAM: The Open Source CFD Toolbox
   \\    /   O peration     | Website:  https://openfoam.org
    \\  /    A nd           | Version:  10
     \\/     M anipulation  |
\*---------------------------------------------------------------------------*/
FoamFile
{
    format      ascii;
    class       volVectorField;
    location    "8e-05";
    object      Us;
}
// * * * * * * * * * * * * * * * * * * * * * * * * * * * * * * * * * * * * * //

dimensions      [0 1 -1 0 0 0 0];

internalField   nonuniform List<vector> 
100
(
(0.72403827771254 -1.4870576871224e-23 -1.4870576871224e-23)
(0.72403459165338 -3.9573675962603e-23 -3.9573675962603e-23)
(0.72403422953886 1.8355110470676e-23 1.8355110470676e-23)
(0.72403419539967 1.5235076278122e-22 1.5235076278122e-22)
(0.7240341932802 7.2733317606802e-23 7.2733317606802e-23)
(0.72403419317429 -6.9361441123162e-24 -6.9361441123162e-24)
(0.72403419316988 6.7729569049343e-24 6.7729569049343e-24)
(0.72403419316973 -8.7934845789432e-23 -8.7934845789432e-23)
(0.72403419316972 -9.468106215536e-24 -9.468106215536e-24)
(0.72403419316972 7.9445540293081e-23 7.9445540293081e-23)
(0.72403419316972 -1.0079774777094e-23 -1.0079774777094e-23)
(0.72403419316972 -6.5537828245273e-23 -6.5537828245273e-23)
(0.72403419316972 -4.600717757485e-23 -4.600717757485e-23)
(0.72403419316972 1.0369549513213e-23 1.0369549513213e-23)
(0.72403419316972 5.935072039112e-23 5.935072039112e-23)
(0.72403419316972 3.4328155711665e-23 3.4328155711665e-23)
(0.72403419316972 -1.0458698102892e-22 -1.0458698102892e-22)
(0.72403419316972 2.8608095487078e-24 2.8608095487078e-24)
(0.72403419316972 1.3589112665111e-22 1.3589112665111e-22)
(0.72403419316972 7.1051059238313e-23 7.1051059238313e-23)
(0.72403419316972 4.3583288595361e-24 4.3583288595361e-24)
(0.72403419316972 -2.6300250515862e-23 -2.6300250515862e-23)
(0.72403419316972 2.4628552052291e-23 2.4628552052291e-23)
(0.72403419316972 -7.0843121514071e-24 -7.0843121514071e-24)
(0.72403419316972 -6.3222752065238e-23 -6.3222752065238e-23)
(0.72403419316972 -4.5630279292018e-23 -4.5630279292018e-23)
(0.72403419316972 -2.0591278864584e-23 -2.0591278864584e-23)
(0.72403419316972 -3.3644612855527e-23 -3.3644612855527e-23)
(0.72403419316972 1.6507200449104e-24 1.6507200449104e-24)
(0.72403419316972 -5.7076846270605e-24 -5.7076846270605e-24)
(0.72403419316972 8.1626715166183e-24 8.1626715166183e-24)
(0.72403419316972 3.8981625939982e-23 3.8981625939982e-23)
(0.72403419316972 -1.6456536351792e-23 -1.6456536351792e-23)
(0.72403419316972 -1.2354608003968e-23 -1.2354608003968e-23)
(0.72403419316972 -3.7574020204505e-23 -3.7574020204505e-23)
(0.72403419316972 -9.9703993323896e-23 -9.9703993323896e-23)
(0.72403419316972 -4.9155531348551e-23 -4.9155531348551e-23)
(0.72403419316972 1.3876608686025e-23 1.3876608686025e-23)
(0.72403419316972 1.0610918266165e-22 1.0610918266165e-22)
(0.72403419316972 1.4234914210837e-22 1.4234914210837e-22)
(0.72403419316972 9.2535837246984e-24 9.2535837246984e-24)
(0.72403419316972 -8.1730909157069e-23 -8.1730909157069e-23)
(0.72403419316972 -1.3470871935499e-23 -1.3470871935499e-23)
(0.72403419316972 3.7980324546345e-23 3.7980324546345e-23)
(0.72403419316972 -1.5622300313901e-23 -1.5622300313901e-23)
(0.72403419316972 -6.797091052105e-24 -6.797091052105e-24)
(0.72403419316972 1.4282044645272e-23 1.4282044645272e-23)
(0.72403419316972 -3.1333317074479e-23 -3.1333317074479e-23)
(0.72403419316972 3.9957652084939e-24 3.9957652084939e-24)
(0.72403419316972 4.9463231846537e-23 4.9463231846537e-23)
(0.72403419316972 5.9311218153115e-24 5.9311218153115e-24)
(0.72403419316972 2.5596091613505e-25 2.5596091613505e-25)
(0.72403419316972 4.5152068360371e-25 4.5152068360371e-25)
(0.72403419316972 6.0906414709637e-24 6.0906414709637e-24)
(0.72403419316972 3.7373051704547e-23 3.7373051704547e-23)
(0.72403419316972 6.5532197631858e-23 6.5532197631858e-23)
(0.72403419316972 -9.5682639116592e-23 -9.5682639116592e-23)
(0.72403419316972 -1.6215365635947e-22 -1.6215365635947e-22)
(0.72403419316972 -8.7345107374293e-23 -8.7345107374293e-23)
(0.72403419316972 -4.0867051119776e-23 -4.0867051119776e-23)
(0.72403419316972 -4.7425671198514e-24 -4.7425671198514e-24)
(0.72403419316972 3.2325973090433e-24 3.2325973090433e-24)
(0.72403419316972 -4.8706641709965e-27 -4.8706641709965e-27)
(0.72403419316972 -3.3707629281524e-24 -3.3707629281524e-24)
(0.72403419316972 1.552105492322e-25 1.552105492322e-25)
(0.72403419316972 3.1418459700795e-24 3.1418459700795e-24)
(0.72403419316972 3.4572636433793e-25 3.4572636433793e-25)
(0.72403419316972 -3.4476193726359e-23 -3.4476193726359e-23)
(0.72403419316972 1.0734087572002e-23 1.0734087572002e-23)
(0.72403419316972 4.3483543330461e-23 4.3483543330461e-23)
(0.72403419316972 9.0674807291104e-23 9.0674807291104e-23)
(0.72403419316972 4.9975138119204e-23 4.9975138119204e-23)
(0.72403419316972 -8.3946247739098e-23 -8.3946247739098e-23)
(0.72403419316972 -8.671020991831e-24 -8.671020991831e-24)
(0.72403419316972 1.0121273583509e-22 1.0121273583509e-22)
(0.72403419316972 8.9879866627622e-24 8.9879866627622e-24)
(0.72403419316972 -1.0205356987408e-22 -1.0205356987408e-22)
(0.72403419316972 -1.0968550168659e-23 -1.0968550168659e-23)
(0.72403419316972 1.0814932606988e-22 1.0814932606988e-22)
(0.72403419316972 6.9062324655023e-23 6.9062324655023e-23)
(0.72403419316972 8.7923191942791e-23 8.7923191942791e-23)
(0.72403419316972 -4.244705039727e-23 -4.244705039727e-23)
(0.72403419316972 -1.5735456628099e-22 -1.5735456628099e-22)
(0.72403419316972 -8.776908719673e-23 -8.776908719673e-23)
(0.72403419316972 -3.7562564327426e-23 -3.7562564327426e-23)
(0.72403419316972 -4.865715796122e-24 -4.865715796122e-24)
(0.72403419316972 -2.1385074111462e-25 -2.1385074111462e-25)
(0.72403419316972 -5.7485218821638e-27 -5.7485218821638e-27)
(0.72403419316972 2.0782295682226e-26 2.0782295682226e-26)
(0.72403419316972 3.8516383242033e-25 3.8516383242033e-25)
(0.72403419316972 4.2004436745457e-24 4.2004436745457e-24)
(0.72403419316972 5.7327572731421e-24 5.7327572731421e-24)
(0.7240341931697 -3.5068742322467e-23 -3.5068742322467e-23)
(0.72403419316911 8.8912791948563e-24 8.8912791948563e-24)
(0.72403419315144 6.4714934645443e-23 6.4714934645443e-23)
(0.72403419269774 9.1926939676484e-23 9.1926939676484e-23)
(0.72403418287429 3.8835624052697e-23 3.8835624052697e-23)
(0.72403400800934 -9.2482094307566e-23 -9.2482094307566e-23)
(0.72403189435802 -6.7873841484067e-23 -6.7873841484067e-23)
(0.7191387520498 -2.435000532929e-24 -2.435000532929e-24)
)
;

boundaryField
{
    left
    {
        type            zeroGradient;
    }
    right
    {
        type            zeroGradient;
    }
    sides
    {
        type            empty;
    }
}


// ************************************************************************* //
