/*--------------------------------*- C++ -*----------------------------------*\
  =========                 |
  \\      /  F ield         | OpenFOAM: The Open Source CFD Toolbox
   \\    /   O peration     | Website:  https://openfoam.org
    \\  /    A nd           | Version:  10
     \\/     M anipulation  |
\*---------------------------------------------------------------------------*/
FoamFile
{
    format      ascii;
    class       volVectorField;
    location    "0.0001";
    object      U;
}
// * * * * * * * * * * * * * * * * * * * * * * * * * * * * * * * * * * * * * //

dimensions      [0 1 -1 0 0 0 0];

internalField   nonuniform List<vector> 
100
(
(0.92165005443634 4.5049604208163e-23 4.5049604208163e-23)
(0.92161460906826 3.6496683359265e-23 3.6496683359265e-23)
(0.92160455693529 1.2034510091575e-22 1.2034510091575e-22)
(0.92160099425491 2.6647237723498e-22 2.6647237723498e-22)
(0.92160036732956 8.1167388789646e-23 8.1167388789646e-23)
(0.92160028219586 -2.6960633728786e-23 -2.6960633728786e-23)
(0.9216002727768 -8.9196598103777e-24 -8.9196598103777e-24)
(0.92160027189726 -1.2763718992806e-22 -1.2763718992806e-22)
(0.92160027182623 -1.5282520086679e-23 -1.5282520086679e-23)
(0.92160027182118 2.003321358925e-22 2.003321358925e-22)
(0.92160027182086 1.6238322821085e-24 1.6238322821085e-24)
(0.92160027182084 -4.4179673866689e-22 -4.4179673866689e-22)
(0.92160027182085 -1.4498142991556e-22 -1.4498142991556e-22)
(0.92160027182085 3.1006907689162e-22 3.1006907689162e-22)
(0.92160027182084 2.2024556238317e-22 2.2024556238317e-22)
(0.92160027182085 1.9533636753857e-22 1.9533636753857e-22)
(0.92160027182085 -6.5886107253808e-23 -6.5886107253808e-23)
(0.92160027182085 -5.7371895102272e-23 -5.7371895102272e-23)
(0.92160027182085 1.4870974822243e-22 1.4870974822243e-22)
(0.92160027182085 -7.0906313940517e-23 -7.0906313940517e-23)
(0.92160027182085 -1.5578440040314e-23 -1.5578440040314e-23)
(0.92160027182085 1.0831642608611e-22 1.0831642608611e-22)
(0.92160027182085 -1.2430680533955e-22 -1.2430680533955e-22)
(0.92160027182085 -2.0434530124166e-23 -2.0434530124166e-23)
(0.92160027182085 8.6670195536857e-23 8.6670195536857e-23)
(0.92160027182085 -6.8015263162568e-23 -6.8015263162568e-23)
(0.92160027182084 -4.2347514029758e-23 -4.2347514029758e-23)
(0.92160027182085 -4.440404401704e-23 -4.440404401704e-23)
(0.92160027182084 -8.122391006684e-23 -8.122391006684e-23)
(0.92160027182085 1.0914305968651e-22 1.0914305968651e-22)
(0.92160027182084 1.6178380364083e-22 1.6178380364083e-22)
(0.92160027182085 -6.7834587647971e-23 -6.7834587647971e-23)
(0.92160027182084 -1.4956235359674e-22 -1.4956235359674e-22)
(0.92160027182085 -1.4347528752049e-22 -1.4347528752049e-22)
(0.92160027182084 -3.2945666698803e-22 -3.2945666698803e-22)
(0.92160027182085 -3.1466863825635e-22 -3.1466863825635e-22)
(0.92160027182084 1.8324203138759e-22 1.8324203138759e-22)
(0.92160027182085 4.2862610098714e-22 4.2862610098714e-22)
(0.92160027182084 1.7509130393918e-22 1.7509130393918e-22)
(0.92160027182085 1.4849773722119e-22 1.4849773722119e-22)
(0.92160027182084 6.646754503892e-23 6.646754503892e-23)
(0.92160027182085 -2.1760384757013e-23 -2.1760384757013e-23)
(0.92160027182084 4.7477488368977e-23 4.7477488368977e-23)
(0.92160027182085 -9.663526160883e-23 -9.663526160883e-23)
(0.92160027182084 -8.890647614418e-23 -8.890647614418e-23)
(0.92160027182085 -1.5046627598055e-22 -1.5046627598055e-22)
(0.92160027182084 -4.9869868118381e-23 -4.9869868118381e-23)
(0.92160027182085 6.1370577496123e-23 6.1370577496123e-23)
(0.92160027182085 3.7982761458817e-23 3.7982761458817e-23)
(0.92160027182085 1.5269125455611e-22 1.5269125455611e-22)
(0.92160027182085 5.9487858891409e-23 5.9487858891409e-23)
(0.92160027182085 2.9551351316206e-24 2.9551351316206e-24)
(0.92160027182085 3.2670927238835e-24 3.2670927238835e-24)
(0.92160027182085 3.0045619030295e-23 3.0045619030295e-23)
(0.92160027182085 1.3267114777643e-22 1.3267114777643e-22)
(0.92160027182085 -8.0061327637898e-23 -8.0061327637898e-23)
(0.92160027182084 -3.493449591589e-22 -3.493449591589e-22)
(0.92160027182085 1.9639722255424e-23 1.9639722255424e-23)
(0.92160027182084 -4.8434800344677e-23 -4.8434800344677e-23)
(0.92160027182084 -1.953846632498e-22 -1.953846632498e-22)
(0.92160027182084 2.3260689068777e-23 2.3260689068777e-23)
(0.92160027182084 1.3113622348802e-23 1.3113622348802e-23)
(0.92160027182084 -1.1368216055826e-25 -1.1368216055826e-25)
(0.92160027182084 -1.3090656147229e-23 -1.3090656147229e-23)
(0.92160027182084 -5.3048227830778e-24 -5.3048227830778e-24)
(0.92160027182084 -1.2879961104451e-23 -1.2879961104451e-23)
(0.92160027182084 -1.0474818672646e-22 -1.0474818672646e-22)
(0.92160027182084 -3.9686038063819e-22 -3.9686038063819e-22)
(0.92160027182084 -7.8407956093875e-24 -7.8407956093875e-24)
(0.92160027182084 2.977400012183e-22 2.977400012183e-22)
(0.92160027182084 1.9246642929207e-22 1.9246642929207e-22)
(0.92160027182085 2.2899870073516e-22 2.2899870073516e-22)
(0.92160027182084 -4.6856945200367e-23 -4.6856945200367e-23)
(0.92160027182085 1.2536907873297e-22 1.2536907873297e-22)
(0.92160027182084 1.2640506989468e-22 1.2640506989468e-22)
(0.92160027182085 -1.1417240541028e-22 -1.1417240541028e-22)
(0.92160027182084 -1.2794724652536e-22 -1.2794724652536e-22)
(0.92160027182085 1.1518126303823e-22 1.1518126303823e-22)
(0.92160027182084 1.5974105047714e-22 1.5974105047714e-22)
(0.92160027182085 -1.5233546700102e-22 -1.5233546700102e-22)
(0.92160027182085 5.8056994907622e-23 5.8056994907622e-23)
(0.92160027182084 -8.64939038367e-23 -8.64939038367e-23)
(0.92160027182085 -9.0037430258127e-24 -9.0037430258127e-24)
(0.92160027182084 -7.9459530941069e-24 -7.9459530941069e-24)
(0.92160027182084 -1.8496434372248e-22 -1.8496434372248e-22)
(0.92160027182084 -7.7728555974807e-23 -7.7728555974807e-23)
(0.92160027182084 -2.2785759216532e-24 -2.2785759216532e-24)
(0.92160027182084 2.0314410640447e-23 2.0314410640447e-23)
(0.92160027182085 -3.0621755444761e-23 -3.0621755444761e-23)
(0.92160027182076 -1.1819668400597e-22 -1.1819668400597e-22)
(0.92160027181936 -1.1166491196025e-22 -1.1166491196025e-22)
(0.92160027179657 6.6972436623327e-23 6.6972436623327e-23)
(0.92160027146548 -7.2072763904518e-23 -7.2072763904518e-23)
(0.92160026722489 2.884124265616e-23 2.884124265616e-23)
(0.92160022017969 1.4128618983783e-22 1.4128618983783e-22)
(0.92159977867973 2.6600079445905e-22 2.6600079445905e-22)
(0.92159639335794 1.2330591835475e-22 1.2330591835475e-22)
(0.92157630340215 -1.7055657210601e-22 -1.7055657210601e-22)
(0.92151660008448 -1.0136510431655e-22 -1.0136510431655e-22)
(0.92130887014438 -1.1337028810014e-22 -1.1337028810014e-22)
)
;

boundaryField
{
    left
    {
        type            zeroGradient;
    }
    right
    {
        type            zeroGradient;
    }
    sides
    {
        type            empty;
    }
}


// ************************************************************************* //
