/*--------------------------------*- C++ -*----------------------------------*\
  =========                 |
  \\      /  F ield         | OpenFOAM: The Open Source CFD Toolbox
   \\    /   O peration     | Website:  https://openfoam.org
    \\  /    A nd           | Version:  10
     \\/     M anipulation  |
\*---------------------------------------------------------------------------*/
FoamFile
{
    format      ascii;
    class       volVectorField;
    location    "0.0001";
    object      Us;
}
// * * * * * * * * * * * * * * * * * * * * * * * * * * * * * * * * * * * * * //

dimensions      [0 1 -1 0 0 0 0];

internalField   nonuniform List<vector> 
100
(
(0.78471918881437 -6.61487269255e-24 -6.61487269255e-24)
(0.78470710373403 -2.7452208182281e-23 -2.7452208182281e-23)
(0.78470463826014 4.5092773359313e-23 4.5092773359313e-23)
(0.78470403728315 1.9232542220057e-22 1.9232542220057e-22)
(0.7847039522221 8.081989434209e-23 8.081989434209e-23)
(0.78470394248913 -6.2689648493655e-24 -6.2689648493655e-24)
(0.78470394155397 1.8596903313986e-24 1.8596903313986e-24)
(0.7847039414765 -1.2048238996542e-22 -1.2048238996542e-22)
(0.78470394147086 -7.9471289837315e-24 -7.9471289837315e-24)
(0.78470394147049 1.0321930574142e-22 1.0321930574142e-22)
(0.78470394147047 -2.7797903847938e-23 -2.7797903847938e-23)
(0.78470394147047 -1.2936274595634e-22 -1.2936274595634e-22)
(0.78470394147047 -7.5396993950162e-23 -7.5396993950162e-23)
(0.78470394147047 6.0569587488246e-23 6.0569587488246e-23)
(0.78470394147047 1.2131487365988e-22 1.2131487365988e-22)
(0.78470394147047 6.9406062206739e-23 6.9406062206739e-23)
(0.78470394147047 -9.6220099448556e-23 -9.6220099448556e-23)
(0.78470394147047 -2.8163092037081e-24 -2.8163092037081e-24)
(0.78470394147047 1.3845064174728e-22 1.3845064174728e-22)
(0.78470394147047 4.1755237795939e-23 4.1755237795939e-23)
(0.78470394147047 -1.1782495196114e-24 -1.1782495196114e-24)
(0.78470394147047 8.0136902666607e-24 8.0136902666607e-24)
(0.78470394147047 -1.2575163052715e-23 -1.2575163052715e-23)
(0.78470394147047 -1.1065408720677e-23 -1.1065408720677e-23)
(0.78470394147047 -2.7931988675067e-23 -2.7931988675067e-23)
(0.78470394147047 -5.7331048533164e-23 -5.7331048533164e-23)
(0.78470394147047 -2.4499633790124e-23 -2.4499633790124e-23)
(0.78470394147047 -7.2429964671372e-23 -7.2429964671372e-23)
(0.78470394147047 -2.7651984162299e-23 -2.7651984162299e-23)
(0.78470394147047 2.7752290747205e-23 2.7752290747205e-23)
(0.78470394147047 4.1948733188119e-23 4.1948733188119e-23)
(0.78470394147047 3.2913757651312e-23 3.2913757651312e-23)
(0.78470394147047 -3.9882709251762e-23 -3.9882709251762e-23)
(0.78470394147047 -6.8638197254569e-24 -6.8638197254569e-24)
(0.78470394147047 -1.0660363925914e-22 -1.0660363925914e-22)
(0.78470394147047 -1.7689228041198e-22 -1.7689228041198e-22)
(0.78470394147047 -1.8564601126808e-23 -1.8564601126808e-23)
(0.78470394147047 9.1439615409109e-23 9.1439615409109e-23)
(0.78470394147047 1.5614650124686e-22 1.5614650124686e-22)
(0.78470394147047 1.7323604830771e-22 1.7323604830771e-22)
(0.78470394147047 2.3528686059918e-23 2.3528686059918e-23)
(0.78470394147047 -1.0514146834653e-22 -1.0514146834653e-22)
(0.78470394147047 -1.79109509201e-23 -1.79109509201e-23)
(0.78470394147047 2.4512676727988e-23 2.4512676727988e-23)
(0.78470394147047 -3.7166316485291e-23 -3.7166316485291e-23)
(0.78470394147047 -1.1363163762674e-23 -1.1363163762674e-23)
(0.78470394147047 9.6405947747172e-24 9.6405947747172e-24)
(0.78470394147047 -4.1741727586975e-23 -4.1741727586975e-23)
(0.78470394147047 2.3077941984706e-23 2.3077941984706e-23)
(0.78470394147047 9.2716397976026e-23 9.2716397976026e-23)
(0.78470394147047 1.1237871167697e-23 1.1237871167697e-23)
(0.78470394147047 6.6389347421715e-25 6.6389347421715e-25)
(0.78470394147047 1.068125480852e-24 1.068125480852e-24)
(0.78470394147047 1.1278399601104e-23 1.1278399601104e-23)
(0.78470394147047 5.4014380260841e-23 5.4014380260841e-23)
(0.78470394147047 1.1166473261601e-23 1.1166473261601e-23)
(0.78470394147047 -1.3283940776274e-22 -1.3283940776274e-22)
(0.78470394147047 -1.1838565022051e-22 -1.1838565022051e-22)
(0.78470394147047 -1.1225034199296e-22 -1.1225034199296e-22)
(0.78470394147047 -6.8828692026606e-23 -6.8828692026606e-23)
(0.78470394147047 -6.3434833087675e-24 -6.3434833087675e-24)
(0.78470394147047 6.8483484069854e-24 6.8483484069854e-24)
(0.78470394147047 -3.4619723211555e-27 -3.4619723211555e-27)
(0.78470394147047 -7.1344431392732e-24 -7.1344431392732e-24)
(0.78470394147047 -9.1350926151458e-25 -9.1350926151458e-25)
(0.78470394147047 -1.6319129670303e-25 -1.6319129670303e-25)
(0.78470394147047 -4.5794056184935e-23 -4.5794056184935e-23)
(0.78470394147047 -1.2518902872795e-22 -1.2518902872795e-22)
(0.78470394147047 3.1040757337322e-23 3.1040757337322e-23)
(0.78470394147047 9.9996917236049e-23 9.9996917236049e-23)
(0.78470394147047 1.2885649709081e-22 1.2885649709081e-22)
(0.78470394147047 7.6390264232552e-23 7.6390264232552e-23)
(0.78470394147047 -7.5471497324963e-23 -7.5471497324963e-23)
(0.78470394147047 3.9422900426831e-23 3.9422900426831e-23)
(0.78470394147047 1.2539364135513e-22 1.2539364135513e-22)
(0.78470394147047 -3.6188525338075e-23 -3.6188525338075e-23)
(0.78470394147047 -1.2667118662802e-22 -1.2667118662802e-22)
(0.78470394147047 3.4510177587089e-23 3.4510177587089e-23)
(0.78470394147047 1.3713286486604e-22 1.3713286486604e-22)
(0.78470394147047 1.9553892691627e-23 1.9553892691627e-23)
(0.78470394147047 4.6681323340045e-23 4.6681323340045e-23)
(0.78470394147047 -1.8671689279535e-23 -1.8671689279535e-23)
(0.78470394147047 -1.1798610543848e-22 -1.1798610543848e-22)
(0.78470394147047 -1.1137191354154e-22 -1.1137191354154e-22)
(0.78470394147047 -6.1834977452809e-23 -6.1834977452809e-23)
(0.78470394147047 -1.2482180166895e-23 -1.2482180166895e-23)
(0.78470394147047 -7.1626884278008e-25 -7.1626884278008e-25)
(0.78470394147047 1.7156803336378e-24 1.7156803336378e-24)
(0.78470394147047 -1.6754788513893e-24 -1.6754788513893e-24)
(0.78470394147046 -1.0813764487569e-23 -1.0813764487569e-23)
(0.78470394147037 -6.260107056108e-24 -6.260107056108e-24)
(0.78470394146875 -7.6445468154539e-24 -7.6445468154539e-24)
(0.78470394144302 -8.5849828221025e-23 -8.5849828221025e-23)
(0.78470394107761 3.9021247855251e-23 3.9021247855251e-23)
(0.78470393651086 1.100262312175e-22 1.100262312175e-22)
(0.78470388716322 1.2567357794487e-22 1.2567357794487e-22)
(0.78470343753697 6.6940479518259e-23 6.6940479518259e-23)
(0.78470010421577 -1.089100849878e-22 -1.089100849878e-22)
(0.78468556456662 -1.0275347845387e-22 -1.0275347845387e-22)
(0.78122526390867 -3.2727520462633e-23 -3.2727520462633e-23)
)
;

boundaryField
{
    left
    {
        type            zeroGradient;
    }
    right
    {
        type            zeroGradient;
    }
    sides
    {
        type            empty;
    }
}


// ************************************************************************* //
