/*--------------------------------*- C++ -*----------------------------------*\
  =========                 |
  \\      /  F ield         | OpenFOAM: The Open Source CFD Toolbox
   \\    /   O peration     | Website:  https://openfoam.org
    \\  /    A nd           | Version:  10
     \\/     M anipulation  |
\*---------------------------------------------------------------------------*/
FoamFile
{
    format      ascii;
    class       volScalarField;
    location    "0.11500001";
    object      theta;
}
// * * * * * * * * * * * * * * * * * * * * * * * * * * * * * * * * * * * * * //

dimensions      [0 2 -2 0 0 0 0];

internalField   nonuniform List<scalar> 
7600
(
0
6.4339376432504e-13
0
0
0
0
0
0
9.6509064648756e-13
0
0
0
0
1.7794984733702e-08
0
0
1.0165621476336e-10
0
0
9.6509064648756e-12
0
0
1.6084844108126e-12
0
0
3.5386657037877e-12
0
6.4339376432504e-13
0
8.1151852563731e-05
1.48976257459
0.00058003985288936
0
2.3454919678469e-09
0
1.2748847440101e-09
0
0
0
0
0
0
0
0
0
0
0
1.2867875286501e-12
0
0
0
1.4113807311116e-08
0
0
0
0
0
0
0.0001763100795129
9.6509064648756e-12
12.748645087232
1.0516103012832
0.0009710550569153
0
0
0
9.6509064648756e-12
0
0
0
0
1.0934155327822e-08
0
0
0
0
0
1.6438710678505e-10
0
0
0.00025625240436788
0.00026039424147068
0.00025085892987109
0.11684914560392
0.00024551495109928
0.00024782508015116
0.00026138141299814
0.017258953921363
0.00024559708891891
0.0002109413745719
0.00021760025805481
0.0002634261993873
0.00022562455040991
0.00024156398264714
0
0.00016358969201093
0.00031817783650044
0.00023069487020685
0.00023080543633021
0.00038280123203803
0.00027285039880985
0.0002445050864745
0.00023437025174009
0.00022205634653214
0.00030898487493178
0.00032902366861119
0.00012676799429885
0.11618355997767
0.00021332413686764
0.31367262328022
0.39823878028349
0.22147930303212
0.4335882480685
0.014804908268509
0.00019493414165493
1.4026548586431e-08
2.1903476976844e-13
0
0
0.00019338473240537
0.00020773105598515
0
0.00051230527506962
0.00033304375479914
0
0.0001555462266663
0
0.00021023697277055
0.0001651289111059
0
0.00034101551429313
0
0.00022975306362766
7.4869588863168e-08
0
0.41940634991197
0
0.00013361695308848
0.0057587622041017
2.9100377647204
5.4822593266912
5.9357268333559
0.03234316279073
0.040127477105018
0
0.00014407224510956
0.00017322167942493
0
0.00024835948884866
0
0.0003746481503048
0
0.00027579388135481
0
2.0267656101226e-05
0
0.0003731300768265
0
0.00019233949629368
0
13.163524129394
13.148556485471
13.098923463546
13.10057300447
13.017905597858
13.005959803202
12.926473219197
13.039053160721
13.067689831429
12.963889305925
13.043459740277
12.971973999756
13.132233895684
12.796670546717
12.718040919698
13.008175761909
12.966125468676
12.832020956782
12.618510122152
12.552851322796
12.661864829787
12.416722019577
12.283474773305
12.612850966277
12.667444961221
12.622523685713
12.78403206413
12.812295934474
12.440407396667
12.890213943983
14.092135644718
12.343510681539
8.5782721625082
21.271425039254
12.890063470232
0
8.5302648775057
0
5.9711926934748
11.768753949289
12.900946791731
1.3132135508257e-12
12.600988406351
12.343005161391
12.430716489749
12.316286647804
0
12.373755763171
12.24980793342
12.234831962469
11.097734525604
11.773646357461
12.011878716792
12.081581770903
12.576054127775
12.50142538958
12.286532133761
11.579266282599
11.608779744066
15.503555585533
16.435694002773
23.680066800779
22.529431537379
5.3701445303444
10.156724546319
11.353250042021
13.102791378145
12.861669484192
10.450796586899
0
9.9054581477224
9.7938565528292
12.328368655413
0
12.04037151414
7.8930527185755
0
11.944051717491
12.540849410552
0
15.240100047884
15.294238242719
15.021486378134
14.959905388776
14.914866429602
14.86910598257
14.703809219985
14.761023082325
14.828214126315
14.874012668589
14.802274308673
14.725026835713
14.726356438381
14.613604267194
14.315014600544
14.377531521038
11.118897982872
0
13.980019043085
14.053572731938
13.840197098723
13.880842672082
13.848593273875
13.890537196158
13.747622810649
13.760806991566
13.822842772268
13.656637749999
13.569322778849
14.020349315409
14.139572865396
13.558824043432
12.050985329051
10.196712435112
11.137742557536
13.24979467779
13.17556294114
13.495969400837
12.920220348954
12.911327336824
13.225076416695
13.153626643642
12.850217303827
12.674198732967
12.915730874793
12.947821325742
12.841037290467
12.289743090357
12.756069155632
11.8841784269
11.752868018832
12.450694036608
12.482934605144
12.38157330254
12.652757901971
12.693508014017
12.577514239099
12.440790186854
11.978862114792
22.533591752524
22.872997981093
19.564370081741
22.757823720988
11.10938579264
11.38352613236
11.642563306577
11.697346509064
11.29096088368
11.925352462472
11.964813877334
0
11.686211308602
12.165859195227
0
10.76937401233
10.598583481351
11.235716576369
0
11.877300989785
11.152321758628
13.281171831545
13.154619567555
13.010310327643
12.966299299164
12.898148755429
12.870533516468
12.84252119977
12.824410800733
12.823489979232
12.840707789674
12.780912819439
12.812088232228
12.739752145417
12.645955538391
12.588332374782
12.454512027393
12.23082080183
12.282262281393
12.166068018702
12.059121391074
12.139589371585
12.103971370434
12.045855705917
11.926509467719
11.810220847057
11.72453240201
11.763842447909
11.937735884536
12.067638074809
12.286908340166
9.9528345871471
9.9627582246397
11.707007072552
11.380093445123
8.8766732571613
11.225952163373
11.105319408261
11.197971754535
11.402929714978
11.516778209542
11.323290530397
11.394655800514
11.362183780905
11.068329940646
11.168200283328
11.150347416977
10.740850747606
10.65956627877
10.641532174167
10.785527881801
10.750185507448
10.734165672234
11.003481409028
10.914587768996
10.64736707459
10.688814397773
10.617736255478
10.514680185292
10.605450659761
22.588454047638
20.303043702083
18.352801983183
10.325873887162
10.569040344798
10.253422307064
9.8533481691979
9.9047908654792
9.7394954300287
9.5666261312016
10.095343765827
9.54965262635
10.040153609666
10.203188055593
10.143056451151
10.133771386731
10.09382599627
10.180568895694
10.475088792931
10.431730749171
9.9777296822707
12.538725962833
12.448448467115
12.385296633152
12.294094424676
12.231055665376
12.182600842205
12.174299412353
9.9194652203024
12.153555183693
12.165143589475
12.164274262646
9.8975867739419
11.938421251411
11.936940973155
9.6888850909824
11.835002682303
11.770900983193
11.719270138843
11.59282909579
11.54518441547
11.513416165808
11.465727671711
11.383662735716
11.429369622873
11.470620238713
11.446754550776
11.44525709558
11.457285709409
7.1933680744657
11.299769952638
12.077667691505
8.6165462914537
10.979980489568
10.902370835212
8.1461698800925
10.828556405829
10.862376527734
10.903925211609
10.904307426536
10.86324449647
10.661225916757
10.954547290171
10.817779887327
6.1816800672953
10.735740666674
6.1419135267364
10.588648007122
10.668644290829
10.450112546853
10.514765806065
10.519710456767
10.432644275738
10.246894860395
10.282103731489
10.414268653531
10.388811137342
10.344417076933
11.099500942349
5.0502351770597
19.750142489408
19.042782212431
21.042709918573
29.068932222647
5.9979936802967
4.7408476851304
5.2393114630333e-13
9.5123038511823
9.7753510783276
9.8151180302026
9.7338839877111
9.9253116527603
10.011891081866
9.9095508666798
9.6669526711535
9.3308040998848
5.217246771357
9.2264380867869
9.7608323450818
9.5153728987257
9.5832410190262
16.586907160498
16.439700070411
16.317087498975
16.231095983716
16.11605993411
16.067587487164
16.028391070228
16.037507551358
16.030909410422
16.014380676708
15.996604167029
15.941844113127
15.884500049199
15.888688809569
15.796773306551
15.75749484618
15.542823853062
15.490945499812
15.482402916025
15.402331264803
15.275371321693
15.215871687314
15.24279289553
15.114527914923
15.101194605671
15.114656792729
15.077912322296
15.173598132602
12.408308226189
15.291890408008
14.773652576429
15.212279914731
14.666151097398
14.380599181011
14.426405010672
14.434365008598
14.320923034962
12.313022244091
14.51169951901
14.377303434387
14.178276602914
14.277758739246
14.318319945849
14.331780503859
6.7266866289287
14.160116522322
14.205608339477
7.3658554935574
13.966510008342
13.884246498589
13.636748770958
12.860429023246
13.014758024741
8.9724949627479
13.831972060959
13.866248879277
13.872497854443
13.680746770382
9.2348562419736
29.300641769613
22.235918746474
18.815330818581
13.038854606818
12.865914556544
12.713694053333
12.711945543175
12.952143506886
13.020169493454
13.026537848517
12.814322512385
12.739885850206
12.859829293245
13.027913446954
12.868879973343
12.884633519059
0
12.673272183255
0
12.699180097089
12.490573159759
21.72432057178
21.592972294044
21.506019377797
21.320311076568
21.269560151105
21.207798544963
21.121694430188
21.122844092217
21.160219422893
21.125983413544
21.055482014526
21.048598724469
20.999023866436
20.860964046548
20.716618392988
20.64848087105
20.361813695205
20.215637995287
19.867075585129
19.831893180265
19.742775761598
19.870150897727
19.791432189065
19.630549217766
19.259985456214
19.390673412665
19.602304485075
14.050918324522
19.81176680061
18.311865383144
19.929370070844
19.728003240328
19.082168012458
17.33810891998
18.195864039883
13.067960897183
18.755169451231
18.486381208707
18.821277523182
19.120432878262
19.186041092981
18.929335674847
18.719540420137
18.503960407043
18.114359583842
18.000204417499
17.453915581149
18.588880529963
18.403108695208
11.452589569432
17.828045667812
17.955819153109
18.082989610798
17.930433418389
17.220004145336
12.450048130879
17.645440740342
17.962912833069
17.644243721248
25.63603272569
21.702414945409
23.78996758723
16.406957729751
17.048259792667
27.958059451158
12.054249964358
17.139752654234
17.186458894535
17.016531940188
9.2046442996241
17.117850800713
17.026521013984
17.022323817448
9.7318025267933
16.424237244553
12.257667765753
14.508984505645
0
15.884379333116
15.382660511828
16.758588464851
16.687636380131
16.481441574178
16.368122657182
16.285697236714
16.225110884195
16.249579398949
16.174470431572
16.166286320588
16.132784923982
16.04801872501
16.003177586222
15.948392891175
15.920308870362
12.172668159364
15.298258532232
15.298528546426
9.7826489436575
14.957682912254
14.95748654994
14.933482188267
14.945393646361
14.787866716995
14.705091610413
14.702187934633
11.556690828056
14.412673745391
14.459370859602
14.744151979741
14.861087071227
14.512597802982
14.889726383171
14.148274389484
13.549134720833
13.638808217496
14.029147635812
14.054508018773
14.260852810941
14.071626950254
13.437433794975
13.335209296214
12.894185699997
12.017819209031
12.423059338168
12.95459413877
13.360214409156
13.202396856997
13.218125460805
12.957956116721
12.160719105404
11.941282460266
11.991951701807
11.031170330879
11.037295717971
11.779377213106
7.7400861141279
11.877910239996
6.8292790378539
17.661571663419
23.27398614841
19.779876682565
19.757365473506
21.712964711096
11.489282207276
6.1211027336276
11.779985682549
9.6522200275725e-05
12.127903823562
12.156915457931
11.009870579779
10.828675974406
10.874396018396
10.696993057655
11.640477003346
11.386352625916
10.434131153414
11.372347619796
11.28780541668
10.988583425372
10.714816833536
17.85044307131
17.724832009243
17.627854643261
17.447690023322
17.358399948477
17.303324059306
17.284216987575
17.255959226586
17.226901961894
17.137132658391
17.231309380677
17.098393980033
17.021241096492
16.829607874208
16.758101184339
11.960608313776
16.345072698489
16.180147287856
16.119193706844
15.61403584337
15.216547544712
15.360430769175
18.917249543767
15.467506033821
15.590002740639
15.367109990012
15.479230574906
12.086247632799
15.524218265545
15.662225724784
14.198487211522
17.923039337566
17.323446147637
11.710293204365
14.868054554663
13.725418319337
14.40460598663
17.457289965996
8.8598135456815
14.004765056411
13.95466105655
14.411358059928
14.27730845215
13.696224969684
0
9.4980578997992
7.3711795520714
14.27479526116
14.043075752036
13.051536367638
13.357999940196
13.39597465609
14.209484210857
13.788826321336
13.303118727833
14.061479047459
13.997727695444
16.03963596135
13.405401121016
17.686062001929
19.653753455265
20.766779572707
27.165722849157
12.868951334129
6.1892646959319
12.330129775579
12.13062220062
13.100343418048
13.464700486559
0
13.219192641373
12.715264534524
10.117472908365
13.398792785816
12.042484852172
11.278561973334
10.796231080333
10.543653429285
11.217138478222
10.778111297838
19.135667638106
19.01966306015
18.917860202234
18.714407782889
18.612325762915
18.472410613814
18.594860053672
18.609326151126
18.692838863507
18.634457195035
18.473585322612
18.429618851303
18.318792172302
17.983352357289
17.932487846791
17.921038406223
17.646834067654
17.680837713069
17.53995893297
17.306253385125
16.838945274619
16.895009912671
16.958844168494
16.963923689464
16.993791502759
16.847023851318
16.826809793754
16.939299666149
14.582918872924
19.178520292313
17.267974860473
17.088818431662
16.822616555656
16.286626390383
16.419592309467
16.586265247729
16.529069214331
16.895876184759
16.795121805813
8.8551581140284
16.066023747456
16.244201540314
15.62422951895
15.295788965458
15.551270916782
15.637318155834
15.349261005537
15.553563295574
15.642222933729
14.615518872706
5.894396307228e-13
7.4714137387041
7.3218348218547
15.317275766494
7.7286597358248
14.193507473135
14.299904942985
16.393084549667
23.776134249423
12.889680317564
21.689731846368
21.840001658905
18.533948427631
11.175013626431
28.815771013456
14.878441475869
14.568563283002
14.018127637681
14.398203693673
14.886417595435
11.280672317758
13.850096745638
13.633984648557
13.073581461118
14.005103791278
14.771547487468
14.332436181256
13.840889707082
12.630679786324
13.010253313753
21.330085998097
21.195605601053
21.123076989939
20.928445968821
20.862434899143
20.816420379273
16.213219138163
20.76428987817
20.746748703557
20.637800513675
20.651352584131
20.665045199707
20.546119634331
20.457940139188
20.352536895874
20.192469715853
20.028513245573
19.899219240822
19.844433958204
19.785204978602
19.519728184919
19.357083093716
18.875121641886
18.898099486045
18.840052490175
19.361150448942
19.336208134752
17.613662308563
19.312559316844
19.516752834154
19.773163299046
19.414759828011
15.388417493951
18.454480105307
18.340441188598
18.017819708165
18.20103450745
17.965093294786
18.25462292481
18.385621579313
17.714448509135
17.899140773144
18.181184107071
18.174007762406
18.017981126736
17.886590289233
0
15.37981822735
18.320764825613
18.170214901941
17.937976923868
17.53399300589
17.618157561425
14.617195416832
17.07924215353
16.417223661745
17.14104577729
17.36554429556
17.405656790521
21.260852761949
25.320042931334
24.688395649232
26.669903456392
16.290416400682
40.870332243515
15.423477411754
16.773256942794
16.731237316684
16.422628775418
15.87944053377
16.000366441322
16.795222256504
16.550580596015
16.431950877901
16.610720836541
15.580950494188
15.706469014544
16.162691074143
16.593248075616
16.114699797523
21.051413746476
20.914852203628
20.788386194442
20.684876055657
20.580133447445
20.521884178434
20.49114437835
20.459501371626
20.473197521985
20.500336616266
20.443108765331
20.137965958561
20.277908847715
20.095786003869
20.024562858633
19.726110500401
19.173220240456
19.345761724021
19.476651108167
19.336304899844
19.145527925056
18.984797751839
18.826261914035
19.066553532909
18.991913559133
18.767241532702
18.911053198825
18.983084131283
18.973364316686
19.190599292019
16.620126347536
18.53340167628
20.691262509509
18.209821984249
17.927779489595
17.526963076352
14.20254046185
17.360773954494
17.589093228025
17.691402212009
18.072526808738
18.254618996423
10.474827034188
16.251446089407
17.274422802815
9.3088644569792
17.795384770846
0
17.477173922608
17.202792242576
16.965205702762
17.412468094707
17.273681195532
17.009842960242
17.101694287481
16.901511246194
16.452570173981
16.401945556153
37.795104990066
17.067314438271
28.986923526231
17.505038017371
19.101586269938
26.577486011225
33.621128588
20.955624449384
15.701927946006
16.334209152908
15.901510161211
15.809586772744
16.06178372009
16.161824135343
16.175514066002
16.044419216359
15.916073785172
15.751614902099
16.089247667655
15.945377837198
8.1000708676515
15.767551894158
16.38146229338
16.250521927354
16.147286659013
15.96468581028
15.910765779622
15.836337329683
15.785051289694
15.833972893921
15.842104315068
15.841455091846
15.849455925443
14.9071550253
15.735038741415
15.683048276587
15.507844197557
15.500618724402
15.522910584165
15.345938864894
12.108121126873
15.071164860436
14.876300734991
15.017236679509
14.988472194812
14.945064299342
13.522368196388
15.074844951496
14.975412035859
15.14938994137
16.402800326189
15.174800804219
15.246021943589
15.814314931345
14.534021093213
14.283140399897
15.398669133806
13.935161836211
14.043908368483
14.240180039673
14.280113822433
14.234141885817
14.331526918731
14.349301148435
14.230469648117
7.8701751770538
14.084448040639
6.2932614526334
14.058230851688
14.069441048153
13.866265995098
0
13.481970394189
13.541302508284
13.533628531285
13.602921924238
13.470913560097
13.140508768141
12.80429546385
8.5646544594188
40.851463646588
13.783398309326
26.24242827044
20.981193187127
23.313943751619
32.826604041802
8.9173479342444
12.69714190474
12.797216190698
12.748342208731
12.849254843782
12.974645243956
12.966308017339
9.8368343934831
12.75234314311
12.535313695582
0
12.175678708273
1.1090397471555e-12
12.594309378251
12.538204569702
9.7994521961969
13.519278586148
14.687485951644
10.727191690564
10.641198058872
10.599231123736
10.569675126615
10.530656087098
10.508529335547
10.440245074503
10.447267349251
10.471382730062
10.533714866844
10.328300975763
9.8668071007879
10.075668978451
10.269940311855
10.123487047916
10.075643456259
9.9170626947727
9.7068847316437
9.5844173322218
9.5328601257013
9.6120684820693
3.411264197789
9.7869228556296
9.7925162152537
9.5597050051529
9.3554838553357
9.6724665498706
8.9521253299791
9.945896927304
10.553530232017
9.5468446061314
7.3362664278186
8.7420354032437
9.3580583106141
7.2332260461904
8.982860410782
6.5602953845041
9.1407986400906
9.3427435237217
9.1630349366168
9.0868472178115
8.6749647512236
8.5039162166481
8.5035946035823
8.9459530942823
8.4855528333647
8.9487874293268
8.8256429951825
0
8.1026665004331
8.4276811355197
4.9077027247665
8.6504979246911
8.603976209771
8.5045866206021
4.8489544908679
8.7500986167684
5.914105502742
19.247313995374
14.2000315809
17.064182096155
8.4659452505739
8.2590593243186
7.30895784863
7.5232256149661
4.3017804394963
8.2151233376875
4.6713427019297
0
7.4421910856526
4.6343393999527
8.2693880345565
6.034591850904
6.1029879367662
7.766060859166
8.0916631782594
8.1261715063313
0
11.436272433057
11.438472172436
11.336940958934
11.269344665463
11.178207420252
11.1402836545
11.119171746385
11.094718487531
11.120938873854
11.118498494459
11.109489267192
11.096872186885
11.056713359396
10.943558029957
10.850683191446
10.830377479685
10.748935842375
10.626118171838
10.65614915104
10.615841828588
10.363553845773
10.305343055598
10.139373755088
9.8892807435417
9.911539595494
10.165708988096
9.1671234425105
7.8815673224111
10.287249469614
10.442869956639
9.5387275484147
10.366854025853
10.105144824755
9.8797830934724
9.7315310946854
9.9665592152489
9.8012711951423
6.5946989885176
9.7397504966888
9.9182013823508
10.017089997637
10.006426128595
9.6802416320045
9.3938694186152
9.6766526975441
9.4846001518316
9.5556142138594
9.4414943079277
9.383695426295
9.6450400752382
4.9866492703971
9.4283060287541
9.3447801556426
8.9779474444325
8.7280630508859
8.0170392135118
8.3397229145267
8.7326412949658
8.8059721953222
9.2205314641677
21.528606742402
14.921392111867
16.571285090768
4.6533096011062
8.031818627242
8.8168633665878
6.8206000064762
9.0024710110401
8.5843789452619
0.001314726355717
8.8854943936697
0.002317899572443
8.4158922530741
8.7165314284073
7.8456103512414
8.7030985909849
9.0105639210053
9.0874866002035
8.4559514344173
8.9555155454486
12.370417283862
12.287844531532
12.141400934081
12.130453465757
12.060139036375
11.996046741585
11.985626454219
11.905901290377
5.0402950392452
12.016546705507
11.99020158665
11.100097525281
11.899962927677
11.793960244863
11.782102152351
11.673204958107
11.602532378448
11.526663395385
11.388969184574
11.364084804566
11.28275826771
11.191270497574
11.210967213219
11.145215346523
10.953837552081
10.992460144763
11.117216024372
11.186103300517
11.108539133286
11.206181273348
10.405238024829
10.74193819367
10.397018794642
8.624720503926
10.851880338788
11.819007936969
13.08095078395
10.456878903192
10.193827540191
10.034822860418
10.692196694183
10.796197145443
10.452641390923
10.486826383327
10.56213164232
10.484587255233
10.446700706745
10.501404850191
10.299672748693
10.39562908266
10.453294383487
10.447345878078
10.371843654499
9.9778271540901
9.687400596522
9.8340873820496
9.8835797765364
7.7768035748675
8.1598450446606
32.136427075439
25.956625214268
15.179205072583
15.382844647969
26.66437611631
7.1898677079493
9.6496318432143
9.7027983976835
9.8831927766344
9.1840973325523
9.6464569029356
9.7019015466012
9.7849514355471
9.292315657004
9.260825098887
9.5654669222746
10.371186889345
9.2732703737774
9.1394407647394
9.144219217974
9.1497743414101
5.2208093548117
5.2300429624897
5.1196191130087
5.0374780242427
4.9508842310379
4.9551277975613
4.9316655850008
4.9233027723722
4.9243395470607
4.8683272507107
4.8414295601903
4.8738087841578
4.8363433975679
4.7890818064115
4.6251125391135
4.5784081944093
4.4616858566064
4.5089807444539
4.3698263179683
4.3897270688357
4.300701021217
4.2391028466985
4.2712718706824
4.2973785676776
4.2224382240016
4.2421415267703
4.187049952364
4.1747495013732
4.1904083147333
4.2130488905022
4.4358302694473
4.8684771738652
8.559940291964
4.2767899593183
4.6018223465423
4.579495685891
4.4253844034359
5.6777476166923
5.5835251299169
5.579360759053
5.4223206012697
0.00027220956286465
5.5426154173829
5.2713342506293
5.1895609837243
5.3403862960982
5.1939761238625
4.9015248200771
5.9762568634572
4.9811475371787
4.680726757737
4.6640402727759
5.1209013852608
3.821550153282
4.973516511114
4.8766734361312
4.8556905116128
4.8203411598017
4.7631902279948
4.7689123714365
17.247608487948
15.185144795089
14.571803651616
18.599380000793
6.6019089422049
5.0967388764966
6.7477379826871
6.5563345465507
6.8349946676531
6.8073844079892
6.6812530130983
6.7254684044753
6.1797885934113
6.9772875741222
6.7268742405913
6.2958441700613
6.2322069588008
3.6541401597199
0
6.6239914735149
13.522203061578
13.340680132362
13.320901863641
13.156364115736
13.139647773962
13.105908391463
13.038334143874
13.06450875676
13.104690918302
13.071637862142
13.089091974419
13.08124913552
13.002387416512
12.888356989147
12.785556822496
6.5462760629887
12.491784025962
12.330385883598
12.537449507586
12.365596692125
12.24063109375
12.169145074495
12.128101498691
12.148268684028
12.233172984327
12.18673016857
12.190659889412
12.113381361836
12.103122559133
12.242571435518
13.766289347445
12.657730705924
12.121959461296
8.5143724194878
11.674452242012
11.543805597006
11.578971641149
11.551476524589
11.546318492675
11.806223892306
11.777849467173
11.648722360828
11.641323463497
13.247631448847
11.571235584624
11.269482391541
10.926667982769
10.949203472666
11.164409057633
11.246989492727
11.398276327807
11.33447109648
10.956744141158
10.638871813478
10.81904271611
11.180334491325
10.921229333082
9.6404988157138
36.592935241639
10.340009156885
32.934979717253
21.299920666157
18.64341468955
22.83713487304
10.679711845982
0
10.181999782575
0
10.467188978307
10.740248487589
10.473276139164
10.227461493102
10.654623332745
10.538036983936
10.64778442136
10.513569675144
9.3937842569613
9.479775993179
10.315376672397
10.021702623606
35.397186960223
35.406615361083
35.205816287683
35.400106634209
33.182676465313
34.600156341422
25.854953730471
25.773426681361
25.843668781828
17.899345113381
25.759910119722
25.705327710498
25.712777468922
0
25.573245052154
25.395951453233
25.332428784524
25.117745631398
24.93114021791
24.759845901123
24.850731612452
24.815908792148
24.812944092867
24.651612833705
24.510955013369
23.762820513887
23.842019287141
24.42537477274
24.090215564526
24.231020261439
24.163732501128
25.056256422102
21.801421646618
23.865566029238
18.003010181673
17.742037796085
17.798501515941
17.715322121654
17.826980881889
17.878228526586
0
17.869113294664
17.923181492131
17.00885116529
16.969772710916
17.424679184364
17.711446943708
16.781795103062
16.559198350442
16.531610874364
16.767313029307
16.322459240467
16.243231415928
16.115564804746
15.939439611166
16.286068864794
16.550316601504
16.457170240022
16.589509889508
46.554706375304
36.006649239317
34.137812696449
22.989431506643
16.978385245616
11.503456198372
11.404809707599
9.3850492943879
0
12.184801272237
12.345639346898
0
11.52659843407
0
11.665829149011
0
0
11.184680986528
11.670312032541
11.179439264369
11.787515878748
0
0
0
0
1.409874414775e-09
0
0
0
0
0
0
13.444326902699
0
2.6448783324383
0
0.032702240749049
3.7348965026915
0
11.959988076537
0
0
0
0
0
0
0
0
2.1082311807789e-08
0
0
0
0
0
0
0
0
0
0
0
0
0
0
0
0
0
0
0
0
0
1.294616546398
8.956134525322e-10
0.077102064994969
0
0.22725829620467
0.39410752124049
0.0018325667648826
0
7.4091237709428e-12
2.2842184072819e-05
1.9938934872294e-12
0
0
1.9008719789243
2.6384083592425e-12
5.9497410192605
0.00088007449784736
1.5525763448508e-10
8.9683614216113
0
1.6138417171292
6.6487358470657
0
0
0
7.4886253272564
0
0
44.094337485132
0
0
0
0.00093486526367727
0
5.5339804207008e-09
0
0
0.00019236049809139
0
0.0014899749884307
0
0
10.936441207493
7.710181625024
5.7680636462637
2.0802746355211
7.4921772823084
8.8921868773018
0.2283413341053
0.029067629672215
0
11.804558347671
1.5678963309298
0
0
0
0
0.00011282897751163
0
0
0
0
0
0
0
0
0
0
0
0
2.0069009074716e-08
0
0
0
0
0
0
0
0
0
0
248.22235629016
0.05690506092152
173.26006242835
4.6557143174002
242.09510309992
6.0974705797393
14.669066488888
161.57449814731
3.2732221684938
182.02520004363
12.818209618426
183.79285274152
200.74729307084
5.3082710646977
181.3637529221
4.7232809433353e-09
150.14732033803
12.214159660116
11.751650069962
3.9058034347463e-12
0
8.0612833278745
0
0
0
0
2.169450460684
0
8.4666213905714
0
12.789501786155
0
0
0
0
0
11.831090594507
10.660487279568
8.0115533201222e-13
11.715578204459
19.657695704478
13.043850346552
20.057262215183
12.277684521869
16.796317887089
17.162399903892
9.78410663378
17.247294448347
0
0.0091926519252503
0
0
0
0
0
0.0035611990796464
0
0
0.00040921663470785
0
0
0
0.00022283345864656
6.0028933206672e-09
0
1.4209073198217e-12
0.00021064993503113
0
0
0
0
0.0002244530144038
6.6307546062833e-08
0
0
0.065026763251642
0
11.131608386853
223.64056899053
5.8624473842744e-10
188.0312388057
119.61011583157
2.4387571941877
234.51376257039
221.755602179
75.058326051344
136.35827004543
250.60815747731
5.7418255619301
10.939633077047
191.81242252855
236.53031380134
167.45716264015
1.2116663316762e-10
205.69379033985
224.89756464418
2.8817989927789
0.16387316793136
2.4771206546923
3.3141416386281
8.6846065223523
1.7743369224072
0
1.145527326279
0.20447920587297
0
8.9564591314116e-12
0
0
0
10.053841336376
0
9.872928957266
4.6572874113295e-12
13.29425610407
10.282451966283
0
11.143236908994
10.944922095884
10.88569505131
11.077441907636
20.051126370407
17.964532615827
6.5835951149016
0.17414222561668
0.29843108207584
3.4977631474618e-12
6.8675548027712e-12
0
0.00038328893284098
0
0
7.6821743063965
0
8.7846134119117
0
9.5919160442199
11.260598905743
0
13.0349216773
0.00053048426234806
0
0
0
0
0
0
0
10.534942201934
0
0
4.2269124507357e-08
0
0
0.104456008344
4.8859708156311
108.60890015041
7.6060463407565
2.250370736831
9.4852731189471
5.0879150873044
11.170524171544
21.52105552149
1.299970169493
14.333546362768
0.16886464510018
8.3172957872452
139.2108363463
10.113422565401
140.86545767495
4.9704619402303
7.3524304224522
15.14505464074
2.7444178367243
12.035529193345
3.5058029226848
208.54153508907
0
256.33651004867
0
0
170.13855882679
195.76693432019
0.1376066195065
0
0
116.56839253195
7.2260560822216
0
0
9.516129624424
0
9.3855640979534
9.4886293662396
0
9.4315198852495
7.4333385789949
9.9115238726269
6.4738547787058
9.8209860802291
2.6227425238208e-06
1.6575709613534e-12
11.50679493991
10.079959663707
20.618494052797
20.479873831334
27.0780085563
17.38965139675
13.795855242414
0.083957998335245
0
8.7761583856051
9.3433690321405
0
0
9.5036257621768
0
10.184224227128
0
0
0
0
3.9313303799285
0
0
0
0
0
0
0
0
0
0
3.2779035889023e-10
183.07818110238
7.9287239126758
0.92905074910892
6.8840600029603
13.413178441106
150.41280691096
7.3673208184888
10.550963200102
216.51142966739
239.5487702381
14.160570629184
180.00642607748
141.16561442057
11.527234092507
96.041638705244
4.9097511545138
124.62318888238
2.6718856539919
18.512981624441
39.737889020838
0.030732226627039
197.46918228777
0
147.91625914398
159.19699384858
2.5837409455899e-10
11.701174602721
0
0
0.79996879163659
0
0
0
0
0
0
9.5002627993512
9.6857706851881
0
9.5881665846773
9.5202396815385
9.530041981509
9.6239753111209
9.5396999664594
15.507931153218
0
22.979527032867
18.391377497029
12.328826864687
26.730444050744
17.273869662743
18.845373460366
8.8599696710551
16.592846890609
15.421225152781
0
8.8152165244037
8.8255493035882
9.0134169884624
0
8.1596466454253
8.6061773433396
0
0
0
0
0
0
0
0
9.8638466366563
0
8.100594852893
0
0.0019796802387865
3.4502262247658e-13
0.016807281658631
9.1402729801687
7.4361395913551
284.6947636951
7.3429045705045
124.11084459624
67.94443013325
97.47283597274
105.91200983959
12.675129738625
5.6543010042494
3.2736175820222
1.3201459395931
15.860404028593
140.78656534153
11.070753351556
197.52153893301
156.04626543604
142.67398113528
0.16961909617508
14.413602380373
134.68339883475
0
132.5443142969
184.68463101846
154.54332559189
194.03981120929
0
7.3819346878951
0
0
0.03313865908119
0
0.051254995998601
0
0
0
0
0
0
12.199417130188
12.509953148365
12.421523654816
12.485883564169
1.0896812462405e-12
12.677835565055
12.552084198209
0.0021930115106314
0
9.1947573083559
7.9222557729202
12.792500429175
14.161466376387
24.490196232224
15.5978343716
24.144817235314
16.845937971806
13.884024166667
16.182619671438
20.43967369213
8.5275046758368
8.4003962212674
0
0
0
0
0
7.6159190459795
0
8.682402070017
0.011573091032249
0.00058052481219362
0
7.9981621201879
0
7.7591931022498
0
7.7265484322781
7.6474380570867
7.9442403894484
0
8.4920700293181
0
9.025944827034
6.1525776021951
24.09718994119
9.121013832811
4.2084204129057
6.0684880738393
100.4358665005
121.20147280303
143.73019408697
159.41649832835
196.80039087687
200.04826733241
186.11751047284
18.993713194183
151.5816502586
193.97862130292
151.21029055879
155.04727367846
164.77356433825
120.85664646291
115.49033521933
0
21.8812385382
349.71121766057
0
156.15781717628
0.34608712845806
0.039686010027243
0
0
0
0.21755677160866
0
0.47234363665735
0
0
0
16.715169415376
16.209019595414
15.666883036596
0
16.044667024868
16.002515961024
0
35.614027863187
0
31.79744078545
12.294554838912
19.161159198875
19.461058033617
20.544352098595
18.849484333482
14.868179012887
9.3524977570736
13.269020062376
7.4111531119219
2.0219487791344
0
0.00015767668922236
0
8.3075156378904
7.879294928711
8.210516777454
0
7.5876435264425
8.3952034424166
0
232.00160035906
0
0
0
8.6572621111926
0
7.899785286844
0
5.6757351169467
6.5915969776647
0
220.39874921527
7.0387009731918
144.45796875564
10.88314501579
7.6407226023075
175.81307603879
8.2560421371813
142.79240292093
119.11810869252
1.1893938644175
8.6063001733032
122.87153957708
7.140854275274
1.8960132987133
0.75947538168856
113.87008649218
111.21625516891
8.3054252303172
107.10750689394
210.00328642915
138.82714786392
177.75866673194
23.318886803256
14.094580139458
179.0547205852
169.60799166675
185.16114491624
50.12707589707
9.8480139198823
294.00233344396
0.030657079061894
0
0.76018020701536
0.44594650838042
0
0
0
0
0
10.523592232155
11.105243359333
11.350872726968
10.332371432906
9.5903699141325
0
16.103822389525
9.0131575697774
16.007744068393
36.290846498601
23.683123080833
27.723374058494
21.97288572007
15.517627361401
23.479848305064
21.861777337188
21.250580584138
5.4594268293254
20.67939006648
12.807229413955
36.837949455106
0
10.333190169097
10.962909013428
10.412821410813
0
10.594023017914
11.508245556777
0
0
0
0
8.4198602420321
7.6276938731273
222.07734763278
8.1657424983411
7.8157729956208
8.7373205697969
6.2199724014233
234.72367722503
0.19433671033489
7.3639982237478
6.6833792591607
9.1201781900126
0
19.836676416846
0
0.04573395927004
0.031513824312377
9.9585187933825
8.2548855284337
156.84889315819
131.52910111765
151.90777084501
173.04343628298
187.14449128361
12.071177549247
154.67110106095
16.035853634154
25.465387692248
0.029939168995453
27.486838344243
4.2054040858238
226.53127149429
184.15623470538
204.23696135847
200.15128074522
0.86678882711033
48.329536891384
260.56156955621
251.38856444813
4.8497197365784
6.6645056406931
0.0020228036622839
1.4993887616252e-06
1.0455969614756e-12
0
0
0
0.18452176134694
10.356426307112
0
10.59606023605
0
11.090375798284
10.176244655862
0
10.225939071982
8.9778960559571
8.8317674684614
6.8239011819383
6.1746869661122e-12
17.110629658841
17.371196473635
3.7765501139167
3.1935236322866e-13
14.729888329191
20.25980029213
11.624350738801
19.747914936982
0
14.469686358912
14.643197842084
14.495259754224
0
0.022575438594791
0
9.5517742642099
11.50790633035
8.7671046500283
0
181.42659658832
8.8833665014103
0.15368945442088
7.319102162187
0.65312655886755
7.140842383779
0
7.981127830035
0
0
8.4818564964672
0
0
193.38398943699
11.419434785665
9.5214784200026
1.8111642412408
17.936772511305
4.687947090418
8.2927300646352
0
105.63686246526
0.089424774021393
0.059196744375823
187.28219705624
204.59388416356
151.27673293407
0.026012547766291
22.455569737262
117.05167420714
13.160788100777
9.9522852965805
5.9085624123541
0
204.99954021995
9.25253469573
0.092905287993988
0
0
21.794188406017
68.024082005242
0
0
0
0
0
6.4685426047671
0
0
12.773485642506
0
13.522549675281
13.581398060692
0
0
5.7757672969889
11.652487929959
20.043511102496
11.900621651548
22.760471780907
21.015311971899
0.22345481944646
3.624268142673e-12
19.475367859867
11.922503627573
19.51528003855
9.4916878250045
14.065071911191
16.255373217989
0.023398810127845
9.2899990231599
0.013974705646891
0.16036054812137
10.195122947007
13.638089688394
216.09490928012
14.033347525503
8.7393793041249
216.04533124627
13.266338892457
0
0
208.96148952289
0
2.9125208334516e-10
0
0
4.5878350027147
0
0.29989392133061
18.842724085313
0
0
0
0
8.1026174741408
0
188.03806575062
152.14836755467
138.02148800662
5.9521372090141
183.72804672724
3.8512682569616
131.41294757606
8.3353122252844
1.7338775975149e-09
3.6716393562756
18.098713937573
4.2011313064345
258.16070811593
6.2593027484785
0
215.48148109989
0
2.0746956191779e-10
37.60918043174
3.8199771828154
189.20952644516
2.6277053372537e-12
7.4103047437407
0
3.1551816473577
0
0.60912142263622
0
0
0
8.7789656752572
0
15.56758618927
15.543746736893
16.404287871925
0
13.190326344921
13.0409170017
13.09089609314
0
12.86945909639
22.933675154633
20.056843833595
3.1015552981368
11.73087246828
19.030741052251
20.120208469146
16.358159176351
11.517734415743
10.432852710405
12.03313497654
13.491652671073
0.30705279692899
9.220269409262
8.9900485474381
177.13802114484
0
198.76612557499
7.6944132702474
0
0
208.14136968193
7.7296319607723
0
225.26682185837
0
11.462954571855
206.6591085667
0
4.6636062451397
0
0
0
11.127593203905
10.318430342399
226.52226537837
0.0052349369114313
188.31914561818
11.304613459303
27.545748830296
5.7056887481508
7.5692953283672
2.3591062307784
7.3507598742449
12.89949623685
23.480814743846
10.186115176272
121.26750980151
96.860894589536
135.75350481051
6.3078071546487
8.2804787234708e-10
132.98195198528
0.00034385151605442
23.316838913952
0
0.056776875543864
216.00661780942
224.75069292338
222.62291816497
193.96189385898
194.91683718427
0.23892022021832
0
0
45.270517682135
0.030679089150563
0
0
0
0
0
0
15.718030480572
0
16.404228001858
15.827251402232
15.324734266479
14.875996617463
15.171101472434
15.245643923427
0
0.026975037256963
20.096183463641
20.370255198346
162.62591998617
214.87147958009
13.453045211355
0.47999860626915
316.25930243493
299.17588936477
23.605759429091
185.5817338672
216.73460809476
232.33909858614
0
146.83310739733
0
4.0584339520474
186.74839038412
0.08563289401919
211.88669790738
0
210.44146796687
6.2762876318472
0
3.4485233776518e-10
0
220.04424612608
5.7500364204711
7.1194003948828
0
219.88972325818
0
0.3543651103396
0
0.2867647540159
8.6540072891308
0
238.46107817554
1.3044968409561
0.21067010069064
15.97610830199
177.79262497636
0.0089452428218518
5.0323399165245
174.91207981844
141.47278397858
99.282051706063
177.19221135259
13.755402396541
152.57459241678
1.5372269429812
7.3977154313862
172.24410759002
2.8726688130932
0
8.0640807023561
0
84.595914749118
151.01281346936
13.626175213438
200.68150177071
25.097950484848
38.169548011451
9.8467777352504
0
5.4693798990732
0
0
0
0
0
12.412777581838
0
15.589215333703
14.638449257476
0
27.590234021029
0
31.187255522167
15.436712762246
20.816327536141
42.425792042429
20.723617749433
176.22419361737
154.27760490063
233.92159636216
247.70146790578
81.205270106875
180.40802091359
19.501479871928
155.85737950234
177.68839864622
0
6.7159389421846
6.5686307964571
8.9173418423623
176.05805697019
0
9.4056584606273
196.51474286308
0
0
0
200.51575004985
210.19103811676
0
0
10.652216264532
4.6107185052194
0
0.1365049631636
13.869251912968
0
215.33616267522
0
7.960549562461e-11
180.65768798031
0
247.18176476926
0
0.098945620277214
106.319971079
226.71730472409
0
8.9323566683423
7.4221873832492
1.8788826074847
3.4386884153399e-09
150.1844463638
7.9049668780624e-11
234.03162794042
155.15342672562
209.79362424555
28.547790632494
0
174.580836428
9.4852709147777
1.5668990089416
56.388411638019
219.69840155372
245.5146416579
0
0
0
0
0
235.49455394061
0
0
0
8.2322492941926
7.9859379135568
7.4417089337752
11.426183840398
10.160528582225
9.7642490844256
10.717313791999
0
0
14.925794518768
14.269816568382
14.436320164898
273.01267031374
224.18052252616
260.88361098059
259.15495148647
253.95850337659
251.00097020976
251.27501886467
243.45865334549
0.021117046399204
209.79023279285
10.286830533069
210.42538538567
173.41962721509
8.3733768338389
0
5.906965143281
6.5456107171613
0
0
192.00956804543
5.8451539635532
7.7848683569886
10.932621894416
0
10.159072278776
0
0
6.013297018028e-12
0
201.14852672777
0
12.794235327397
13.352540388873
12.501753465919
11.730443870099
0.4165513459491
0
0
0.085118112953867
6.3670354551586
139.86515504888
99.404510898031
163.00169240397
189.39079793962
3.9158726073112
3.812746564309
66.935958486624
0.081704121433255
0.49993732237472
0.41598916253859
229.99762745386
254.84361611118
233.2474115589
207.96133839526
50.415480169355
143.03330263619
14.524579454084
4.4285352451948
254.16512235207
2.1417411345735
0
0
0
0
0
0
0
0
8.3257271509091
8.3742317347342
6.2745387681189
0
0
0
5.647766039601
0
11.576475408523
11.673284648769
28.137177384026
283.69271331641
79.185896152079
231.80093184013
207.08425594473
247.08769902319
208.69880333694
202.57931625539
210.14147708154
236.65529207922
33.58637886135
13.690556817103
7.8738455249434
0.0034142692334716
159.84272857851
7.823490914795
164.06038422577
0
0
9.8988056670355
3.5209784245265
0
0
0
9.3330550474638
10.202922186672
0
0
11.796541539434
0
0
0
206.44880192743
0
5.4134100280598
0
0.084500464072172
0
190.65377206853
19.036759407723
0.96430387879954
0.067118469806958
0
0
1.7484827064159
4.3322571932702
214.62409873256
168.47750610441
115.90111687028
1.5492634109786e-10
212.37384953054
24.554553275285
0.11617382526443
131.95395333947
0
260.23278953742
263.52833976673
176.9888249745
4.4514584643927
14.387326901294
109.84308084654
0.45136350941979
19.41366564235
0
0
0
217.70232497971
0
0
0
8.5770166148233
0
8.089078680019
0
8.0176456173926
8.310433348493
0
7.8468625151324
6.7833600789798
0
193.33982962048
0.44593869517939
204.52785151916
210.2415538817
196.39940443893
234.6062731701
191.82709141377
172.81555338059
169.14105552542
178.55620960286
251.97639840219
7.1969910544519
8.7596402831678
0
194.28250510992
13.367531983037
225.57956909327
4.41039414373
0
0
211.26832984943
9.6642700567774
0.0017860344711037
2.5440078240719e-10
0
0
0
10.22709603753
0.8608609295606
0
13.233321030281
0
0
0
0
7.4855888972335
0
224.87146742486
0
0
0
11.871056723304
3.5374399191118
150.50805067845
1.7118997907777
203.51715489399
6.6822758410302
15.805229849565
17.491026183605
228.83346169371
216.22188171171
6.501337023997
152.87066442728
0
167.50158772789
10.426301049505
0.30235748401552
227.32660003015
9.8047676293936
207.99151165127
0
202.30720540561
0.2595996845378
0
9.1966956227018e-12
0
0
0
0
0
6.5130445049821
0
7.5513248992578
0
0
9.0882135993388
8.5915338272206
10.487265734477
277.20413186635
298.50719026362
237.93709672489
272.12008622678
142.23873619368
219.27210489548
207.33075182788
213.10665341215
256.64097597217
207.0870574806
242.65004391836
215.9936590891
0.012354110934146
235.6554147853
173.11452356953
13.653921264789
3.8802948355042
0.0019029911735201
13.581742173352
15.117019280951
11.55541795658
11.298893238173
0
0
0
193.87200474509
173.42269562003
0.022306518195707
0
0
185.42667599126
0
209.51016135154
0
0
0
0
0
0
0
0
1.8168308029058
0.66009164416599
0
160.05548160853
16.104098009346
194.08660988927
107.42399044265
0.44885268146497
149.59009830757
1.9615049924381
164.21909217342
3.2638842190021e-09
0.32765942173372
159.16829896188
15.213047546757
7.6113743766428
191.95360094419
1.0224697132608
0
216.13414383319
3.2206633794205e-09
153.87777040782
0.33852587205407
0
0
2.6423020383194e-12
0
0
0
0
5.9355798941171
0
10.035956721155
0
6.4830033376983
212.76574224663
10.233770042724
9.27085415827
278.5911960664
10.136117884218
0
218.23784306926
14.495196012954
8.5912531712769
217.44876082526
224.09959132052
215.16465569222
185.74145890137
211.22205752711
257.13774875556
256.04724433122
241.33142391007
0.014142513435401
239.1540407522
5.0075801486211
13.666913007959
13.30038897794
11.500094283335
11.260418552233
0
0
0
7.6780279651088
0
0
0.68835643862876
13.241234415037
0.027156979617695
0
6.1362425207453e-10
0
0
0
10.0245114387
203.26878646755
0
0
0.21613614692071
9.8370774514003
9.1063963897958
9.9759548272592
0
9.6232300972955
38.872334179873
0.73655945025952
0
21.020256047554
2.2749078493099e-11
0.44230927196729
168.0311637381
144.18492508053
2.5927061442683
1.433420984058
0
271.41896539347
17.690461434903
5.2439959912605e-12
0
1.2401529121515
3.154181735769e-12
0
238.31522347054
1.2782074385655
7.0284197250369
0
0
0
0
0
0
0
0
241.99873956751
260.38288410097
10.208080367493
9.8733952539342
9.7382638641662
269.24457033593
0
268.90667297928
271.78186516307
225.15316994444
270.10213207774
183.61123714547
241.23370089793
147.36366011574
192.17554725728
10.501155141414
199.99295121281
183.1710623586
240.91381162527
5.0201236449494
13.483198739447
196.3703035427
197.15884442934
21.137040604405
11.198571332819
0
4.9777157243083
13.733712474421
14.034949328303
12.915378739459
5.80172273746e-12
0
13.261581571766
0
0
1.2234958945503e-12
10.958135073657
0
10.688023877345
12.485371758234
0
0.071557927724109
0
0
8.7034246743039
0
0
0
0
211.70454972213
0
0
7.3912960138256
0.034804688785039
0
7.0275644488779
159.84448650773
0
0
16.463008772064
5.6545107986906
0
1.9205078162505e-10
2.8686508253923e-10
8.966736791585
243.07662026252
44.242379681382
232.31778155289
0.019500569115472
0
0.28131644510009
0
0
0
9.2397117481291e-12
0
0
0
0
0
2.956915534083
0
0
0
0
0
0
0
0
0
0
0
0
0
0
0
0
0
1.9140054899322
0
0
0
0
0
0
7.4831280046649
0
5.0621137786751
0
0
0.13902591842503
0
0
0
0
0
0
0
0
0.28756477173998
7.7866048625521
0
0
3.6300229045201e-11
0
0
0
0
0
0
0
0.18611851294481
0
2.7923253111692e-12
0.0014596241345028
0
4.8426364152905
0
0
0
0
0.011536200934057
0
0
0
0
0
0
0
0
0
0
0
0
0
0
0
0
0
0
0
0
0
0
0
0
0
0
0
0
0
0
0
0
0
0
0
7.4890894339476
0
0
0
201.61787658153
0
0
0
0
0
4.664745709267
0
0
0
0
0
0
0
0.28271765544253
0
0
0
0
0
0
4.7938739265493
0
4.4498132160602
0
0
0.0018631412972879
0
0
0
0
0
0.24613205784935
0
0
0
0
0
0
0
0
0
0
3.953367204222
0
0
0.37572099710316
0
0
0
0
5.7640590715862
0
0
0
0
0
0
0
0
0
0
0
0
0
0.42398104373262
0
0
0.092247593302611
0
0
0
5.201035143751
0
0
0
0
0.014249329410531
0
0
3.8864162531842
0
0
0
0
0
0
0
0
0
0
0
0
0
0
0
0
0
0
0.44251886994804
0.0037716986000218
7.0253464796449
2.9511304551794
0.63198446392057
0
0
0
0
0
0
0
0
3.144647529311
0
0
0
0
0
0
0
0
0
0
0
0
0
0
0
0
0
0
0
0
0
0
0
0
0
0.14304019778214
6.4464532199766
0
0
0
0
0
0
0
0
0
0
0
0
0
0
0
0
0
0
0
0
5.7410631043678
0
0
5.3897535556315
0
0
0
0
0.075959835500812
0
0
0
0
0
0
0
0
0
0
0
0
0
0
0
0
0
0
0
0
0
0
0
0
0
0
0
0
0
0
0
0
0
0
0
0
0
0
0
0
0
0
0
0
0
0
0
0
0
0
0
0
0
0
0
0
0
0
0
0
0
0
0
0
0
0
0
0
0
0
0
0
0
0
0
0
0
0
0
0
0
0
0
0
0
0
0
0
0
0
0
0
0
0
0
0
0
0
0
0
0
0
0
0
0
0
0
0
0
4.932938361797
0
0
0
0
0
0
0
0
0
0
0
0
0
0
0
0
0
0
0
0
0.00097965659867644
0
4.4071008433895
0
6.3680852479419
0
0
6.3222513607534
0
0.2524059497174
42.436163994913
608.85442067387
0
2004.4478887619
3.1272199622666e-09
0
4.8213316208454e-10
310.48468587378
0
0
0
3.111739223398
0.62706629666871
4.8571444071057e-05
0
0
0
0
0
0
0
0
0
0
3.4334010801679
0
0
0
0
0
6.2348640616593
0
0
0
0
0
0
0
0
0
0
0
0
0
0
0
0
0
0
0
0
0
0
0
0
0
0
0
0
0
0
0
0
0
0
0
0
0
0
0
0
0
0
0
0
0
0
0
0
27.414432871029
0
0.14361959382929
0
0
0
0.00015540454950822
0
0
0
0
0
0
0
3.6126172201101e-11
0
0
0
0
0
0
0.00709912086822
0
0
0.041613388029125
0
0
0
0
0
0
0
0
0
0
0
0
0
0
0
13.014424019114
0.0066643880211797
0
0
0
0
0
0
0
0
0
0.00027068870932314
0
0
0
0
0
0
0
0
0
0
0
0
0
0
0
0
0
0
0
0
0
0
0
0
0
11438.268576417
0
0
0
0
0
0
0
0
0
0
1.6470133046744
0
3.6952131248114
0
0
0
0
0
0
0
11.484888594139
0
0
3.5374281266748e-11
0
0
0
2.2479829981691
175.62923442496
0.11970578578825
0
0
0
0
0.25944392795838
0
1373.3442036081
0.70447900221661
473.31869453245
4.9807670155328
0
0.0004024923974673
0
0
0
0
0
0
0
0
0
0
0
0
0
0
0
0
0
1.6397339195535e-05
7.8630110221657e-08
0
0
0
0
0
0
81.653966067929
0
0
0
0
0
0
0
0.037275167912677
0.00033843162517297
0
0
0
0.034000939030136
48.02185321345
0
4.2250229266163e-11
0
0
0
0
0
0
0
0.29011239262997
0
0.00010332755240206
0
1.6208844286676e-11
0
0.86135547263377
0
0
0
0
1.4989113579551
0
0
0.0031884806702814
0
1195.8533308853
0
0.19755084289958
0.55314304613786
0
0
0
0
0
1469.6355320448
2.7514717094676
10063.033352059
4.1355342456857e-08
11.215337544165
0
0.002290336046085
0
0
0
0
5.2221360123313e-09
0
0
0
0
0
0
0
0
0.0013165326653595
2.2638553400785
0
0
0
0
1.2985564427289e-11
40.768533244484
2.1756981139497
0
5.3815451376215e-11
5.2717812549026e-05
0
0
0
0
0
0
0
0.015317996192917
4.5897824894909
0
0
0
0
4930.3953517138
0
0.41295086621121
0
33.122238237585
17.719032369531
0
0.169762979934
0
0.00042833034201522
0
0
0.089436518435557
0
0
0
0
0.0042521424021625
0
0.90567343658083
0
0
1814.3269882738
0
0
1.316314449596
0
0.13586942784603
0
0
0
0
0.9508041159549
0
391.22403861763
0
0
0
0
0
0
1.8548381272973
0
0
497.66433260975
0.37431883596216
0.04507625425965
0.056173203790734
0.49986445051768
0.12332403189853
0
2.2378409666946e-11
0
103.25321710874
1.206441994587
0
0.72499734939766
1.8525410843605
94.92612402004
0
5.466933917005
1.5696542633948
5.0579336522918e-10
407.15959658944
624.73903863457
39.781298996274
1.7932856483926
0.0045254136734715
86.590420133613
0
5.4223891580752
0
293.48909806711
141.7174166379
0
0
4.7246981344883
0.026229147773047
0
0
0
2196.4363855391
0
3.8492417374518
0.00094391443815713
0
5.3674623910032
0
0
0
0.36084599361646
2.372652305701e-05
0
0
0
0
0
0
0.21720180994529
0
0.024971712399378
0.11414395531471
0.90110645370595
0.00059809588002816
0
0
0
8.7208340035309e-12
0
0
0
0.15579497362858
399.63103333569
0
39.357429958956
0
0
1.1364178795621
0
0
0.0055882113713694
0.83975930157064
3.1663679273656e-11
44.411111795833
0
0.051494653541341
1.3989139944634
100.66973561847
0.098246901915051
0.0023652548239362
0
0
0.013459387864655
13.175164155866
0
39.756815727167
0
0
0.018750587430244
0.0016619523910789
0
0.0083502893926417
0.73240342566355
0
0
1.1936388211942
0
8.3829569478246e-06
0.065469498127315
4.0005577284625e-07
0
16.476905653265
0.0099034441526393
0
0
0.080801046502871
0
0
0
0.00015264665781098
2.2819504490198
0
0
0
2.1813178895696
0.0042851418821081
0
0
0
2.0877183141279
0
0
0
0
0
0
0.00017683404656595
0
0
0
0
1.5431475528357
0
0
0
0
0
0
0
0.97374659019055
0.4828619325853
0
0
0
0
0
0
0
0
0
1.4936394511998
0
0
0
0.024848841185501
0
0
0.17306848967966
0
0
0
1335.137542448
0.90012191237874
3415.6804239678
126.70204157733
0
0
0.20890765438491
0
0
0
0.017007008322923
0
2.923064231878e-06
0
65.144484600563
0
0
0.12893160737654
1644.6496250289
0
0.11265428491228
0
0.79074319712347
1029.0763316225
1.5515551810781
3.020480657562e-11
0
0
6.1165803451662
0.39060253885168
569.14587993685
0
14.581027998163
3076.602697703
0
5.1208285457411e-09
2086.7135324536
1500.389826981
0
0
0
0
48.89853228603
0
0.037070736145077
1.8380042805227
0
1718.3900290883
1.7696816423806e-10
484.54716335651
4224.2609453112
0
0
0
1.775783247665
0
0
764.552880621
683.67685979454
0
0
4.1630295030737
2.8119799403643
0.093286420354056
0
0
107.53206533067
0
0
0
0
7.6139413155307e-12
0
0
0
0
4.1180849268446e-12
0
0
0
0
0
0
0
0
0
0
771.04712172021
758.56532286597
0
0.0089997158534218
0
0
0.31772462834123
0.66375147774964
0
0
69.807144000646
110.17038866677
97.001720199011
0.069613763433363
0.52616683024507
0
0
0
27.453863947843
804.06582984155
0
53.554368144792
935.27517746301
0
0
0
0
0.29184802343179
786.2263415153
0
0.15149699561317
0.1439363767041
51.914949676823
2.9530956962461e-11
0.93872480748125
0.51166595950407
0
0
0
0
2.0056586964044
0
0
822.2378529521
0
0.00088830623899266
0
4.179856516396
3.7426105683831
1.2135044428426
0
0
0
0
2.4195184420055
0
0.16028025222916
0
0
0
0.00095238810137986
0
0
0
0
0
0
0
0
0.0069003279324958
0
124.56020271984
16.664328494102
0
291.72467716089
0
0
0
0.024944573948732
0
0
0.60500429919447
0
0
784.55215459944
0
0
0
0
4.4269142058783
1.9787544811146
3.263165543112
0
0
0
1.582637059485
2.6625228100286e-05
0.79351458876167
0
0
0
1.5787925166163
0
0
826.51322360523
0
8.3625459999073
233.85666772302
2084.3252817013
0
0
0
0
0
0
0
0
0
0.31755004128765
0
0
0
0
52.069957753668
0
0
0
0
0
0
0
0
0
0
0
0
0
0
0.4260814835468
0
1.1409955736547
0
0
0
0
0
0
0.14260174467329
0
78.018731382709
0
0
0
0
0
0
0
0
0
0
0.86114186835355
0
0
3.0496098668246
0
0
0
0
1.0266530462891
0.9919097519762
0
0
0
2.7309807722707
0.4240917891101
0
0
0.26353478090781
0.040751937710642
4.0523043884019e-12
0
0
0
0
0
0
0
0
0
0
0
0
0.00032655589266144
0
0.023744726959984
0
0
0
27.873771010802
199.08081603229
0
0.88452789331843
0
0
925.6168705071
0
4.2102635759739
2.8289440457344e-07
0.33832346391441
0
0.31156459271386
0
2.8667489119984
0
3.7348520829561
171.73436667341
2.7584175108765
189.29834278649
0
0
0.20451317781809
0
0
0.0039254354851936
0
0
510.78542057316
0
212.99059261935
0
52.227688643359
0
0
0.15790561424011
0
0
0.39884288844474
1147.2932446224
0
0
0
0
0
0.00066522602442473
0
0.9297414202074
0
0
0
2.4805444613717
0
2.0771637943833e-11
0
0
0
0
1.0934321752893e-11
1.1045715951364e-11
1.8500498434998
0
0
0
0
0
0
0
0
0
0
0
0
0
0
0
0
0
1.1635998008947e-07
0
0
0
0
0
0
0.055597193003651
0
0
0.012060347183198
0
0
0
0
0
0
1.3728832141031
0
0
0
0
0
0
0
0
0
0.030376033990905
0
0
0
0
0.10079446674269
0
0
0
0
0
0
0
0
0
0
0
0.43169399206522
0
0
0
0
0
0
0
0
0
0
0
0
0.15922506738153
0
0
0
0
0
0.23865578511123
0
0
0
0
0.00036449933217684
0
0
0
0
0
0
0.054012681101247
0
0
0
0
0
0
0
0
0
0
0
0
0
0
0
0
0
0
0
0
0
0.0022358468984269
0.075301256576981
0
0
0
0
0
0
0
0
0
0
14.196166824774
0.44009608486247
0
3.3853374019391
0.006599342351612
0.54899545351413
2.8213885264968e-05
0
5.5517119899765e-12
2.2245696626003
0
0
0
1.6909432204987
0
0
0
0
2.1365740585642
1.3003901507932e-11
0
0
0.54945603694736
537.91271869941
0.096915287237435
0
0.46459322044114
0
0
0.028091552981954
0.071573127985918
0
2.5940858997922
0
0.5781698522783
1082.3323871482
0
0
0.63505531481485
4.9347745377023e-06
0
1243.9581637241
0
0
2.9642868287405
0
0
0
2.0362490083964
0
0.04244950195247
0
0
0
0
0
0
0
0
0
0
0
0
0
0
0
0
0
0
0
0
0
0
0
0
0
0
0
0
0.16671806703972
0
0
0
0
0
0
0
0
0
0
0
0
0
0
0
0
0
0.12142232217308
0
0
0
0
0
0
0
0
0
0
0
0
0
0
0
0
0
0
0
0
0
0
0
0
0
0
0
0
0
0
0
0
0
0
0
0
0
0
0
0
0
0
0
0
0
0
0
0
0
0
0
0
0
0
0
0
0
0
0
0
0
0
0
0
0
0
0
0
0
0
0
0
0
0
0
0
0
0
0
0
0
0
0
0
0
0
0
0
0
0
0
4.1786403361474
0
0
0
0
0
0
0
0
0
0
0.74280830566147
0
0
0
0
6.8791389337515e-05
0.00020225645085936
0
0
0
1.2151328724926e-11
1.2330924865907e-11
0
0.94758053227895
0
3.523236838471
0
0
0
0.0081965476095075
0
0.57875487204799
0.098937864915744
0.019396333844757
0
0.013526465354952
0
17.912337518716
0
0
0
0
1108.2435195302
1.9606133408643e-09
0
269.58118805851
0.76226235716675
0
0
0
0
0
0
0
0
0
0.0028450754961793
0
0
0
0
0
0
0
0
0
0
0
0
0
0
0
0
0
0
0
0
0
0
0
0
0
0
0
0
0
0
0
0
0
0
0
0
0
0
0
0
0
0
0
0
0
0
0
0
0
0
0
0
0
0
0
0
0
0
0
0
0
0
0
0
0
0
0
0
0
0
0
0
0
0
0
0
0
0
0
0
0
0
0
0
0
0
0
0
0
0
0
0
0
0
0
0
0
0
0
0
0
0
0
0
0
0
0
0
0
0
0
0
0
0
0
0
0
0
0
0
0
0
0
0
0
0
0
0
0
0
0
0
0
0
0
0
0
0
0
0
0
0
0
0
4.4903593045419
0
0
0
0
0
0
0
0
2.5954357021021
0
0
1.7448580607902
507.30818376003
3.6192121622787
0
51.077738271626
0
68.598577585805
0
0
0.10635458395741
0
0
0
0
1.6730001492599e-09
0
0
0
0
0
0.50251032402034
0
0
0
0
0
0
0
0
0
0
0
0
0
0
0
0
0
0
0
0
0
0
0
0
0
0
0
0
0
0
0
0
0
0
0
0
0
0
0
0
0
0
0
0
0
0
0
0
0
0
0
0
0
0
0
0
0
0
0
0
0
0
0
0
0
0
0
0
0
0
0
0
0
0
0
0
0
0
0
3.5787624008042e-11
0
0
0
0
0
0
0
0
0
0
0
0
0
0
0
0
0
0
0
0
0
0
0
0
0
0
0
0
0
0
0
0
0
0
0
0
0
0
0
0
0
0
0
0
0
0
0
0
0
0
0
0
0
0
0
0
0
0
0
0
0
0
0
0
0
0
0
0
0
0
0
0
0
0
0
0
0
0
0
0
0
0
0
0
0
0
0
0
0
0
0
0
0
0
3.7704285694022e-06
0
0
0
0
0.0067264115054504
0
0
0
0.58522563435116
644.91882799602
0
0
0
1.6089942208407
1.3087716533663
0
0
0
0
0.00057435094560849
0
0
0
0
0
0
0
0
0
0
0
0
0
0
0
0
0
0
0
0
0
0
0
0
0
0
0
0
0
0
0
0
0
0
0
0
0
0
0
0
0
0
0
0
0
0
0
0
0
0
0
0
0
0
0
0
0
0
0
0
0
0
0
0
0
0
0
0
0
0
0
0
0
0
0
0
0
0
0
0
0
0
0
0
0
0
0
0
0
0
0
0
0
0
0
0
0
0
0
0
0
0
0
0
0
0
0
0
0
0
0
0
0
0
0
0
0
0
0
0
0
0
0
0
0
0
0
0
0
0
0
0
0
0
0
0
0
0
0
0
0
0
0
0
0
0
0
0
0
0
0
0
0
0
0
0
0
0
0
0
0
0
0
0
0
0
0
0
0
0
0
0
0
0
0
0
0
5.2011883751466e-12
7.9303989366938e-12
0
0.096030052471203
0
0
0.21512503688071
0
0
0
0
0
0
0
0
0
0
0
0
0
0
0
0
0
0
0
0
0
0
0
0
0
0
0
0
0
0
0
0
0
0
0
0
0
0
0
0
0
0
0
0
0
0
0
0
0
0
0
0
0
0
0
0
0
0
0
0
0
0
0
0
0
0
0
0
0
0
0
0
0
0
0
0
0
0
0
0
0
0
0
0
0
0
0
0
0
0
0
0
0
0
0
0
0
0
0
0
0
0
0
0
0
0
0
0
0
0
0
0
0
0
0
0
0
0
0
0
0
0
0
0
0
0
0
0
0
0
0
0
0
0
0
0
0
0
0
0
0
0
0
0
0
0
0
0
0
0
0
0
0
0
0
0
0
0
0
0
0
0
0
0
0
0
0
0
0
0
0
0
0
0
0
0
0
0
0
0
0
0
0
0
0
0
0
0
0
0
0
0
4.8237504463748
0
0
0
0
0
0
0
0
5.8780396795105e-12
0
0
0
0
0.19607429942018
0
0
0
0
0
0
0
0
0
0
0
0
0
0
0
0
0
0
0
0
0
0
0
0
0
0
0
0
0
0
0
0
0
0
0
0
0
0
0
0
0
0
0
0
0
0
0
0
0
0
0
0
0
0
0
0
0
0
0
0
0
0
0
0
0
0
0
0
0
0
0
0
0
0
0
0
0
0
0
0
0
0
0
0
0
0
0
0
0
0
0
0
0
0
0
0
0
0
0
0
0
0
0
0
0
0
0
0
0
0
0
0
0
0
0
0
0
0
0
0
0
0
0
0
0
0
0
0
0
0
0
0
0
0
0
0
0
0
0
0
0
0
0
0
0
0
0
0
0
0
0
0
0
0
0
0
0
0
0
0
0
0
0
0
0
0
0
0
0
0
0
0
0
0
0
0
0
0
0
4.3388275537563
0
304.49673991764
0
0
0
0.081460024875358
6.2889036520421e-05
0
0
0
0
0
0
0
0
0
0
0
0
0
0
0
0
0
0
0
0
0
0
0
0
0
0
0
0
0
0
0
0
0
0
0
0
0
0
0
0
0
0
0
0
0
0
0
0
0
0
0
0
0
0
0
0
0
0
0
0
0
0
0
0
0
0
0
0
0
0
0
0
0
0
0
0
0
0
0
0
0
0
0
0
0
0
0
0
0
0
0
0
0
0
0
0
0
0
0
0
0
0
0
0
0
0
0
0
0
0
0
0
0
0
0
0
0
0
0
0
0
0
0
0
0
0
0
0
0
0
0
0
0
0
0
0
0
0
0
0
0
0
0
0
0
0
0
0
0
0
0
0
0
0
0
0
0
0
0
0
0
0
0
0
0
0
0
0
0
0
0
0
0
0
0
0
0
0
0
0
0
0
0
0
0
0
0
0
0
0
0
0
0
0.0022346251672611
0
0
0
0
0
0
0
0
0
0
0
0
0
0
0
0
0
0
0
0
0
0
0
0
0
0
0
0
0
0
0
0
0
0
0
0
0
0
0
0
0
0
0
0
0
0
0
0
0
0
0
0
0
0
0
0
0
0
0
0
0
0
0
0
0
0
0
0
0
0
0
0
0
0
0
0
0
0
0
0
0
0
0
0
0
0
0
0
0
0
0
0
0
0
0
0
0
0
0
0
0
0
0
0
0
0
0
0
0
0
0
0
0
0
0
0
0
0
0
0
0
0
0
0
0
0
0
0
0
0
0
0
0
0
0
0
0
0
0
0
0
0
0
0
0
0
0
0
0
0
0
0
0
0
0
0
0
0
0
0
0
0
0
0
0
0
0
0
0
0
0
0
0
0
0
0
0
0
0
0
0
0
0
0
0
0
0
0
0
0
0
0
0
0
0
0
0
0
0
0
0
0
0
0
0
0
0
0
0
0
0
0
0
0
0
0
0
0
0
0
0
0
0
0
0
0
0
0
0
0
0
0
0
0
0
0
0
0
0
0
0
0
0
0
0
0
0
0
0
0
0
0
0
0
0
0
0
0
0
0
0
0
0
0
0
0
0
0
0
0
0
0
0
0
0
0
0
0
0
0
0
0
0
0
0
0
0
0
0
0
0
0
0
0
0
0
0
0
0
0
0
0
0
0
0
0
0
0
0
0
0
0
0
0
0
0
0
0
0
0
0
0
0
0
0
0
0
0
0
0
0
0
0
0
0
0
0
0
0
0
0
0
0
0
0
0
0
0
0
0
0
0
0
0
0
0
0
0
0
0
0
0
0
0
0
0
0
0
0
0
0
0
0
0
0
0
0
0
0
0
0
0
0
0
0
0
0
0
0
0
0
0
0
0
0
0
0
0
0
0
0
0
0
0
0
0
0
0
0
0
0
0
0
0
0
0
0
0
0
0
0
0
0
0
0
0
0
0
0
0
0
0
0
0
0
0
0
0
0
0
0
0
0
0
0
0
0
0
0
0
0
0
0
0
0
0
0
0
0
0
0
0
0
0
0
0
0
0
0
0
0
0
0
0
0
0
0
0
0
0
0
0
0
0
0
0
0
0
0
0
0
0
0
0
0
0
0
0
0
0
0
0
0
0
0
0
0
0
0
0
0
0
0
0
0
0
0
0
0
0
0
0
0
0
0
0
0
0
0
0
0
0
0
0
0
0
0
0
0
0
0
0
0
0
0
0
0
0
0
0
0
0
0
0
0
0
0
0
0
0
0
0
0
0
0
0
0
0
0
0
0
0
0
0
0
0
0
0
0
0
0
0
0
0
0
0
0
0
0
0
0
0
0
0
0
0
0
0
0
0
0
0
0
0
0
0
0
0
0
0
0
0
0
0
0
0
0
0
0
0
0
0
0
0
0
0
0
0
0
0
0
0
0
0
0
0
0
0
0
0
0
0
0
0
0
0
0
0
0
0
0
0
0
0
0
0
0
0
0
0
0
0
0
0
0
0
0
0
0
0
0
0
0
0
0
0
0
0
0
0
0
0
0
0
0
0
0
0
0
0
0
0
0
0
0
0
0
0
0
0
0
0
0
0
0
0
0
0
0
0
0
0
0
0
0
0
0
0
0
0
0
0
0
0
0
0
0
0
0
0
0
0
0
0
0
0
0
0
0
0
0
0
0
0
0
0
0
0
0
0
0
0
0
0
0
0
0
0
0
0
0
0
0
0
0
0
0
0
0
0
0
0
0
0
0
0
0
0
0
0
0
0
0
0
0
0
0
0
0
0
0
0
0
0
0
0
0
0
0
0
0
0
0
0
0
0
0
0
0
0
0
0
0
0
0
0
0
0
0
0
0
0
0
0
0
0
0
0
0
0
0
0
0
0
0
0
0
0
0
0
0
0
0
0
0
0
0
0
0
0
0
0
0
0
0
0
0
0
0
0
0
0
0
0
0
0
0
0
0
0
0
0
0
0
0
0
0
0
0
0
0
0
0
0
0
0
0
0
0
0
0
0
0
0
0
0
0
0
0
0
0
0
0
0
0
0
0
0
0
0
0
0
0
0
0
0
0
0
0
0
0
0
0
0
0
0
0
0
0
0
0
0
0
0
0
0
0
0
0
0
0
0
0
0
0
0
0
0
0
0
0
0
0
0
0
0
0
0
0
0
0
0
0
0
0
0
0
0
0
0
0
0
0
0
0
0
0
0
0
0
0
0
0
0
0
0
0
0
0
0
0
0
0
0
0
0
0
0
0
0
0
0
0
0
0
0
0
0
0
0
0
0
0
0
0
0
0
0
0
0
0
0
0
0
0
0
0
0
0
0
0
0
0
0
0
0
0
0
0
0
0
0
0
0
0
0
0
0
0
0
0
0
0
0
0
0
0
0
0
0
0
0
0
0
0
0
0
0
0
0
0
0
0
0
0
0
0
0
0
0
0
0
0
0
0
0
0
0
0
0
0
0
0
0
0
0
0
0
0
0
0
0
0
0
0
0
0
0
0
0
0
0
0
0
0
0
0
0
0
0
0
0
0
0
0
0
0
0
0
0
0
0
0
0
0
0
0
0
0
0
0
0
0
0
0
0
0
0
0
0
0
0
0
0
0
0
0
0
0
0
0
0
0
0
0
0
0
0
0
0
0
0
0
0
0
0
0
0
0
0
0
0
0
0
0
0
0
0
0
0
0
0
0
0
0
0
0
0
0
0
0
0
0
0
0
0
0
0
0
0
0
0
0
0
0
0
0
0
0
0
0
0
0
0
0
0
0
0
0
0
0
0
0
0
0
0
0
0
0
0
0
0
0
0
0
0
0
0
0
0
0
0
0
0
0
0
0
0
0
0
0
0
0
0
0
0
0
0
0
0
0
0
0
0
0
0
0
0
0
0
0
0
0
0
0
0
0
0
0
0
0
0
0
0
0
0
0
0
0
0
0
0
0
0
0
0
0
0
0
0
0
0
0
0
0
0
0
0
0
0
0
0
0
0
0
0
0
0
0
0
0
0
0
0
0
0
0
0
0
0
0
0
0
0
0
0
0
0
0
0
0
0
0
0
0
0
0
0
0
0
0
0
0
0
0
0
0
0
0
0
0
0
0
0
0
0
0
0
0
0
0
0
0
0
0
0
0
0
0
0
0
0
0
0
0
0
0
0
0
0
0
0
0
0
0
0
0
0
0
0
0
0
0
0
0
0
0
0
0
0
0
0
0
0
0
0
0
0
0
0
0
0
0
0
0
0
0
0
0
0
0
0
0
0
0
0
0
0
0
0
0
0
0
0
0
0
0
0
0
0
0
0
0
0
0
0
0
0
0
0
0
0
0
0
0
0
0
0
0
0
0
0
0
0
0
0
0
0
0
0
0
0
0
0
0
0
0
0
0
0
0
0
0
0
0
0
0
0
0
0
0
0
0
0
0
0
0
0
0
0
0
0
0
0
0
0
0
0
0
0
0
0
0
0
0
0
0
0
0
0
0
0
0
0
0
0
0
0
0
0
0
0
0
0
0
0
0
0
0
0
0
0
0
0
0
0
0
0
0
0
0
0
0
0
0
0
0
0
0
0
0
0
0
0
0
0
0
0
0
0
0
0
0
0
0
0
0
)
;

boundaryField
{
    inlet
    {
        type            zeroGradient;
    }
    outlet
    {
        type            zeroGradient;
    }
    wall
    {
        type            zeroGradient;
    }
    wedgeBack
    {
        type            wedge;
    }
    wedgeFront
    {
        type            wedge;
    }
    defaultFaces
    {
        type            empty;
    }
}


// ************************************************************************* //
