/*--------------------------------*- C++ -*----------------------------------*\
  =========                 |
  \\      /  F ield         | OpenFOAM: The Open Source CFD Toolbox
   \\    /   O peration     | Website:  https://openfoam.org
    \\  /    A nd           | Version:  10
     \\/     M anipulation  |
\*---------------------------------------------------------------------------*/
FoamFile
{
    format      ascii;
    class       volVectorField;
    location    "0.00025";
    object      U;
}
// * * * * * * * * * * * * * * * * * * * * * * * * * * * * * * * * * * * * * //

dimensions      [0 1 -1 0 0 0 0];

internalField   nonuniform List<vector> 
100
(
(0.90988019787735 -1.1693616288416e-22 -1.1693616288416e-22)
(0.90987031911808 1.6184390237642e-22 1.6184390237642e-22)
(0.90986827382568 4.2030052557954e-22 4.2030052557954e-22)
(0.90986091468734 4.4626976429708e-22 4.4626976429708e-22)
(0.90985113049693 2.6544640981766e-22 2.6544640981766e-22)
(0.90983601991437 -1.5781320265467e-22 -1.5781320265467e-22)
(0.90981986405241 -1.1921623243414e-22 -1.1921623243414e-22)
(0.9098094266907 -5.3134246095237e-23 -5.3134246095237e-23)
(0.90980405334833 -1.0173584483994e-23 -1.0173584483994e-23)
(0.90980170728754 1.8155600989125e-22 1.8155600989125e-22)
(0.90980081589536 1.5910743258955e-22 1.5910743258955e-22)
(0.90980051563269 -5.9735014514583e-23 -5.9735014514583e-23)
(0.90980042469429 -6.7837378456185e-23 -6.7837378456185e-23)
(0.90980039965725 -1.8413312494643e-23 -1.8413312494643e-23)
(0.90980039333542 7.1375695180827e-23 7.1375695180827e-23)
(0.90980039186076 1.9030159834314e-22 1.9030159834314e-22)
(0.90980039154091 6.0306860912677e-23 6.0306860912677e-23)
(0.90980039147605 -2.5277299839444e-24 -2.5277299839444e-24)
(0.90980039146372 -8.6036224590931e-24 -8.6036224590931e-24)
(0.90980039146151 -1.7262196817781e-22 -1.7262196817781e-22)
(0.90980039146115 -1.8184641283602e-22 -1.8184641283602e-22)
(0.90980039146111 3.2072328351988e-24 3.2072328351988e-24)
(0.90980039146111 3.8086540893973e-23 3.8086540893973e-23)
(0.90980039146112 3.1973062165545e-23 3.1973062165545e-23)
(0.90980039146112 -9.8383353194577e-23 -9.8383353194577e-23)
(0.90980039146111 -1.75753809415e-22 -1.75753809415e-22)
(0.90980039146112 -2.3144028022869e-22 -2.3144028022869e-22)
(0.90980039146112 -1.6795575926017e-22 -1.6795575926017e-22)
(0.90980039146109 1.0927128284296e-22 1.0927128284296e-22)
(0.90980039146111 1.2097393639671e-22 1.2097393639671e-22)
(0.90980039146111 1.5375810333893e-22 1.5375810333893e-22)
(0.90980039146111 -4.7440756315851e-23 -4.7440756315851e-23)
(0.90980039146111 9.2659036587148e-23 9.2659036587148e-23)
(0.90980039146112 2.6266911390694e-22 2.6266911390694e-22)
(0.90980039146109 -3.4309583870216e-22 -3.4309583870216e-22)
(0.90980039146112 -1.1613522610676e-22 -1.1613522610676e-22)
(0.9098003914611 1.6226529393268e-22 1.6226529393268e-22)
(0.90980039146112 -3.9250533626778e-23 -3.9250533626778e-23)
(0.9098003914611 1.9612907864718e-22 1.9612907864718e-22)
(0.90980039146113 3.0535325662073e-22 3.0535325662073e-22)
(0.90980039146111 1.8544198511097e-22 1.8544198511097e-22)
(0.90980039146111 -2.9182294858974e-22 -2.9182294858974e-22)
(0.90980039146111 -3.2876219802204e-22 -3.2876219802204e-22)
(0.90980039146111 7.7848730804505e-23 7.7848730804505e-23)
(0.90980039146111 -3.5929970556223e-23 -3.5929970556223e-23)
(0.90980039146112 -3.4060485148807e-22 -3.4060485148807e-22)
(0.9098003914611 -7.6868485377782e-23 -7.6868485377782e-23)
(0.90980039146111 1.935473378756e-22 1.935473378756e-22)
(0.90980039146111 1.529506508507e-22 1.529506508507e-22)
(0.90980039146111 1.5576911432849e-22 1.5576911432849e-22)
(0.90980039146111 1.2033455685837e-23 1.2033455685837e-23)
(0.90980039146111 4.3334226730885e-23 4.3334226730885e-23)
(0.90980039146111 2.1245573525958e-22 2.1245573525958e-22)
(0.90980039146111 2.0063385362709e-22 2.0063385362709e-22)
(0.90980039146111 7.9269207314241e-23 7.9269207314241e-23)
(0.90980039146111 -2.4613792709092e-22 -2.4613792709092e-22)
(0.90980039146111 -3.9598971152501e-22 -3.9598971152501e-22)
(0.90980039146111 -3.2499640171958e-22 -3.2499640171958e-22)
(0.90980039146109 -8.6327233670273e-23 -8.6327233670273e-23)
(0.90980039146111 1.1281198082211e-22 1.1281198082211e-22)
(0.90980039146109 1.3690802762122e-22 1.3690802762122e-22)
(0.9098003914611 1.5927782066404e-23 1.5927782066404e-23)
(0.90980039146109 -1.7459152988796e-22 -1.7459152988796e-22)
(0.9098003914611 2.3281067416159e-22 2.3281067416159e-22)
(0.90980039146109 1.1679902667982e-22 1.1679902667982e-22)
(0.9098003914611 -3.4041174764155e-22 -3.4041174764155e-22)
(0.90980039146109 -1.4774600668314e-22 -1.4774600668314e-22)
(0.9098003914611 -1.0903677502352e-22 -1.0903677502352e-22)
(0.90980039146109 -1.1437877042836e-22 -1.1437877042836e-22)
(0.90980039146111 4.243068549439e-22 4.243068549439e-22)
(0.90980039146109 4.1855086503561e-22 4.1855086503561e-22)
(0.9098003914611 -1.7812663189619e-23 -1.7812663189619e-23)
(0.90980039146111 -1.0539960425566e-22 -1.0539960425566e-22)
(0.90980039146111 -1.9492884588189e-22 -1.9492884588189e-22)
(0.90980039146109 1.3446291318631e-22 1.3446291318631e-22)
(0.90980039146111 4.4511007857527e-22 4.4511007857527e-22)
(0.90980039146111 1.1039618927867e-22 1.1039618927867e-22)
(0.90980039146111 -1.046207492885e-22 -1.046207492885e-22)
(0.90980039146107 -1.4226321520038e-22 -1.4226321520038e-22)
(0.90980039146082 -2.0181716512458e-22 -2.0181716512458e-22)
(0.90980039145898 -1.8684993164847e-23 -1.8684993164847e-23)
(0.90980039144796 4.614188479144e-23 4.614188479144e-23)
(0.90980039138564 -1.8098820332304e-22 -1.8098820332304e-22)
(0.90980039105489 -2.3382891452189e-22 -2.3382891452189e-22)
(0.90980038940315 -6.2234188144758e-23 -6.2234188144758e-23)
(0.90980038169254 -6.0810603017172e-23 -6.0810603017172e-23)
(0.90980034821501 1.0850612039971e-22 1.0850612039971e-22)
(0.90980021381361 1.9253464400733e-22 1.9253464400733e-22)
(0.90979971822225 -1.30376026725e-24 -1.30376026725e-24)
(0.90979805274404 -1.9135055043067e-22 -1.9135055043067e-22)
(0.90979299722384 -2.3107753882777e-22 -2.3107753882777e-22)
(0.90977928103206 5.5776705853631e-23 5.5776705853631e-23)
(0.90974640096542 2.1847644199323e-22 2.1847644199323e-22)
(0.90967757554837 1.5254413242482e-22 1.5254413242482e-22)
(0.90955364217372 1.4496686016317e-22 1.4496686016317e-22)
(0.90936179768999 6.4362387438856e-23 6.4362387438856e-23)
(0.90911309179954 9.5008578168226e-23 9.5008578168226e-23)
(0.90880145765467 -1.3905693657534e-22 -1.3905693657534e-22)
(0.90862540365419 -5.1551539191958e-22 -5.1551539191958e-22)
(0.90786902990938 -5.080004438184e-22 -5.080004438184e-22)
)
;

boundaryField
{
    left
    {
        type            zeroGradient;
    }
    right
    {
        type            zeroGradient;
    }
    sides
    {
        type            empty;
    }
}


// ************************************************************************* //
