/*--------------------------------*- C++ -*----------------------------------*\
  =========                 |
  \\      /  F ield         | OpenFOAM: The Open Source CFD Toolbox
   \\    /   O peration     | Website:  https://openfoam.org
    \\  /    A nd           | Version:  10
     \\/     M anipulation  |
\*---------------------------------------------------------------------------*/
FoamFile
{
    format      ascii;
    class       volVectorField;
    location    "0.00025";
    object      Us;
}
// * * * * * * * * * * * * * * * * * * * * * * * * * * * * * * * * * * * * * //

dimensions      [0 1 -1 0 0 0 0];

internalField   nonuniform List<vector> 
100
(
(0.90288022074803 -7.0846284333941e-23 -7.0846284333941e-23)
(0.90286342289382 7.8207897132422e-23 7.8207897132422e-23)
(0.90285952276596 2.3287532215337e-22 2.3287532215337e-22)
(0.90284854916546 3.0307542181719e-22 3.0307542181719e-22)
(0.90283670892331 2.5672949008087e-22 2.5672949008087e-22)
(0.90282476284606 -3.7546297676299e-23 -3.7546297676299e-23)
(0.90281633468837 -8.5460637177311e-23 -8.5460637177311e-23)
(0.90281188478751 -8.532158388076e-23 -8.532158388076e-23)
(0.90280990397436 -1.3789572639039e-22 -1.3789572639039e-22)
(0.90280913727982 1.2041956901336e-22 1.2041956901336e-22)
(0.9028088745847 2.0083798431898e-22 2.0083798431898e-22)
(0.90280879377638 -9.8862652915799e-23 -9.8862652915799e-23)
(0.90280877120797 -1.5841692746833e-22 -1.5841692746833e-22)
(0.90280876543382 1.179576025934e-22 1.179576025934e-22)
(0.90280876407034 1.5427003133841e-22 1.5427003133841e-22)
(0.90280876377134 1.273158310846e-22 1.273158310846e-22)
(0.90280876371007 1.3030820860034e-22 1.3030820860034e-22)
(0.90280876369829 -4.4183144853478e-23 -4.4183144853478e-23)
(0.90280876369617 -1.3612302891316e-22 -1.3612302891316e-22)
(0.90280876369581 -1.5393012804249e-22 -1.5393012804249e-22)
(0.90280876369577 -4.2734254235683e-23 -4.2734254235683e-23)
(0.90280876369576 5.1263764147436e-23 5.1263764147436e-23)
(0.90280876369576 5.9114172863419e-23 5.9114172863419e-23)
(0.90280876369577 3.3662583006071e-23 3.3662583006071e-23)
(0.90280876369576 -1.7760327136862e-22 -1.7760327136862e-22)
(0.90280876369576 -2.0297911716892e-22 -2.0297911716892e-22)
(0.90280876369576 -1.2304515952272e-25 -1.2304515952272e-25)
(0.90280876369576 2.1275086850721e-23 2.1275086850721e-23)
(0.90280876369574 -3.1390714890311e-23 -3.1390714890311e-23)
(0.90280876369575 6.3106927962031e-23 6.3106927962031e-23)
(0.90280876369576 1.3733888493462e-22 1.3733888493462e-22)
(0.90280876369576 -1.727590757986e-23 -1.727590757986e-23)
(0.90280876369576 2.5973287390188e-23 2.5973287390188e-23)
(0.90280876369577 3.8179521235916e-23 3.8179521235916e-23)
(0.90280876369574 -2.4239445072236e-22 -2.4239445072236e-22)
(0.90280876369576 -1.0797167917652e-22 -1.0797167917652e-22)
(0.90280876369575 2.3935716383338e-22 2.3935716383338e-22)
(0.90280876369576 1.580693784458e-22 1.580693784458e-22)
(0.90280876369575 6.3237145686012e-23 6.3237145686012e-23)
(0.90280876369577 2.7786903957459e-22 2.7786903957459e-22)
(0.90280876369575 1.9066489398695e-22 1.9066489398695e-22)
(0.90280876369576 -3.1621815567927e-22 -3.1621815567927e-22)
(0.90280876369576 -2.3749635033319e-22 -2.3749635033319e-22)
(0.90280876369576 -1.8389564755266e-23 -1.8389564755266e-23)
(0.90280876369576 -6.3803301635003e-23 -6.3803301635003e-23)
(0.90280876369577 -1.1439368288506e-22 -1.1439368288506e-22)
(0.90280876369575 -5.0295607782147e-23 -5.0295607782147e-23)
(0.90280876369576 1.167952185264e-22 1.167952185264e-22)
(0.90280876369576 1.6105213405216e-22 1.6105213405216e-22)
(0.90280876369576 -1.2364268233052e-23 -1.2364268233052e-23)
(0.90280876369576 -9.9804700249265e-23 -9.9804700249265e-23)
(0.90280876369576 3.3790963431985e-23 3.3790963431985e-23)
(0.90280876369576 2.4757874398942e-22 2.4757874398942e-22)
(0.90280876369576 2.9181860585036e-22 2.9181860585036e-22)
(0.90280876369576 8.0266857928986e-23 8.0266857928986e-23)
(0.90280876369576 -1.700102367937e-22 -1.700102367937e-22)
(0.90280876369576 -3.4338506997374e-22 -3.4338506997374e-22)
(0.90280876369576 -2.8994250068414e-22 -2.8994250068414e-22)
(0.90280876369575 -1.446130274964e-22 -1.446130274964e-22)
(0.90280876369576 1.5840205709425e-23 1.5840205709425e-23)
(0.90280876369574 1.1041805433184e-22 1.1041805433184e-22)
(0.90280876369575 -6.0417680650783e-23 -6.0417680650783e-23)
(0.90280876369574 -3.9322869601994e-23 -3.9322869601994e-23)
(0.90280876369575 1.5346522332005e-22 1.5346522332005e-22)
(0.90280876369574 -3.5478643659508e-23 -3.5478643659508e-23)
(0.90280876369575 -2.2422216160196e-22 -2.2422216160196e-22)
(0.90280876369574 -8.7558746797526e-23 -8.7558746797526e-23)
(0.90280876369575 -1.4264586233662e-22 -1.4264586233662e-22)
(0.90280876369574 -1.2569980472031e-22 -1.2569980472031e-22)
(0.90280876369576 3.3289214102462e-22 3.3289214102462e-22)
(0.90280876369574 3.7225116581192e-22 3.7225116581192e-22)
(0.90280876369575 5.2253186906016e-23 5.2253186906016e-23)
(0.90280876369576 -5.0731401475197e-23 -5.0731401475197e-23)
(0.90280876369576 -4.331114444974e-23 -4.331114444974e-23)
(0.90280876369575 1.607243651972e-22 1.607243651972e-22)
(0.90280876369576 2.4257951084624e-22 2.4257951084624e-22)
(0.90280876369576 -3.6174599673857e-23 -3.6174599673857e-23)
(0.90280876369576 -1.0983703382992e-22 -1.0983703382992e-22)
(0.90280876369574 2.8809420611015e-23 2.8809420611015e-23)
(0.90280876369572 -8.2479942312812e-24 -8.2479942312812e-24)
(0.90280876369545 -6.4781968811428e-23 -6.4781968811428e-23)
(0.90280876369367 -7.0106081019465e-23 -7.0106081019465e-23)
(0.90280876368309 -1.5804444378766e-22 -1.5804444378766e-22)
(0.90280876362411 -1.5821814434796e-22 -1.5821814434796e-22)
(0.90280876331346 -4.249784849553e-23 -4.249784849553e-23)
(0.90280876177778 -4.085558829546e-24 -4.085558829546e-24)
(0.90280875468651 -8.7784013036383e-24 -8.7784013036383e-24)
(0.90280872425495 8.0510540391978e-23 8.0510540391978e-23)
(0.90280860360497 2.1190075520318e-23 2.1190075520318e-23)
(0.90280816468041 -8.1920489897102e-23 -8.1920489897102e-23)
(0.90280671082361 -1.1217073357134e-22 -1.1217073357134e-22)
(0.90280236579622 3.1591545096081e-23 3.1591545096081e-23)
(0.90279076829605 9.8008487631441e-23 9.8008487631441e-23)
(0.90276340374043 1.7794840863302e-23 1.7794840863302e-23)
(0.90270710142171 7.359869542942e-23 7.359869542942e-23)
(0.90260617271723 1.6827789594941e-22 1.6827789594941e-22)
(0.90245413396954 5.5472947804966e-23 5.5472947804966e-23)
(0.9022396572488 -2.0923272350307e-22 -2.0923272350307e-22)
(0.90211006849491 -2.9937411710081e-22 -2.9937411710081e-22)
(0.88400007702655 -2.9551845671252e-22 -2.9551845671252e-22)
)
;

boundaryField
{
    left
    {
        type            zeroGradient;
    }
    right
    {
        type            zeroGradient;
    }
    sides
    {
        type            empty;
    }
}


// ************************************************************************* //
