/*--------------------------------*- C++ -*----------------------------------*\
  =========                 |
  \\      /  F ield         | OpenFOAM: The Open Source CFD Toolbox
   \\    /   O peration     | Website:  https://openfoam.org
    \\  /    A nd           | Version:  10
     \\/     M anipulation  |
\*---------------------------------------------------------------------------*/
FoamFile
{
    format      ascii;
    class       volVectorField;
    location    "0.00013";
    object      U;
}
// * * * * * * * * * * * * * * * * * * * * * * * * * * * * * * * * * * * * * //

dimensions      [0 1 -1 0 0 0 0];

internalField   nonuniform List<vector> 
100
(
(0.91608228767503 -2.2931865820736e-23 -2.2931865820736e-23)
(0.91605156347838 7.7379283728023e-23 7.7379283728023e-23)
(0.91604101838137 6.2200302078349e-23 6.2200302078349e-23)
(0.91602795587385 1.0461890213168e-22 1.0461890213168e-22)
(0.91602350925897 2.483186092304e-22 2.483186092304e-22)
(0.91602232269395 1.1333934193089e-22 1.1333934193089e-22)
(0.91602207040819 3.764625573362e-23 3.764625573362e-23)
(0.91602202554895 -2.5471391853667e-22 -2.5471391853667e-22)
(0.91602201868579 -2.315742747891e-22 -2.315742747891e-22)
(0.9160220177639 1.7216632269921e-22 1.7216632269921e-22)
(0.91602201765337 -8.2495792725759e-25 -8.2495792725759e-25)
(0.91602201764139 -2.1590333228967e-22 -2.1590333228967e-22)
(0.91602201764021 6.495005028852e-23 6.495005028852e-23)
(0.91602201764012 2.0315660226232e-22 2.0315660226232e-22)
(0.91602201764012 2.6661708519191e-23 2.6661708519191e-23)
(0.91602201764012 1.8523624144804e-22 1.8523624144804e-22)
(0.91602201764012 1.8526830340476e-22 1.8526830340476e-22)
(0.91602201764012 -1.1767734341379e-22 -1.1767734341379e-22)
(0.91602201764012 -2.6084308233925e-22 -2.6084308233925e-22)
(0.91602201764012 -1.1035067596665e-22 -1.1035067596665e-22)
(0.91602201764012 2.1397046388543e-22 2.1397046388543e-22)
(0.91602201764012 2.5821696159259e-22 2.5821696159259e-22)
(0.91602201764012 -1.6376584108674e-22 -1.6376584108674e-22)
(0.91602201764012 -1.1431124845784e-22 -1.1431124845784e-22)
(0.91602201764012 1.5078879514364e-22 1.5078879514364e-22)
(0.91602201764012 -1.3377945956387e-22 -1.3377945956387e-22)
(0.91602201764012 -1.3600031255198e-22 -1.3600031255198e-22)
(0.91602201764012 -8.8652452639548e-23 -8.8652452639548e-23)
(0.91602201764011 3.7118163035813e-23 3.7118163035813e-23)
(0.91602201764012 1.5721495649963e-22 1.5721495649963e-22)
(0.91602201764012 9.8337436588908e-23 9.8337436588908e-23)
(0.91602201764012 -7.5239520052912e-23 -7.5239520052912e-23)
(0.91602201764011 -9.5506850757273e-23 -9.5506850757273e-23)
(0.91602201764012 -7.1367036756645e-23 -7.1367036756645e-23)
(0.91602201764011 -2.2742534200747e-22 -2.2742534200747e-22)
(0.91602201764012 -1.7460827463031e-22 -1.7460827463031e-22)
(0.91602201764011 2.8602492874449e-22 2.8602492874449e-22)
(0.91602201764012 3.1816377090539e-22 3.1816377090539e-22)
(0.91602201764012 9.0642894681868e-23 9.0642894681868e-23)
(0.91602201764013 2.1453290043633e-22 2.1453290043633e-22)
(0.91602201764011 3.061283571754e-23 3.061283571754e-23)
(0.91602201764012 -1.8925856165364e-22 -1.8925856165364e-22)
(0.91602201764012 -6.491589018979e-23 -6.491589018979e-23)
(0.91602201764012 -1.3829188572768e-22 -1.3829188572768e-22)
(0.91602201764011 -1.4826157528963e-22 -1.4826157528963e-22)
(0.91602201764012 6.1999346221445e-24 6.1999346221445e-24)
(0.91602201764011 7.3128569917398e-23 7.3128569917398e-23)
(0.91602201764012 1.8343825589502e-22 1.8343825589502e-22)
(0.91602201764012 -5.2215840290728e-23 -5.2215840290728e-23)
(0.91602201764012 -4.1653925743317e-24 -4.1653925743317e-24)
(0.91602201764012 1.4333005378255e-22 1.4333005378255e-22)
(0.91602201764012 2.345601850094e-23 2.345601850094e-23)
(0.91602201764012 1.1270696635537e-23 1.1270696635537e-23)
(0.91602201764012 5.2142143026234e-23 5.2142143026234e-23)
(0.91602201764012 9.7225769121961e-23 9.7225769121961e-23)
(0.91602201764012 1.8246217577216e-22 1.8246217577216e-22)
(0.91602201764012 -1.1599723211907e-22 -1.1599723211907e-22)
(0.91602201764012 -4.7955108016832e-22 -4.7955108016832e-22)
(0.91602201764011 -3.7973752888459e-22 -3.7973752888459e-22)
(0.91602201764012 -8.3723196177869e-23 -8.3723196177869e-23)
(0.91602201764011 1.0197639289378e-22 1.0197639289378e-22)
(0.91602201764011 8.9237718767694e-23 8.9237718767694e-23)
(0.91602201764011 -1.9483594289931e-24 -1.9483594289931e-24)
(0.91602201764011 -9.8725029913507e-23 -9.8725029913507e-23)
(0.91602201764011 -1.2669132213112e-23 -1.2669132213112e-23)
(0.91602201764011 2.945960683493e-23 2.945960683493e-23)
(0.91602201764011 -1.5917932667153e-22 -1.5917932667153e-22)
(0.91602201764011 -2.7796629500534e-22 -2.7796629500534e-22)
(0.91602201764011 3.8455324374357e-23 3.8455324374357e-23)
(0.91602201764011 3.4679167605316e-22 3.4679167605316e-22)
(0.91602201764011 2.3485029213231e-22 2.3485029213231e-22)
(0.91602201764012 -6.8974629491953e-24 -6.8974629491953e-24)
(0.91602201764012 -1.5328760508385e-23 -1.5328760508385e-23)
(0.91602201764012 9.305273043941e-23 9.305273043941e-23)
(0.91602201764011 1.5175122712242e-22 1.5175122712242e-22)
(0.91602201764012 -6.0049216321547e-23 -6.0049216321547e-23)
(0.91602201764012 -1.5062658320247e-22 -1.5062658320247e-22)
(0.91602201764012 5.5978298011249e-23 5.5978298011249e-23)
(0.91602201764011 1.8542864182947e-22 1.8542864182947e-22)
(0.91602201764012 1.8550233037436e-22 1.8550233037436e-22)
(0.91602201764012 -1.3165177917888e-22 -1.3165177917888e-22)
(0.91602201764012 -5.3280376848193e-23 -5.3280376848193e-23)
(0.91602201764012 -2.1118393273726e-23 -2.1118393273726e-23)
(0.91602201764011 -2.1712283976745e-22 -2.1712283976745e-22)
(0.91602201764011 -9.9210529032641e-23 -9.9210529032641e-23)
(0.91602201764011 -7.6695855884936e-23 -7.6695855884936e-23)
(0.91602201764008 -1.6001803136801e-22 -1.6001803136801e-22)
(0.91602201763958 -3.3925983268251e-23 -3.3925983268251e-23)
(0.91602201763399 1.7995260244895e-22 1.7995260244895e-22)
(0.91602201757616 7.0542277087061e-23 7.0542277087061e-23)
(0.91602201702975 -1.9705600191455e-22 -1.9705600191455e-22)
(0.91602201237045 -8.6877346221834e-23 -8.6877346221834e-23)
(0.91602197692666 8.8410515334675e-23 8.8410515334675e-23)
(0.91602174003859 -1.5864734697534e-23 -1.5864734697534e-23)
(0.91602037668245 -6.9787823131581e-23 -6.9787823131581e-23)
(0.91601380698962 2.6688544118489e-22 2.6688544118489e-22)
(0.91598848502402 2.3875425712472e-22 2.3875425712472e-22)
(0.91591196348498 -6.2124299595458e-23 -6.2124299595458e-23)
(0.91584719607114 -1.1120190701422e-22 -1.1120190701422e-22)
(0.91565067773406 -2.4927144545058e-22 -2.4927144545058e-22)
)
;

boundaryField
{
    left
    {
        type            zeroGradient;
    }
    right
    {
        type            zeroGradient;
    }
    sides
    {
        type            empty;
    }
}


// ************************************************************************* //
