/*--------------------------------*- C++ -*----------------------------------*\
  =========                 |
  \\      /  F ield         | OpenFOAM: The Open Source CFD Toolbox
   \\    /   O peration     | Website:  https://openfoam.org
    \\  /    A nd           | Version:  10
     \\/     M anipulation  |
\*---------------------------------------------------------------------------*/
FoamFile
{
    format      ascii;
    class       volVectorField;
    location    "0.00013";
    object      Us;
}
// * * * * * * * * * * * * * * * * * * * * * * * * * * * * * * * * * * * * * //

dimensions      [0 1 -1 0 0 0 0];

internalField   nonuniform List<vector> 
100
(
(0.84056879138809 -2.1622417639973e-23 -2.1622417639973e-23)
(0.84054825469861 -2.0510504479965e-23 -2.0510504479965e-23)
(0.84054201152319 6.0740654133242e-23 6.0740654133242e-23)
(0.84053799879358 1.8021126843121e-22 1.8021126843121e-22)
(0.8405369120197 1.1813549256723e-22 1.1813549256723e-22)
(0.84053667193376 2.5363078888785e-23 2.5363078888785e-23)
(0.8405366279459 9.506857887136e-24 9.506857887136e-24)
(0.84053662103984 -1.3089243181099e-22 -1.3089243181099e-22)
(0.84053662009042 -6.75523570834e-23 -6.75523570834e-23)
(0.84053661997431 1.238612835453e-22 1.238612835453e-22)
(0.84053661996149 1.4069318299484e-23 1.4069318299484e-23)
(0.8405366199602 -1.9781387025291e-22 -1.9781387025291e-22)
(0.84053661996008 -6.0459832652352e-23 -6.0459832652352e-23)
(0.84053661996008 1.1796466697216e-22 1.1796466697216e-22)
(0.84053661996008 1.1608787774772e-22 1.1608787774772e-22)
(0.84053661996008 1.4319868064339e-22 1.4319868064339e-22)
(0.84053661996008 1.0179773329173e-24 1.0179773329173e-24)
(0.84053661996008 -6.4718149899215e-23 -6.4718149899215e-23)
(0.84053661996008 1.7792929623228e-23 1.7792929623228e-23)
(0.84053661996008 9.4930793583712e-24 9.4930793583712e-24)
(0.84053661996008 3.3315700158129e-23 3.3315700158129e-23)
(0.84053661996008 5.4150272173852e-23 5.4150272173852e-23)
(0.84053661996008 -5.9602270653317e-23 -5.9602270653317e-23)
(0.84053661996008 -1.7921921767346e-23 -1.7921921767346e-23)
(0.84053661996008 2.3694790264486e-23 2.3694790264486e-23)
(0.84053661996008 -7.264826610622e-23 -7.264826610622e-23)
(0.84053661996008 -5.7652537170701e-23 -5.7652537170701e-23)
(0.84053661996008 -5.592030287639e-23 -5.592030287639e-23)
(0.84053661996007 -1.0073620384163e-23 -1.0073620384163e-23)
(0.84053661996008 4.8770094370107e-23 4.8770094370107e-23)
(0.84053661996008 8.5711355198702e-23 8.5711355198702e-23)
(0.84053661996008 -1.851445221361e-24 -1.851445221361e-24)
(0.84053661996008 -7.9371515637877e-23 -7.9371515637877e-23)
(0.84053661996008 -5.0750034421794e-23 -5.0750034421794e-23)
(0.84053661996007 -1.8969649466022e-22 -1.8969649466022e-22)
(0.84053661996008 -2.0300928815419e-22 -2.0300928815419e-22)
(0.84053661996008 8.6665501301664e-23 8.6665501301664e-23)
(0.84053661996008 1.7542131084452e-22 1.7542131084452e-22)
(0.84053661996008 1.5353166814947e-22 1.5353166814947e-22)
(0.84053661996008 1.9004385507524e-22 1.9004385507524e-22)
(0.84053661996008 3.6879220730814e-23 3.6879220730814e-23)
(0.84053661996008 -9.5026434556802e-23 -9.5026434556802e-23)
(0.84053661996008 -4.029278896632e-24 -4.029278896632e-24)
(0.84053661996008 -2.8979907050723e-23 -2.8979907050723e-23)
(0.84053661996008 -1.0637071930986e-22 -1.0637071930986e-22)
(0.84053661996008 -1.7665096266217e-23 -1.7665096266217e-23)
(0.84053661996007 3.6001178761033e-23 3.6001178761033e-23)
(0.84053661996008 2.9806928411713e-23 2.9806928411713e-23)
(0.84053661996008 1.6351002176166e-23 1.6351002176166e-23)
(0.84053661996008 6.1019454580078e-23 6.1019454580078e-23)
(0.84053661996008 3.7744017104124e-23 3.7744017104124e-23)
(0.84053661996008 3.5626031496611e-24 3.5626031496611e-24)
(0.84053661996008 3.3574848677806e-24 3.3574848677806e-24)
(0.84053661996008 2.8191688516253e-23 2.8191688516253e-23)
(0.84053661996008 8.932295335217e-23 8.932295335217e-23)
(0.84053661996008 2.5106532279973e-23 2.5106532279973e-23)
(0.84053661996008 -1.3258151167294e-22 -1.3258151167294e-22)
(0.84053661996008 -1.927430609781e-22 -1.927430609781e-22)
(0.84053661996007 -1.9136144169019e-22 -1.9136144169019e-22)
(0.84053661996008 -8.9485499186149e-23 -8.9485499186149e-23)
(0.84053661996007 1.4572627061811e-23 1.4572627061811e-23)
(0.84053661996008 2.4295674431189e-23 2.4295674431189e-23)
(0.84053661996007 -2.8131423645463e-26 -2.8131423645463e-26)
(0.84053661996008 -2.3132979178699e-23 -2.3132979178699e-23)
(0.84053661996007 -3.9967245058069e-24 -3.9967245058069e-24)
(0.84053661996008 2.3636222101637e-24 2.3636222101637e-24)
(0.84053661996007 -6.2326459671618e-23 -6.2326459671618e-23)
(0.84053661996008 -1.5774827993485e-22 -1.5774827993485e-22)
(0.84053661996007 -7.3279589065463e-25 -7.3279589065463e-25)
(0.84053661996008 1.4522648224113e-22 1.4522648224113e-22)
(0.84053661996007 1.5950271704231e-22 1.5950271704231e-22)
(0.84053661996008 8.8901060914896e-23 8.8901060914896e-23)
(0.84053661996008 -5.1695322124728e-23 -5.1695322124728e-23)
(0.84053661996008 5.3243383531286e-23 5.3243383531286e-23)
(0.84053661996007 1.3821468359736e-22 1.3821468359736e-22)
(0.84053661996008 -4.1306896168631e-23 -4.1306896168631e-23)
(0.84053661996008 -1.3893110839935e-22 -1.3893110839935e-22)
(0.84053661996008 4.0105829156826e-23 4.0105829156826e-23)
(0.84053661996007 1.5285168420833e-22 1.5285168420833e-22)
(0.84053661996008 7.0108928818488e-23 7.0108928818488e-23)
(0.84053661996008 2.4350958170514e-23 2.4350958170514e-23)
(0.84053661996008 -1.1271022056153e-23 -1.1271022056153e-23)
(0.84053661996008 -1.1606490248917e-22 -1.1606490248917e-22)
(0.84053661996007 -1.5907689479711e-22 -1.5907689479711e-22)
(0.84053661996008 -9.2546696773551e-23 -9.2546696773551e-23)
(0.84053661996007 -5.2238296578417e-23 -5.2238296578417e-23)
(0.84053661996007 -1.8499710073973e-23 -1.8499710073973e-23)
(0.84053661996003 1.6000479256003e-25 1.6000479256003e-25)
(0.8405366199595 3.8074850985486e-23 3.8074850985486e-23)
(0.8405366199536 -1.1933316357497e-23 -1.1933316357497e-23)
(0.84053661989342 -8.9914740975353e-23 -8.9914740975353e-23)
(0.84053661933404 -6.2953878170404e-24 -6.2953878170404e-24)
(0.8405366146466 -3.1524327731429e-23 -3.1524327731429e-23)
(0.8405365796714 2.1231925931104e-23 2.1231925931104e-23)
(0.84053635093732 1.13909054019e-22 1.13909054019e-22)
(0.84053506719146 2.0166503406701e-22 2.0166503406701e-22)
(0.8405290754403 9.8117951595671e-23 9.8117951595671e-23)
(0.84050607818595 -1.092783214764e-22 -1.092783214764e-22)
(0.84046902405677 -1.1809145232281e-22 -1.1809145232281e-22)
(0.83023046604143 -1.2251823584165e-22 -1.2251823584165e-22)
)
;

boundaryField
{
    left
    {
        type            zeroGradient;
    }
    right
    {
        type            zeroGradient;
    }
    sides
    {
        type            empty;
    }
}


// ************************************************************************* //
