/*--------------------------------*- C++ -*----------------------------------*\
  =========                 |
  \\      /  F ield         | OpenFOAM: The Open Source CFD Toolbox
   \\    /   O peration     | Website:  https://openfoam.org
    \\  /    A nd           | Version:  10
     \\/     M anipulation  |
\*---------------------------------------------------------------------------*/
FoamFile
{
    format      ascii;
    class       volScalarField;
    location    "0.11500006";
    object      rhoDs;
}
// * * * * * * * * * * * * * * * * * * * * * * * * * * * * * * * * * * * * * //

dimensions      [1 -2 0 0 0 0 0];

internalField   nonuniform List<scalar> 
7600
(
0.0010506980779745143
0.0012094108584536337
0
0.00212387786000092
0
0.0013955005897181086
0
0
0.0012515134213019342
0
0.0023145910152414652
0
0
0.0029140787964821815
0
0
0.0024709613132917279
0
0
0.0028128835603390984
0
0
0.0030153468540097647
0
0
0.0015453562807345984
0
0.0023364325516541263
0
0.0021078495628188689
0.0041533271504421475
0.0011135177055683581
0
0.0013955005897181066
0
0.0012515134213019307
0
0
0.0030156577066265135
0
0
0
0.0018860277166359448
0
0
0
0
0.0026330487325109441
0
0
0
0.0029140787964821815
0
0
0
0.0023886820138707891
0
0
0.0019524294991704048
0.0017403508715840563
0.0076630356733720087
0.0042264225120158668
0.00240341256570497
0
0
0
0.0021360142570452183
0
0
0
0
0.0018860277166359452
0
0
0
0
0
0.0016875007444517314
0
0
0.00080240690962525107
0.00017356830058902457
0.00044495359981536935
0.00055488920285208184
0.00030613986596692325
0.00031851423829003928
0.00030613986596692293
0.00061090283989183476
0.00025564838197203021
0.00017321268082003122
0.00017034944105617862
0.00026392489776895918
0.00018040746943465426
0.00023879644302083887
0
0.00014097263135239284
0.00025627754831255309
0.00016555746429318486
0.00028475503067525073
0.00038076883973826522
0.00025888040139269113
0.00032870394716890289
0.00025888040139269015
0.00031984285309294701
0.00025290917196343503
0.00046814168619135541
0.0003129685493725287
0.00032423877445620774
0.00012025647636614161
0.00064628915291190772
0.00080834054894702288
0.00059265609394089055
0.00065382161735901077
0.00063401032618183692
0.00033077544588293968
0.00026985835344955011
0.00025888944536398028
0.0002118592121890658
0
0.00024946303414060658
0.00023283758042283133
0
0.00045188393772279528
0.00025506998591281799
0
0.00017440442362938821
0
0.00018799302798260298
0.00021237301423749407
0
0.00051360114806387575
0
0.00020983568648102988
0.00037769578276050875
0
0.00038884262921494228
0
0.00022042155065394486
0.00051952634144616862
0.00076464062540465647
0.0025522527875581698
0.00092954734052263567
0.00023830700146155835
0.00070922975126989668
0
0.00031832847911959024
0.00022411375696914257
0
0.00038008922150342645
0
0.00038008922150342082
0
0.00031718894563587878
0
0.00017895902076696507
0
0.00021740916373611793
0
0.00021740916373611555
0
0.00071945089193629788
0.00038301737817506893
0.00046637714557097641
0.00068057790670481661
0.00027518870259796526
0.0005055853012786636
0.00035944670139792984
0.00061248917355924935
0.00076238471056706901
0.0001938060870096354
0.00061531125449148442
0.00024373224671084352
0.00071362870308708996
0.00022002945040735261
0.00018248430687369105
0.00040210328037004419
0.00062185773420274089
0.00032667307904815022
0.00024471234848453584
0.00047341269833246476
0.00031855705096301725
0.00024246071002480371
0.00042822011854845083
0.0003066948829304019
0.00061948284361758527
0.00058864526494935797
0.00067981470436757148
0.00076454625270450311
0.00068364209823998379
0.00083044463556606815
0.0016711620040057485
0.0020594830932928613
0.00076058818981897681
0.0011686468148630587
0.00078182521672610938
0
0.0008103713000022785
0
0.00040480028929188762
0.00019380608700963461
0.00040367146617049872
0.00032341760951147802
0.00029743319759687739
0.00025478529626575254
0.00027767623530271912
0.00026038514174069142
0
0.00027767623530271918
0.00026063573667401416
0.00028112834095893628
0.00017527465632610802
0.00023695300648340925
0.00026148765653887982
0.00025896114015202452
0.00036504846966688842
0.00033574637685320451
0.00064559805282168154
0.0002008048791818983
0.00048076817273022456
0.0024608231638810051
0.0025067363685950333
0.0020994994881544642
0.0006907956915295886
0.00037893235074439426
0.00016939184705824637
0.00022270066177962621
0.00050249422503809409
0.00039369963465759992
0.0001770520264806906
0
0.00016531920852651057
0.00015635801078354311
0.00030148638437692466
0
0.00025478529626575151
0.0007937413290270937
0
0.00025010588863819306
0.00031891127363075381
0
0.00076437130931739485
0.00096293455364685517
0.00069763325845730159
0.00059841442135753038
0.00080541767381378797
0.00080947735680675923
0.00031290364725434806
0.00069707157449055664
0.0004792211603637506
0.0008490178650287037
0.00058909857142055619
0.00038689533470447345
0.00063726933879376744
0.0006708157273950981
0.00018310609048749764
0.00062404144512965046
0.0006260467336065362
0
0.00050064103174281803
0.00072104144560512329
0.00030038635691831536
0.00063888863177646513
0.00058689325681410254
0.0008485265230008959
0.00059871223119847177
0.00055999985807660027
0.00079492902818692414
0.00084068578088024228
0.00086960339218091593
0.0012270588928760583
0.0016556659296839589
0.0010037116837752335
0.001380283173954522
0.00095901081845170663
0.00073033735714207585
0.00069616641564910456
0.00055974772597308002
0.00058730917875756338
0.00046314351399070667
0.00026170868627113815
0.00037062705452959433
0.00033789145822974847
0.00050400677634780189
0.00023514076200787645
0.00032279709440030338
0.00032279709440030403
0.00035887558140355115
0.00017494608321007478
0.0004021285767858917
0.0001818257669225573
0.00038170491336579941
0.00032762729382076198
0.00032762729382076198
0.00027059077895710869
0.00043224449603534532
0.00081998906531913316
0.00073607402038250523
0.00069969396892194922
0.00054379559415473021
0.0020796831209159258
0.0028331850999182063
0.0040165714773492808
0.00086119720760475247
0.00051160187137905342
0.00025121662148578066
0.00030904863267188529
0.00061817995294912755
0.00020680718228909442
0.00038806753536943587
0.00037191295757968358
0
0.00027502968523517843
0.00050095743530474853
0
0.00018634146464104688
0.00019338058675516385
0
0.00025982640153694459
0.00046882122714961185
0.00027346398983993245
0.0010874911334235943
0.00057802034105853422
0.00046190256403186525
0.00069499663285464881
0.00073947485685445507
0.00079300640391653245
0.00046756681748910201
0.00076153691898241148
0.00052473724158418652
0.0007777548856404146
0.00047043612835149509
0.00073657435008401108
0.00063570537228411323
0.00057929080733895371
0.00056362973756940915
0.00056750541696799523
0.00021784507954126158
0.00055378392522612149
0.00045671109931788692
0.00048879067462372203
0.00070902050025515987
0.00068798905963197933
0.00066776629031919986
0.00050277101454580277
0.00073946400931822448
0.00044373869763393055
0.00064493258301541413
0.00090198365802344755
0.0012229364304430824
0.0018328627365053593
0.0023578940085029528
0.0017569804009530644
0.0015412844891203245
0.00047135474947848822
0.00078989928922516708
0.00047915185910827788
0.00043387328486765159
0.00043482463400367659
0.00026950920410107694
0.00068975760796123966
0.00022072984628945439
0.0005832552950850924
0.00034895523830863245
0.00021934775884347658
0.00055333331346355214
0.00029661676863569685
0.00018091055616558486
0.00021837007373225656
0.00040131902857673746
0.0002534017492762985
0.00025340174927629714
0.00046591119211172925
0.00040028279858437697
0.00031625505559976176
0.0004919562879741095
0.00056258344935890975
0.00063560396456156939
0.00043680602826081549
0.00051755501330205927
0.0023540571494829873
0.0056636412305598131
0.0030898382055229395
0.00055666774143126301
0.00090099250818945664
0.00059319591490427607
0.00019902000490424241
0.0002620093883877851
0.00042872655413858738
0.00015733322706799381
0.00033408799723984507
0.00015733322706799153
0.0002821128653796668
0.00030146592256103478
0.00028096585951091756
0.00029661676863569462
0.00028530989397296057
0.00029658059007147851
0.00050843278483222391
0.00050843278483222564
0.0002965805900714752
0.001368446444379357
0.00096138607232137648
0.0010792626341531934
0.00099849471438450636
0.0010278782855235734
0.00085301686549043795
0.00097901539584232199
0.0010991598896603286
0.00054099505837048765
0.00089388834802014668
0.00077398026901736119
0.00089159948787868935
0.00036001303115400148
0.00046650943450664354
0.00058945942250044096
0.00059503949753347851
0.00060670998543676461
0.00071576611089758989
0.00056062850766400597
0.00065145974958630889
0.00062156615863933598
0.00097730360899884777
0.00062488616421216172
0.0006564937301169031
0.0011628112625145595
0.0010853017628899776
0.0010681080655416447
0.0010838434922800448
0.001530395268631059
0.002014415073497128
0.0022930549010213687
0.0026684719542386264
0.0012634301406828257
0.00093794082064197935
0.0011882185415106215
0.00053555729118587151
0.00056478182059941815
0.00061897065204845184
0.00056755124706949433
0.00043099443821390725
0.00037381021129194821
0.00087255413772492326
0.00031025004732158771
0.00052503772104979573
0.00062663728709455493
0.00049879691273940383
0.00025406739441258925
0.00075819374394734903
0.00024086284516481877
0.00063900861984204243
0.00033799861813661503
0.00068191354001920007
0.00029711786119386249
0.00056704024714876163
0.00071119209032011633
0.00071837301651326917
0.00068086260328708052
0.0011316591187440547
0.0013344409151224421
0.0041490599227572639
0.0053774451377392677
0.0032815286009622341
0.00093463881556482835
0.00043795361909217465
0.00042301893965260285
0.00017920547810401307
0.00044217485719618874
0.00035665244087205821
0.00030339828631906191
0.00032639837726047507
0.00063213136766538443
0.00046290800267172292
0.00039727491836416133
0.00029483761353365004
0.00023703254028883641
0.00038893543896754024
0.00021063850669346702
0.00046290800267172639
0.00026055801682786851
0.0003587395971591862
0.0011611021497084761
0.00091524655995253842
0.00089395795539972517
0.0014990761083391901
0.0011100661192495575
0.0011824319514996814
0.00084253499930360995
0.0010380089436391763
0.0010814278433364244
0.00090901334702992028
0.00068275431039489191
0.00071324158722850908
0.0004790774321136463
0.00073356220603322444
0.00058103860318352437
0.0010298725544837892
0.00050756995121371091
0.00056504510928789733
0.00069057008974570441
0.00059974751780013857
0.00060470209971498327
0.00076481569511174384
0.00065758808234918462
0.00078269677618870699
0.00089080491690099158
0.00077555068252198453
0.00072197702088180676
0.0010331256010240387
0.0013418276218916459
0.0016044392965225294
0.0022851965900609126
0.0026201561840246725
0.0020315957755373767
0.00084358312231564596
0.001018040139042395
0.00075240809552897111
0.0005687380233447756
0.0010517314216344168
0.00076448178538051921
0.00037885808930593644
0.00044810874025709083
0.00061066069312901421
0.00030955815549472081
0.00043572609897411926
0.00074926401298392939
0.00042599007985273082
0.00038370672143450381
0.00078581810678843517
0.00027625043535974383
0.00056767871019861537
0.0002959198396898957
0.00028255264306448338
0.00018167159745786262
0.0005212273406728959
0.00072192916896549162
0.00069042905393255807
0.0007618259681317661
0.00060940047459474725
0.000985881443794694
0.0032354047249781603
0.004685988607116053
0.0071018172891926037
0.00063300040189251036
0.0010087207555994448
0.00051181742863507689
0.00017059605238508164
0.00070287647119255683
0.00036582094615167306
0.00035304813491841114
0.00027809843671859256
0.00053613137830609491
0.00029832659261095669
0.00043572609897411834
0.00028766810637940147
0.00038355122134722981
0
0.00031493713695658116
0.00016233494180313722
0.00034190216073997802
0.00029948091798449839
0.0009930651836022339
0.00052359082510876418
0.00094025862701301315
0.00063452777722227619
0.00084941924063262539
0.00089914951864321596
0.0006328033326700286
0.0006189844308907217
0.00069679522892101056
0.00064684842356206801
0.00043399123762698558
0.00067124371162582941
0.00057378214902995613
0.00065534480848214417
0.00050232416296649822
0.00064709604182424611
0.00037803807166386188
0.00069959455033971379
0.00035270741156982348
0.0004140451802182863
0.00053894639549546439
0.00061346044900335058
0.00076528805954904488
0.00044475273706845838
0.00053541672229651647
0.00059391104392523273
0.00060867235521965576
0.0010025829382216207
0.0011514135219099885
0.0014693381809724876
0.0017881940690679594
0.0016626403866544829
0.001404693151784835
0.0012801195012317899
0.00042999674327581479
0.00065364823253409306
0.00045905765638535516
0.00035666374245111563
0.0004728780904224249
0.00059882907588359416
0.00069070059334067036
0.00052900889574806532
0.00026418101548828882
0.0004412713852017671
0.00017761376711601396
0.00016841984382850162
0.00011177333133130583
0.00037801076511357782
0.00056605617865187715
0.00047942877887938374
0.00018804541353829586
0.00025191145485883973
0.00053961864768777045
0.00052499913283474966
0.00042350104039631494
0.00038401926386939827
0.00054571562068585287
0.0006267776956881318
0.0010192884957396942
0.0015393154005355484
0.0050254800574589713
0.0039040470412436516
0.00059611351233489153
0.00081594149527513149
0.00040190778011975684
0.0011056560673781974
0.0005347511001263873
0.00058726062864018628
0.00026489309177440908
0.00050431679812003175
0.00059882907588358625
0.00025141982331503378
0.00028418773477846001
0.00040241465986973787
0.00017761376711601328
0.00070887680809298196
0.00012539864150289392
0
0.00022927375190682483
0.00012539864150289343
0.00046764976193482241
0.00050913145642520494
0.00046166160463051003
0.00046050312965721153
0.00054692886454859907
0.00041673617854202406
0.00059307218622066404
0.00046627932606248528
0.00054472870137276582
0.00032979292706056978
0.00037346510331602578
0.00038404138903021934
0.00029306776499797127
0.00053224066083492098
0.00032324912492281364
0.00013262682213701651
0.00039268345807605431
0.0003412441532557129
0.00023448555116749913
0.00031557904161984605
0.0004999952667941015
0.00036501403438383479
0.00047262587081580142
0.00047491591563996886
0.00049471264507633536
0.00053333148630414632
0.00035969112294177827
0.00051159866234484601
0.00078308562771325289
0.0010629932607748866
0.00088488637639585446
0.0015649653245513133
0.00094659780227977428
0.00051453317918660497
0.00038067530033555381
0.00055993911977728192
0.00050317888699634363
0.00038007314866770258
0.00038681490854263644
0.00023870909778521204
0.0002628973813938109
0.00012071868731856706
0.0001693768412621938
0.00020713056499802339
0.00012173050380679593
0.00032512908803069456
0.00010166336212768726
0.00013988805965949036
0.00035084363739180052
9.2458247845941512e-05
0.00022820000159268512
0.00028570702790141117
9.0502951411519441e-05
0.00019590811145571297
0.00026510601108155687
0.00033394791351814526
0.00027026009949804032
0.00030132451833227131
0.0009515322365565963
0.00068475575780474398
0.0032454344804651513
0.0028618216824652168
0.00067688712318192434
0.00030540231065028639
0.00060012750475182193
0.00031228478525265437
0.00018924445770375045
0.00034971298751608758
0.00022269766846385117
0.00023139433669887007
0.00012060937386834362
0.00013752461495332327
0.00022505938727870002
0.00017455595273467808
0.00014783695863963662
0.00037542865725172957
0.00016067941008364049
0.00015663770686227103
0.00013988805965949063
0.00013646534080908598
0.00065677742049708083
0.00036452482634961078
0.00053967689334483149
0.00038989480796742051
0.00050176208983256814
0.00039470994521603709
0.00045190318848059352
0.00053925042791923413
0.00038879634264266409
0.00020758934754111096
0.0004964497546635808
0.00034434506097451859
0.00026299076303183688
0.000323266136920599
0.00032464266501604027
0.00022127625165508085
0.00039264385782648354
0.00022066616026838312
0.00033633244689380571
0.00030819775644228556
0.00020508899056085071
0.00033470878488065935
0.00074796799998341811
0.00037981502482100889
0.0004131810426834658
0.00036501799258212845
0.00035525885584655265
0.00060728812507832269
0.0005867435707856577
0.0006809060484872549
0.00096208815016591166
0.0013538832769773538
0.0012051997724411988
0.00038194634164262248
0.00044064395667245626
0.00069946767517217972
0.00020795031559864828
0.00021455103596397727
0.00028049384965566054
9.4856506274505122e-05
0.00021000878595403463
0.00023129823179019853
0.00026459467973214193
0.00010498062079458069
9.3600379094353482e-05
0.00038249144977046658
0.00024171299383222262
0.00027271107346874267
0.00026896897867608599
0.00010881444667078837
0.00024619998629755833
7.5160053843197715e-05
0.00034101221071528395
0.00027850579889096284
0.00023078732174877669
0.00033955657903655316
0.00049303849422259872
0.00062858314340810044
0.0005115888528051055
0.0003542304749823149
0.0028587032476085055
0.0028874488153219839
0.00072452916204113996
0.00035600021949415005
0.00016238327433190354
0.00011114915056187222
0.00010490850383060266
0.00031122080468245735
0.00019081654516110014
0
0.00032363471075367732
0.00011344867369393063
0.00038912772389818089
0.00035565863045365989
0.00011479931030847759
9.7404524916929318e-05
8.621068231915688e-05
8.6210682319157774e-05
0.00021681797099813672
0.00010009578727019476
0.00047681463550856547
0.00051030584218691327
0.00068094197049583583
0.00040909595665879607
0.0003777820983926591
0.0003970385997164261
0.00052562536930332766
0.0005123367712779669
0.00059227251651550758
0.0005485431122632746
0.00042743280102122764
0.00029472830795397115
0.00043760145872821159
0.00022092442150365349
0.00035600795432341688
0.00037353934811081772
0.00023392360067140899
0.00048708422700078166
0.00033326615854107711
0.00032138708706953601
0.00037358336095594903
0.00027798754019212426
0.00037428283950844646
0.00028862082729706214
0.00048483748343276773
0.00044082250154113745
0.000472069816100336
0.00060653395945962495
0.00058265975267658351
0.00092916621881708635
0.0014764938616541677
0.0012596787822817404
0.00096412768327985203
0.00077920052286715937
0.00047093222602243023
0.00065804277329199496
0.0003372308668259669
0.00051387308839064135
0.00040454385584738997
0.00064224864448301957
0.00013664854352664636
0.00020892970587680482
0.00024927892491379087
0.00024830719358648898
0.00013134512851796279
0.00029708452591643256
0.00027280653431920325
0.00017463585749998502
0.00036596127551069075
9.1450357838817822e-05
0.00011682981964944973
0.00027530310694515208
0.0002160553871696624
0.00039027136119329178
0.00031973254712301674
0.00037088217825227926
0.00013582830536603354
0.00090294254311465731
0.00060346167806614285
0.00078034623354647839
0.0032722634586749085
0.002930961810125865
0.0013149658659468077
0.00035355940978543489
0.00045888491387067006
0.00022466492379803703
0.00040627443285552332
0.00015115062235468443
0.00033404193460639286
0.00019124281368010465
0.00070157565293549622
0.00012853569727047876
0.00014547841833064673
0.00012423596356736573
0.00038921760576408101
0.0001996377183979439
0.00017463585749998502
0.00017463585749998567
9.9269737479777931e-05
0.00028099740225510017
0.00080566213764686793
0.00054532053213477403
0.0010607939373224317
0.00062693752449218909
0.00081403873226548349
0.00086187705574969895
0.00067623638793268129
0.00080204755515983831
0.00059773584230351649
0.00050277559116111085
0.00042018250249442022
0.00063862490799695959
0.00054277583547154991
0.00051370149530652028
0.00058510532165881822
0.0004007397640034137
0.00062508792540327406
0.00048863587953856455
0.00055896245995273896
0.00093456892984672131
0.00051748439853857716
0.00051895607648906378
0.0004315773430603644
0.000165009127775166
0.0002779676964019526
0.00084825065137056246
0.00094399773588586247
0.0010356431170698026
0.00094840804575104594
0.0014117946930040973
0.0021986550743744015
0.0015213987007485239
0.0018384988296277268
0.0008407586760135103
0.00076035829523371729
0.00048650805165295516
0.00040524319417198969
0.00030509972335768611
0.00038827451442264671
0.00053461000501904337
0.00032313667158003861
0.00036111455372457406
0.00016121319742568209
0.00051031651461257697
0.00046323829722945723
0.00017816005342614053
0.00017603164916020662
0.00053024074804282773
0.00067806145619173509
0.00029195149843592723
0.00060759952787779671
0.00022110961516801105
0.00050618881541501879
0.00058439055258509417
0.00045482383089435704
0.00012860921259476472
0.0004706649191251758
0.00054387841728506287
0.0002684166710443021
0.0011393307023884638
0.0034765428338318942
0.0043800350156741477
0.001542983881865729
0.00043376754021958515
0.00073760836371430916
0.00058347949496645425
0.0005562129850961566
0.0002515622852670482
0.00018096083708708333
0.00013694072616805554
0.00018693912311361959
0.00030611713142494342
0.00022497676663590092
0.00044413116085736975
0.00034519596813031416
0.0001406342195290756
0.00019188050265405625
0.00022214893742959136
0.00037180345773516746
0.00023451665106570595
0.0009326080292807121
0.00048276123414718109
0.00059195855642578746
0.0006995634843575166
0.00073254417920480238
0.00059320875696437043
0.00064047288599430364
0.00055473346222299053
0.00056306201420460681
0.00063791077664397417
0.00073099473229211909
0.00022409423048631752
0.00037265351148744428
0.00063951025970202067
0.00049826630368390553
0.00032453424450693181
0.00035017111275228752
0.00038002816953581884
0.00044262755056549978
0.00045052391204355909
0.00036021312726548007
0.0006270075495062406
0.00030077480364506235
0.00071341935261479096
0.00063552905135731122
0.00056205525069149035
0.00068572235304151057
0.00078800215105640197
0.00072384465388336745
0.0013834190101696714
0.0012817297629982342
0.0019890123219748895
0.00065309282230218259
0.00072989921498806565
0.00068694850748362559
0.00047166739700694169
0.00044397534304140891
0.00028690165647155826
0.00032193742480501371
0.00033134247646595999
0.00042444546060596073
0.00051093959069099337
0.00029158215393528398
8.6734728528384768e-05
0.00034210377973949667
0.00031948322189412017
0.00049943632691579675
0
0.00041173371829418038
0.0001975103576359662
0.00032160073532573938
0.00025538335495805945
0.00043484000131692886
0.00042791387632596528
0.00043857403380300402
0.00043729235591354667
0.00035192511892267905
0.00036976415943627085
0.0010940950888105871
0.00065758361301508053
0.0035199279686398302
0.0041774956737313101
0.0012766867750258369
0.00079819838796570976
0.00059545772174790968
0.00052042995444820394
0.00014786527903636268
0.00050769012862113229
0.00015291970494856925
0.00035877495214703495
0.00021903014462801187
0.00020518121621394475
0.0004283982142318924
0.00020959742932740097
0.00020821656205717906
0.0001772819566390286
0.00025159693719612754
0.00020586685914709022
0.00036495078755725916
0.00048656791191155325
0.0010542448169767831
0.00083484767995895047
0.0009122985379782909
0.00091376760995456256
0.00078508141116161363
0.00075549870092529421
0.00057063511626832255
0.00083292030808458043
0.00089126228138348637
0.00085555004408426191
0.00062253316641309054
0.0014063785391640617
0.00028309456532430783
0.00075133856021026722
0.00048376478122921535
0.00049694262223759413
0.00086362411486647908
0.00055972686800709499
0.00039510468992825777
0.00071194574384748086
0.00035059180295100601
0.00054797826709666528
0.00075602930410141546
0.00063769528139315181
0.00072854790052794254
0.00099873209129970565
0.00065883983904251736
0.0011471271149771384
0.0014033223913506475
0.0016160613907340547
0.0020430655296105877
0.002829541370584185
0.0017443401647347554
0.00063473963487379822
0.0015200130832805378
0.00046246765129996349
0.00071847449482740819
0.00056847296480687089
0.00064242243136843936
0.0005831555390247939
0.00064255304356268246
0.0004373728193148028
0.00064511851876150779
0.0005594770042505982
0.00028309456532430734
0.001051615261136772
0.00025435578457326974
0.00043737281931480431
0.00054367487079928182
0
0.00044783752789277856
0.00024151093536102004
0.00054119739099816103
0.00059951161307603964
0.00053491994071702014
0.00026257245945815878
0.00035383852600399815
0.00041245276462960264
0.00097732927257781327
0.0010663105078801186
0.002909134001389558
0.0049894100755272447
0.0032918350796718784
0.00069475254679141302
0.0007846789005504076
0.00036247662845906298
0.00060419994479941994
0.00055428343232349518
0.00057563058458973788
0.00033887263114889556
0.00033887263114889182
0.00054359603041654312
0.00058185136598614599
0.00022081263332330111
0
0.0001911599537292049
0.00024020257199073441
0.00030652457902114762
0.0003014406344259253
0.0004579061519407916
0.0006138201226977112
0.00050076169830532086
0.00049881065913275893
0.00056449346798344985
0.00066771602230068739
0.00064745184740048003
0.00060212466284074811
0.00061146263329640849
0.00036391262997815198
0.00045276334322653564
0.00033867563532484653
0.00069837742383842358
0.00032444559804467083
0.00015185137509369777
0.00026490187348160828
0.00044435043746409748
0.00033322175892733534
0.00053626046939995358
0.00037383548261031151
0.00029013535052542272
0.00028375179970725468
0.00030134051114081922
0.00049526821790003036
0.00060646626333606048
0.00043111500878201579
0.00046721292869738061
0.00071011465030592366
0.00038727319293244703
0.00054829439142833718
0.00089328188074751539
0.0010229895447821447
0.0011727951964397396
0.0011538081204632228
0.00068451432781751532
0.00077489193401099039
0.00018898228114428941
0.00086196712656033952
0.0001305658464141011
0.00054567298685621651
0.00014289839796142941
0.00041614815284455941
0.00016585925044381071
0.00035322206505231563
0.00014348056891076998
0.00025380086822849603
0.00010048576889800074
0.00041346547920631906
7.5857245375055197e-05
0.00041287282801361801
0.00018042635856495781
0
0.00026345793677051872
0.00017071564547741449
0.00030778707644780334
0.00040361477993073762
0.00038706569237345904
0.00019873013317095694
0.00039435327547856608
0.00027536866509565461
0.00035692765379417835
0.002585851825458352
0.0041037718625410256
0.0022504835914034555
0.00043106600269196202
0.00045602319246170191
0.00010029054341959108
0.0004079606738960206
0.00040054700605672046
0.00036244995039413317
0.00048966651284592961
0
0.00022155386316202966
0.00056195701717867458
0.00020211521991228521
0.00044506377501449398
0.00049219721231236635
0.00014637496997310588
0.00019379090457097682
0.00041498294281207498
0
0.00093775097138063185
0.00096628239501299275
0.0005243264931523475
0.0008550281353483511
0.00060558847456424435
0.00064616616930111218
0.0007067693745857449
0.00057378572151038859
0.00049623148304742983
0.00060152344464235827
0.00052285552953575294
0.00064084700676339166
0.00060565886559695384
0.00037942773290955569
0.00039775010102757047
0.00047099870741802713
0.00044536229882467327
0.0004015860374786711
0.00057692827822879655
0.00064825012676080298
0.00038586121128192689
0.00069436429787751762
0.00040849899942636993
0.00026326127976108521
0.0004548129238589599
0.00065821952011140656
0.00096042556281771756
0.00068091999289271097
0.00083347099599453565
0.0011803005177635794
0.0017536772747679048
0.0019634994927935682
0.0013764813304231415
0.00052047835713424752
0.00056539644410609697
0.00085708054551550319
0.00043823053058239503
0.000947518188411406
0.00040834317233747516
0.00056578855891028558
0.00052467869447067465
0.00038166640026210841
0.0004053255828346667
0.00014207391672735363
0.00050136376285412536
0.00013075217947567468
0.00048439229347521575
0.00025839964371547635
0.00015676136300856871
0.00033867781671999205
0.00061471642848396127
0.00024683861204660956
0.00026615868954197095
0.0001935071450997816
0.00036742714468272726
0.0002385951695346884
0.00017480337962601735
0.00036742714468272872
0.00058317407228654372
0.00042091472557076942
0.002509627182797985
0.0043156124359923905
0.0026708964282291118
0.00049910684907153024
0.00071710270543984549
0.00026818702356626507
0.0009116250502849406
0.00055019175028219001
0.00015409028986488232
0.00032739987730866308
0.00046947192123901449
0.00032739987730866075
0.00014207391672735418
0.00030107965637752898
8.9446077282721276e-05
0.00026616414926700598
0.00032862539945500871
0.00046816189476747174
0.00015676136300856963
0.00046816189476746989
0.00099350060265671644
0.00071055607196372891
0.00053889071300714149
0.00064489593322721462
0.00091500462684826435
0.00063821214626276837
0.0009533453889545234
0.00029205668923912992
0.0007036946591717706
0.0010150896346785079
0.00073291653545118991
0.00044722045341667868
0.00070206866331548373
0.00037183742630490438
0.00064933446830861346
0.00052732342987641236
0.00052257187157178154
0.00064844716333411622
0.000468657231751884
0.00060696459703474042
0.00058798241853340555
0.00048054111185279061
0.00061920961882725302
0.0008403840777102278
0.00042722125139673587
0.00065970110904498447
0.00084615345877942893
0.00094906511116695305
0.00048894594768227853
0.0010190690451881066
0.0018671788696089594
0.0023322919543775156
0.0017918868780060035
0.0013234646092055433
0.0011433733355216003
0.0005887500529690794
0.0012221419272113738
0.0003132643637922897
0.00020219672233100613
0.00027152556059503366
0.00059623751106906858
0.0004214854478381152
0.00096001122444739273
0.00020168729049174709
0.00058702181711756032
0.00026540925386647052
0.00026540925386647096
0.00064221007763929478
0.00023835016321840157
0.00033571560768075369
0.0007468832398153947
0.00045236185299385478
0.00045125862727136951
0.00053089857106836699
0.00038632673069771331
0.0002712590332742199
0.0004836652658310638
0.00072277514552681363
0.0011891060255574102
0.00094763642965694638
0.0010410757677587282
0.0046834355143602919
0.003979554341945993
0.001281786399301952
0.0007957783039763014
0.00032780768359127365
0.00056405513042016072
0.00077295005608076905
0.00044141193398773324
0.00030324241606984498
0.00030324241606984325
0.00040830888530749541
0.00042382815645585148
0.00021301321470110535
0.00030572715350351193
0.00075933193873897406
0.00022987425163445069
0.00023835016321840246
0.000245412781398013
0.00029083376234793955
0.00065792704660488704
0.00074714000366080851
0.00056700214592923619
0.00080669123253794203
0.00029264363390241513
0.00060795201962052594
0.00078487376872361802
0.000514314197916881
0.00081497338844365135
0.00031633704714207077
0.00033123741322324264
0.00051692670744316841
0.00050447260801077341
0.00050876454961566459
0.00044333509453622753
0.0003665226919374625
0.0003097865668983986
0.00054138228439555699
0.00038823361343345153
0.00050863492750311034
0.00056845945410781331
0.00040726181286041398
0.00057205901953591518
0.00079382775896219787
0.00051816356685888934
0.00094882429779877546
0.00049090364554601616
0.00066425445887589071
0.00095385256504920116
0.00089898959795362172
0.0014168341869255226
0.0012137975921796484
0.0020633238905433098
0.0011414673595949404
0.00087637711240943941
0.00056012089234587785
0.00071820694563888381
0.00032576725775599827
0.00024915568308286147
0.00052481665998225363
0.00040255687116743592
0.00017220239927425774
0.00061986788696941119
0.00017066188807327476
0.00015840475406300573
0.0004598095371829717
0.00024236487495992028
0.00010431228624690433
0.00068090195506357925
0.00023503777209776838
0.00013058723719043446
0.00013519370327808993
0.00058947747442824531
0.00042299515957798967
0.00046788598197425318
0.00024216996331837532
0.00043236650122612994
0.00044451155909989081
0.00043763429106079206
0.00041705335273440193
0.0013751083852549539
0.0042074835666047125
0.0037850929301803072
0.000495391557296211
0.00039951964787807317
0.00043524228732615285
0.00025987191546728868
0.00035599647651001306
0.00054748768864889706
0.00024915568308286147
0.00020935859174694589
0.00024915568308285963
0.00053502325476974851
0.00040418999373997144
0.00025047578208377399
0.00017542393625492148
0.00017106514970510026
0.00062246865858547201
0
0.00029354461026663548
0.0010998426107826243
0.00099609683139469823
0.0010861397433871891
0.00045971326124075342
0.00070360914963507094
0.0011021388305779368
0.0004542924429235704
0.00076677999313221393
0.00079839304866784742
0.00051276496220322148
0.00069016316092594492
0.00087598825088060033
0.00066580687901454183
0.00055110805964318766
0.00048162206596503651
0.00051397785881745898
0.00046189238290012577
0.0001577477476453967
0.00084190277009447642
0.00059694555343524618
0.00053761935918399074
0.00053761935918398836
0.00054631865959012152
0.00058848958112154854
0.00078836496721184062
0.00085928478040868568
0.00078855559755111647
0.00081117450020497847
0.00078424949756648421
0.0012523934895459061
0.0016827008598643332
0.0022614560091372593
0.0014592975163951285
0.0013203973738566059
0.00093020148427981305
0.00049598701868267751
0.00082054331590092214
0.00054721387702229122
0.0001961162126437259
0.00075951635293181909
0.00046333705483125192
0.00058101494815349564
0.0004181893413153008
0.00061342066583404788
0.00068501940936792523
0.00027313686199921213
0.00018339767790017438
0.00024770731321680607
0.00056802198572180511
0.00027810347928536956
0.00045098769398126088
0.00045098769398126256
0.00053927208979603176
0.00021449709219688911
0.00024619290564152982
0.00086291262669044376
0.00070055971336934538
0.00057199081178548289
0.0012650272342179048
0.00019779066157739865
0.0009711845423306584
0.0048266850819640274
0.0050792364278388173
0.00099690095731342992
0.00078432988678594508
0
0.00025245896234411439
0
0.00056493638239375006
0.00046333705483125268
0.0003077572870482706
0.00019611621264372555
0.000463337054831251
0.00030100072312865076
0.0004207698054614401
0.00040280981053920239
0.00016679534916722778
0.00019165394246038633
0.00038400359107040774
0.00027300458035781701
0.00081895574953831153
0.00084380190759694208
0.00065062189198716706
0.0007328440752826374
0.00025188998425587763
0.0009889025192266396
0.00086656004293273869
0.00040365947707752273
0.000880495585645352
0.00041872074697606914
0.00053888139426942218
0.00046128466423148623
0.00055877660546171579
0.00035967805379734716
0.00059241315554650013
0.00053975227831150341
0.00066927652365995742
0.00026066113760783987
0.00059615905440163854
0.00052611772247491701
0.00033536923908596714
0.00060468947107207788
0.00068367867257600992
0.00061358830493520239
0.00063031741993264717
0.0004048602925293903
0.00063188826686898312
0.00056453070228885342
0.00091367825495552166
0.00078360124587133369
0.00090604752506987863
0.0019259157258258333
0.0016572465919092482
0.00098921000687153407
0.00064681300215748436
0.00057236227328389083
0.00093268827801799251
0.00018456158413709172
0.00064449991724201399
0.00059694133643697607
0
0.00028093577990419982
0.0003453796215868511
0.00020453343739476902
0.00019561148213531292
0.00026717335314643478
0.00070022668804672948
0.00019788944087444093
0.00021299107524717985
0.00020278521842175698
0.00026519381924299868
0.00019441129398336989
0.00042352012870752645
0.00022407477759171429
0.00018338287916678953
0.00047159488511244697
0.00027179405986805318
0.00054276733661208173
0.00055540151280419566
0.00103058523967801
0.0012894921107085571
0.0023382862446973255
0.0039494319218225495
0.0013561246441646739
0.00090773547140608562
0.0009195565797161841
0.00055961807859789415
0
0.00029837885099067481
0.00033980043707682891
0
0.00018456158413709142
0
0.00022390174844205861
0
0
0.0001978894408744402
0.0002879973160792072
0.00020278521842175738
0.00035081271513205231
0.0016303694033576938
0
0
0
0.0037852369606400475
0
0
0
0
0
0
0.01441783396805427
0
0.0087850313285503714
0
0.0038597538977197293
0.0066613722557753519
0
0.012782731565109978
0
0
0
0
0
0
0
0
0.0050766338098472488
0
0
0
0
0
0
0
0
0
0
0
0
0
0
0
0
0
0
0
0
0
0.013241198767588221
0.0070338214778931148
0.0072256594547900031
0
0.0047822558053955662
0.0056471550224956582
0.0073281049854138297
0
0.0077666372155569246
0.0049533415833912407
0.0095205785922621612
0
0
0.011977028244794437
0.0082989588008519598
0.0075569790375598772
0.0068371053104047397
0.011932270469710867
0.012132114928517748
0
0.013250400474287435
0.016356304604620366
0
0
0
0.020250731407824595
0
0
0.03494326433231236
0
0
0
0.00062903740724254366
0
0.00024380783199554014
0
0
0.00035720008147684958
0
0.00034395211006283007
0
0
0.0011339832201175625
0.0010174124783156081
0.0027960426317734594
0.0028557202297514275
0.0018114454295910837
0.0022380105068228865
0.0021241890076389085
0.0023880884380540284
0
0.0023505408133360673
0.0012980113717218618
0
0
0
0
0.0004354451785649003
0
0
0
0
0
0
0
0
0
0
0
0
0.0032496136582624707
0
0
0
0
0
0
0
0
0
0
0.0094379636571785205
0.0024332485984794898
0.0088847522790162312
0.01239062516461978
0.0068511456483771604
0.011676601785233975
0.010753253838241161
0.010849596015599459
0.017291177397306155
0.016885578058879882
0.012872124774821154
0.0085187918298412282
0.0053479401011651438
0.0047442402643551752
0.0070342150946579324
0.003665358156813596
0.010331905463595935
0.0075190420508404318
0.0161752202650404
0.0017812349592000714
0
0.0075100465004267767
0
0
0
0
0.0038167700707613587
0
0.0072821300876484991
0
0.00052891643425893907
0
0
0
0
0
0.00045087932257840778
0.00030982552083191168
0.00054467204530365759
0.0004360503592566972
0.002714447854764805
0.0014814427060023056
0.0035856317743093668
0.0018043488074198895
0.00086005748828340612
0.0014062753750622343
0.0032429832464820397
0.0027614620716585876
0
0.00064606420043913969
0
0
0
0
0
0.00082700450512390928
0
0
0.0005097179650554259
0
0
0
0.00074678549796232635
0.00058922398348292134
0
0.00081276840743295712
0.00045173129357804851
0
0
0
0
0.00041636234009056312
0.0008904812027966904
0
0
0.00050996125488910664
0
0.0034116587937708452
0.0028765937917418476
0.0017074875446866538
0.0045994021183888853
0.0055221398786302386
0.0028045254138363619
0.0044682737368439175
0.010152619249627917
0.015242072644397643
0.0084330285560358549
0.0097723096046996444
0.011892550129676598
0.0060326601387302855
0.020514567782237699
0.0048643361461908341
0.0066134943752948188
0.0014361841511866893
0.0066442635394385434
0.0054430774853264328
0.0039961635366521876
0.001826517567408856
0.0025713356898615773
0.0028898130830780841
0.0034589388014048018
0.00089231407224213139
0
0.0016219600541828693
0.0006947955237663106
0
0.0015813874431894318
0
0
0
0.00025118416873146391
0
0.00025943086047619366
0.00031358295522462885
0.0007010826354480451
0.00030943710438266513
0
0.00056472951979684698
0.00044294083815704454
0.00045755179650982294
0.00058571150324367898
0.0017351955073425811
0.0029491773667693691
0.0015739908771838396
0.0011858583301680053
0.0013334052456895442
0.00055601197979856663
0.00037614399348521538
0
0.00037223869641428474
0
0
0.0002630171064407284
0
0.00033431297237800106
0
0.0003987760714547044
0.00055509120920245719
0
0.0010736035975305897
0.00078924696841610128
0
0
0
0
0
0
0
0.00066324323597257643
0
0.00078647425864922292
0.00093487923048399203
0
0
0.00084524364163369851
0.0011628471998331219
0.0042038993211152434
0.0040502645727810713
0.0045767477327773535
0.0038893416023259232
0.0027180318328543446
0.0049841635189084585
0.0032447471560599949
0.0032210088121162562
0.0090100496754927113
0.00099784719672032346
0.0084477360338740277
0.0070005706969490352
0.0070022392241933362
0.0042773371376631309
0.0055452214345793355
0.011856066283189689
0.0051102574338337857
0.00311926906760987
0.0050507630499339292
0.0023281151248699741
0.0026297069310702724
0
0.0049551308453055116
0
0
0.0070109560430921649
0.0025391222426404663
0.0018320286939359426
0
0
0.0024920105686281465
0.0031637291783508251
0
0
0.00031353148604300237
0
0.00032382511852457587
0
0.00037213439634495348
0.00038795676451370555
0.00058851384844398806
0.00064503364698989042
0.00097211224370341901
0.00054975273431817466
0.00059658803154628989
0.00060711643158412661
0.0018418061240824044
0.0011677723665226938
0.0012999924216565992
0.0026071429299334981
0.0010007460846548322
0.0024258703205576543
0.0033603219561910294
0.00086632251108401028
0
0.00035890403511493202
0.00046159782193444494
0
0
0.00048258066722550415
0
0.00072626991226106799
0
0
0
0
0.0008120370791731698
0
0
0
0
0
0
0
0
0
0
0.00080601401770753604
0.0045611032129507009
0.0019249108009213732
0.0017311272777508868
0.0036696999962287499
0.0056787181575642482
0.0053731512358715979
0.0061213365958025286
0.0036888965619631987
0.009779138341642837
0.0037356653856024441
0.0046966831167275288
0.0072556853707923001
0.0072447522114952416
0.0040770819911356837
0.0094157158712182207
0.005774553586845396
0.007494765979516608
0.0050216938301544554
0.0053384559957191302
0.014209811415358525
0.00096214335014459316
0.0032429679505511233
0
0.0035107625472655308
0.0027935194045849861
0.0012623191011833603
0.0027772125068436645
0
0
0.0017616017828920236
0
0
0
0
0
0
0.00039679366739925668
0.00067541249454681758
0
0.00054075097968819417
0.00052626337451996583
0.00052663612082738199
0.00072649818925105234
0.0007388821186505326
0.00158247461314584
0
0.0015370158993966931
0.00093464694884226303
0.0038224538956151935
0.001055663714037981
0.0015850479474038899
0.0014598918159300252
0.0034666893094202319
0.0021114858965164576
0.0040660292974938018
0
0.00055880209492051975
0.00053305053070112614
0.00067223555084227314
0
0.00040748563590946633
0.00059793926793325243
0
0
0
0
0
0
0
0
0.00074814533286937071
0
0.000443832599465522
0
0.00058349339833799771
0.0007607614077209103
0.00085494607697238385
0.00067809660196445701
0.00075689166344874157
0.0017713295967892177
0.0012384692660541462
0.0048803383353938834
0.0080923266396565312
0.0071930127249869528
0.0052913309633892298
0.0062567198332773022
0.0033921401377683706
0.0027759457104394305
0.0018761754179651834
0.0032020171190323722
0.0060827158955536025
0.0051799834983646447
0.0031327392823092526
0.0058093034134414322
0.0096705638168546604
0.0013082779517939308
0.0074493350586077129
0.0054689613546207881
0
0.0059417105737207404
0.0057520431434347008
0.0050005818498215443
0.0026503821043597172
0
0.0015846876809149663
0
0
0.001088934011498422
0
0.0014232623083700459
0
0
0
0
0
0
0.00028149815199793836
0.00049885720260491094
0.00040629996536168127
0.00043928834836130511
0.00066771430996781002
0.00067890544574426847
0.00046174957776491915
0.00050033258001564948
0
0.00046637267925385455
0.00075481051144695517
0.0058294546495293509
0.0030476840907996761
0.0014918667086330755
0.00304481618613684
0.0013855879677787738
0.0043049503528615604
0.0050911721489882156
0.0026491695141424932
0.0016535752044359771
0.00059455138929152883
0.00055173721801711614
0
0
0
0
0
0.00036243599317374993
0
0.00061079593067475246
0.00056101647424514815
0.00098876872947405527
0
0.00050558248881969043
0
0.00052185561697993871
0
0.00055268361576214699
0.00061948937173793826
0.00064807352178444203
0
0.00091513690011354933
0
0.0014655315334525982
0.0035797525186658428
0.0023004427091653052
0.0029966986518517478
0.0020186132254903554
0.0008270084242302042
0.0030580285922056577
0.0055491561233793202
0.0038274906041117444
0.0051066230469185405
0.0029924272235566673
0.0074695866311142835
0.0064375061459478423
0.003933042578457932
0.0063627284625531362
0.0041734415501510271
0.0024096154744449208
0.0054121534566150802
0.0062583244988024837
0.0028550832878770421
0.0052951136821353132
0
0.0054704935528533992
0.0019443933205992594
0
0.0034047694771051225
0.0012204307929811508
0.001249158487960104
0
0
0
0.0032185180937441891
0
0.0022085026356716934
0
0
0
0.00054274047217487927
0.0003345251233844452
0.00024753988758597799
0
0.00039254754505256426
0.00034050265148921182
0
0.00073647096531295167
0
0.0011015751496224746
0.00096466465730560963
0.0024603474893528476
0.0037606959594695525
0.0012516857492498605
0.0037236029391951829
0.003094269453431755
0.0024994281601287034
0.0028136854286024931
0.0044433381645615309
0.0020501017622559141
0
0.00026580747201403751
0
0.00055282502579472492
0.00041742886673549204
0.00058137894514591706
0
0.00039661806545677016
0.00074133842705580036
0
0.00080812300390871049
0
0
0
0.00059791370413454759
0
0.00047702391983714279
0
0.0016844032618705505
0.001333181009899446
0
0.0015968425269955451
0.001048758045183087
0.0049970036238563319
0.0034669644321223235
0.00054545074455141992
0.003128234157224059
0.0031072055302713078
0.002268772289055072
0.0029310248508188606
0.0018554568514279179
0.0025550314716506622
0.0051068963295050071
0.0031193608391961482
0.0019110614727880571
0.0034853281874212307
0.0088648752404186688
0.0032190849894432184
0.0042452385751988236
0.0030092685112353586
0.0073643548958421869
0.0046379310424001056
0.0066849199492524597
0.0028683748340690156
0.0047958050052089194
0.0044490470055506852
0.0045041573169613408
0.0046455538631283251
0.0020481046465629853
0.0026226530630526347
0.0021155336828647398
0.0014734714945514068
0
0.0010813847364503307
0.0013860405685211404
0
0
0
0
0
0.00016848211566487597
0.00022854447043761501
0.00032314380083692511
0.00017688205128125201
0.00013868830876574123
0
0.00039807993345113455
0.00076275710571914478
0.0004049923808251208
0.0020384619935368553
0.0013560308872834406
0.0023801490298885693
0.0021178401636575369
0.0023600661482592951
0.0027270162560502961
0.0023938640184955448
0.0012572164306223694
0.0018239062896601415
0.002261746244652689
0.00080436384007248445
0.00093315781370143761
0
0.00036677049807941944
0.00063133856571270959
0.00043330301630260988
0
0.00047629508862262411
0.00094129967711774137
0
0
0
0
0.00080585646668719299
0.00037983788005823858
0.0017098226454023025
0.00070275136323686826
0.00053965144760426327
0.0011945466045981841
0.00048775613690088787
0.0021969838241869635
0.0012805332545811705
0.00068911888117488323
0.00090793615132122576
0.0011800650177149145
0
0.0018952510533347437
0
0.00082571288826280276
0.00074576213729482565
0.0034935771884254769
0.0047986841268807404
0.0053223794813993617
0.0026583937554913229
0.0048874063540252739
0.0049439132266500532
0.0032871760715507685
0.0023080822338723888
0.0055253500225604327
0.0030120206449501825
0.0035064833016035615
0.0007769858151998306
0.0050641344208912156
0.002589259828624292
0.003820215830007077
0.0058548988616453149
0.0039494188290716868
0.00400736667595102
0.0016976239883156961
0.0066965494330151467
0.0051341138652024922
0.0022889131980319785
0.0011524293581211436
0.0015386760259330002
0.0021722865635577923
0.00086050372341740929
0.0011570725154222636
0
0
0
0.0020472364461516517
0.0001237796135630378
0
0.00012784345374322338
0
0.00032903000181178961
0.00018176859851370283
0
0.00045771351737301162
0.00016504487822810175
0.00015003948717300387
0.0012471831104643248
0.00037528919362813252
0.0031192344080421069
0.0011727271292154894
0.0016983578210815315
0.00051710140019598785
0.0021227199111084889
0.0026582681230524138
0.0048594752615311824
0.0010023232376009271
0.0004537066360235993
0.0004062607244214269
0.00054224490738710891
0.00052136225946960676
0
0.00053408994559528736
0
0.00049288552330197259
0.00086006973337324211
0.00036168921644405571
0
0.0018926872751154945
0.00094924854471495519
0.00068311166807823284
0.00069050706441881136
0.00053850349954329536
0.00052127076924737847
0
0.0008504317733081506
0
0
0.0013036126274795596
0
0
0.0024590935753529145
0.0026255072258092311
0.0027497894891624569
0.0015798108057680099
0.0031622043771479713
0.0018363205909128096
0.00290890906837603
0.0011728689149705612
0.0029749576556589966
0.00047998234126195153
0.00077982103784619914
0.0057395826502018438
0.0034735890024984923
0.0046892191916624078
0.00096855069945878634
0.0040818537310386392
0.0060791943201935006
0.0039335437402403632
0.0049487948156888128
0.0022847378765978384
0
0.0035847351052085315
0.00086622857783987613
0.0013925991158676421
0
0
0.0024885481831385045
0.0037802579653147452
0
0
0
0
0
0.0025271713663900519
0
0
0.00016102130779921913
0
0.00025110641840550666
0.00026323971978432033
0
0
0.00040321509637458578
0.00083067300177315951
0.00042801691109039993
0.00026547984506171266
0.00072071980023860724
0.0007553737788034777
0.00050610130562054473
0.00019119319465309471
0.0015875791062043359
0.0022245718977571601
0.001264713270712199
0.0020175529451377547
0.0031194912971282797
0.001161822081486655
0.00065480767367538705
0.00022165082793179744
0.00027858237410684992
0.00048318460873038262
0.0005499123033115915
0.00033760853311167691
0.0012793376606984733
0.00045189448907561903
0.00045650848775019272
0.0012120084156140385
0.00040853887330200196
0
0
0.0015235910444911882
0
0.00042305662541555501
0
0
0.0015299483106051756
0
0.00053126026321179912
0.0016350208729961628
0
0
0
0
0.0012858147132751299
0
0.0027639798384412047
0.0024751747328831618
0.0054085026157617774
0.0044503139773066792
0.0060419080680573518
0.003746814717278803
0.0029779532980878675
0.0026222714638656826
0.00056565172014495259
0.0018538323513539582
0.0018569538691919816
0.00072906580491784016
0.0053425989414094726
0.0010529378387925314
0
0.0054945475777761011
0
0.00084898087177937226
0.0030161119175626055
0.0028558059663609777
0.0024701782668183187
0.00082653749053561421
0.0043942443593769052
0
0.00092074157575144108
0
0.0012122514734915443
0
0
0
0.0030607030673463812
0
0.00027549827735826
0.00025770909574576842
0.00052526338187189369
0
0.00022408797056892683
0.00022784376682347487
0.00026924947315551357
0
0.00026331112246916959
0.00084785955743754411
0.0007851156593359158
0.0010874545335849565
0.00025008747064641737
0.0010878902806734827
0.0012923827120479891
0.0022337599996188227
0.0026154905031090022
0.0011658327384530319
0.0010178002286262676
0.0013928398598951693
0.00072429298679128526
0.0003510890974063818
0.00051515363423382027
0.00089833762925613768
0
0.00074864948331457607
0.00028095153120777751
0
0
0.00094338550532721706
0.0011376511023413768
0
0.0015965912545680518
0
0.00033776710528113688
0.0016758284683349545
0
0.0012601524709332575
0
0
0
0.0013278855825479175
0.00064995107152655894
0.0029385982968344981
0.00096148473329021867
0.0013507479889942266
0.0007149844683177973
0.0043073571248236596
0.0025362334364450881
0.002379379692697553
0.0030658105938112627
0.0020055657371874317
0.0013296341396247795
0.0036610331569695291
0.0042127188832848314
0.0049423732136571509
0.0045072197969635661
0.0014282282579504029
0.0028577192958820167
0.00064703382340684497
0.0033489434017488404
0.00091102051872390564
0.0051019239575572318
0
0.001048018280957713
0.0061994964881238518
0.0054627500049472897
0.0024761658483769887
0.0083879030430082224
0.0042698187131622548
0.001238794141575633
0
0
0.002160690424046255
0.00091681126321143411
0
0
0
0
0
0
0.00035942721385772455
0
0.00057219160610839947
0.00035075496758947566
0.00035173323505179667
0.00025956281262551925
0.00036377523503296352
0.00037071136829604478
0
0.00027835728209549639
0.000867256838074596
0.0020655203191976813
0.0023753207282771298
0.0016996801597536104
0.0024653044712828333
0.00066098093517848991
0.0010517269178302966
0.0021365647442463591
0.00073953907210563613
0.0022031108596971714
0.000815807713729078
0.00086994077375178122
0
0.0010944755562725906
0
0.00019998914125083785
0.0011852297676729607
0.0002646530382787099
0.0011614877385151599
0
0.0011181735037095685
0.0003701972766694307
0
0.00060887188070810766
0
0.001336432045273008
0.00054358545150846188
0.001078872127435517
0
0.0012264774766893318
0
0.00049140373902936349
0
0.0002863707876595657
0.00040413254698900777
0
0.0014005339200476429
0.0018582067653176496
0.0025530595652403674
0.0042929356818420137
0.0019908907015295943
0.0014896360190559386
0.0033754002971730893
0.0027072929509031583
0.0038288651099425888
0.002418000321834435
0.0035592060135040114
0.0034274969496665233
0.0037274499997692364
0.0029834601303388485
0.00086711308607572454
0.0017096343940578827
0.0030989614218581477
0
0.0044447847635186036
0
0.0034170434961459241
0.005899806578258616
0.004078817691489699
0.002758343519856145
0.0039968866852298345
0.003889295620458704
0.0025858790185120371
0
0.0020683277152552405
0
0
0
0
0
0.00044723903963989281
0
0.00043458995894231345
0.00019340397798231021
0
0.00091938154611377696
0
0.0010481020613522757
0.00044414886125657962
0.0016742510414180188
0.0020738085242526616
0.0018146995099250251
0.0030072039178567871
0.0029190330515157471
0.0018917717384732869
0.0025269294231012617
0.0047740761903653662
0.0036287743903155529
0.00087328053605610851
0.00097557900536456759
0.0010032340671150795
0
0.00042064055907496808
0.00048164970076049516
0.00025831389276457134
0.0013016304863669927
0
0.00031103514775053829
0.00084158996884464775
0
0
0
0.00082869192562314811
0.0010520655460145676
0
0
0.00088953294517863009
0.00022051417047834633
0
0.00082916931150147505
0.0010928813844226402
0
0.001111356624563229
0
0.00092428578759613279
0.0019095621660369271
0
0.0015481424617741994
0
0.0013527654838662662
0.0093798548223603881
0.0019204579092738801
0
0.0054778288542918219
0.0025694567025547105
0.0017244939483380831
0.0014579028272047123
0.0039307993307835364
0.00094116747745689555
0.004100992653508345
0.0038614270300723627
0.0027292775719847716
0.0022716484735280885
0
0.0067302160403123652
0.0034586937623095238
0.0053010315680266902
0.0025213651587879184
0.0063877389169693134
0.0053028193815045817
0
0
0
0
0
0.0060317258635038526
0
0
0
0.00037448524003797
0.00028275337112708258
0.00030272377728518264
0.00032944386893569175
0.00018040539917322157
0.00018342905957231004
0.00025054393881806278
0
0
0.00077353241043197558
0.00030555997267391505
0.00029794892578897714
0.0022128837734406159
0.0028826607174272548
0.0028135931385357862
0.0037014495566559322
0.0063945359463622601
0.0075803173199638692
0.0046565585679722698
0.0025378096172141429
0.00045241340615535119
0.00090775538724865166
0.00024101220611652831
0.0012953389505992981
0.001261633108614589
0.00066370488913780222
0
0.00029479409898360893
0.00041304826778896842
0
0
0.00070739995819095068
0.00067717789517523727
0.00022765731653608194
0.00085864773797151466
0
0.00070693285065553924
0
0
0.00078053389850979231
0
0.00089831502931148294
0
0.00085443971200021564
0.0009950737792900166
0.00081980687892043921
0.00060662885271669999
0.0011132280263381551
0
0
0.0011455344650183395
0.0023908561831646204
0.0052900043294605839
0.0055491684283262704
0.0047383096237740736
0.0057145293798156601
0.0028290667318409944
0.002842699235250142
0.0026121679422251593
0.00079535731979785845
0.0012923694415053052
0.00070922059682536765
0.0042486398084563117
0.0098302002036142408
0.0062465004895682933
0.0042305160449740767
0.0032568638072715782
0.0035236930981170718
0.0018935745304578743
0.00078396431261382735
0.0046670066706507515
0.0034864134528294066
0
0
0
0
0
0
0
0
0.00023979682180114012
0.00036859256796381877
0.00011663583858186489
0
0
0
0.00064948863890844268
0
0.00042139424399836032
0.00043108858948258182
0.00091331094741868557
0.0017708603871537695
0.0043512925209456535
0.0054964065977555834
0.0025166105676807638
0.006128423457559957
0.0034978322842652803
0.0012790871369672185
0.0033461387146392278
0.0057464594477927436
0.00099119464082851562
0.00052407566730108617
0.0004286954960725861
0.00038860519260494901
0.00082601859525928769
0.00059752820812136406
0.0010199546791257489
0
0
0.00032334001851842673
0.0002592166316047546
0
0
0
0.00041547303651170774
0.00050770818781693187
0
0
0.00062011613562889178
0
0
0
0.0010135164898708478
0
0.00037479330013724449
0
0.001685583319596648
0
0.0028839119210826961
0.0028856914150997555
0.0010577176011233799
0.0017757922745487193
0
0
0.00081228188042908379
0.0017634571532073779
0.0022817024634087923
0.0082090134859334665
0.0021249476778431955
0.00050154834064127299
0.0023852132409244633
0.0032748882235409684
0.0017537139047036625
0.0024107875210013269
0
0.0087844446084330147
0.0092676811900657633
0.0065680402511666212
0.0073723759116231134
0.0061387163685147688
0.0034000702660717452
0.00084876525174612896
0.0014314759362522094
0
0
0
0.0035790754399119577
0
0
0
0.00023703351441685175
0
0.00029746136974224751
0
0.00030739037934458715
0.00040292632996522703
0
0.00039011644262574658
0.00021027744647634031
0
0.0013633745015622703
0.00043442621669688392
0.0060215043253733927
0.0071621153964624212
0.0069066303670801861
0.0050792903273918256
0.0079472728468785291
0.0043281501971350082
0.0072352877578387691
0.0037427840895475745
0.0023445365478044953
0.00048129766360680514
0.0010309482043311955
0
0.00075495234616810496
0.00053742577884288462
0.0011025414908569801
0.00094399385489563005
0
0
0.0015992002522484811
0.00035922203421271233
0.00046495784523267861
0.00085215785483571923
0
0
0
0.00040778497669140056
0.00029029433396072552
0
0.00094288525349545019
0
0
0
0
0.00058207028063685605
0
0.0010666289537877805
0
0.00087598200174993221
0
0.00080518688293953621
0.0016597873642096356
0.0020168834438828945
0.0015922094384030292
0.0025730176300547865
0.0024737972636082128
0.0020250522847471159
0.0033897813550266996
0.0050860269376661639
0.007546003192393862
0.0018097470704150909
0.0050732238752298009
0
0.0023663341203105847
0.0018335120307267022
0.0029649877743863095
0.0052942001173632083
0.0025823402297114957
0.0033204825447526887
0
0.0039362385019947443
0.0029569494954007403
0
0.0010314801832455086
0
0
0
0
0
0.0004214656170775356
0
0.00070366735110170917
0
0
0.00044645618468419195
0
0.00096109065752513574
0.00085893645995263883
0.0010284968956158303
0.0010139163199054998
0.0018634977566933755
0.0024018752247650017
0.0062484468938312637
0.0022451376188817769
0.0039263961304341908
0.0064545793724824106
0.0048685092239022518
0.0064575204363081446
0.00077631451513026815
0.00051653829573365608
0.001750431412819545
0.0012226491090421266
0.00056404091084235101
0.00037469135646832867
0.00033013482600246661
0.0005034334419962757
0.00098434164305105805
0.0010776711612415814
0.000371002827610741
0
0
0
0.0010939742824283634
0.0020815258783460325
0.0004519711711009398
0
0
0.0021453477412205491
0
0.0011510513210320301
0
0
0
0
0
0
0
0
0.0031105239411927106
0.00063962119809171246
0
0.002562659995340623
0.0032381478812069744
0.0059217824345732606
0.0064308146602541656
0.00077371187809011826
0.0062618452608742799
0.0038245404667318584
0.0041965776861678369
0.00081606536542162594
0.0019063436075746211
0.0025974899380848977
0.00469028164261618
0.001852064930657053
0.0086919309063995479
0.0026252684746673415
0
0.013010020090780948
0.00075092905802314738
0.0036549885392920651
0.0036063465465087353
0
0
0.0030110172206616187
0
0
0
0
0.0054196561167718016
0
0.00042802572694161482
0
0.00044933508013976102
0.00086525976351536601
0.00028628748986758175
0.0004498117985143029
0.0015852547770888103
0.00077976170329182052
0
0.0015042789635860319
0.001321712082575929
0.00040020484286169768
0.0029085386862296491
0.00389711809334803
0.0041043850031858417
0.0061551385533509658
0.0049107910549641498
0.0040598744869017999
0.0081536746317120087
0.0023854801111206051
0.0004625801673979008
0.00092310966326914162
0.0003846945820905377
0.00058466847122314806
0.00059644075102968262
0.00088892495115820485
0.001019030333788376
0
0
0
0.0011336927234904949
0
0
0.00061183938811591005
0.00077595771719227104
0.00078725984813698578
0
0.00036140320759535637
0
0
0
0.00070526536775042696
0.0011293549651134006
0
0
0.00040329985812684636
0.00086627855981501385
0.0013602200078484743
0.00089011871852331557
0
0.00074886790662875597
0.0018549464266923088
0.0012791956245342272
0
0.0019217303153989094
0.0011274352014697896
0.0012329044468772415
0.0044005869360035218
0.0033918965684108303
0.0012864325155668849
0.002480798042258976
0
0.0040596129118990604
0.004879415083546528
0.0029789858464432072
0
0.0035192060414279977
0.0013391484320842257
0
0.0025650362142607313
0
0.0042781748395785951
0
0
0
0
0
0
0
0
0.00056035683283965426
0.00082696455193921885
0.00024293626870780746
0.00047193577769386833
0.00047984559374388165
0.00096806145725233657
0
0.001038304889773717
0.0011758522282655265
0.0013128827518418455
0.0014194425163544125
0.0017592239578748899
0.0047116434329764539
0.0052132787673345414
0.0033484780595178028
0.002702326082818333
0.0041814449344000247
0.004654561128596915
0.0042286462170518348
0.0010883893720979138
0.0029353723059854287
0.0027697920402732831
0.0018448849029098877
0.001398118183835414
0.00065170808274638177
0
0.0011851438984537847
0.00074605214761750511
0.00083644297751357373
0.00057931251381059153
0.00093129346180111908
0
0.00068267253621338614
0
0
0.0015858290758673696
0.00066091588694278342
0
0.00059554658692530888
0.0010975070015973069
0
0.0011511490575688693
0
0
0.00066993895418507245
0
0
0
0
0.0014967353467226537
0
0
0.00082526709360779022
0.0021923021458540538
0
0.0026055208203807482
0.0039060728206237265
0
0
0.0034777529553588343
0.004553012934855185
0
0.0020360601997287198
0.0033818256070202086
0.0043676012671006468
0.010113302514883836
0.0037418132094909277
0.012440244079962385
0.0024083966135783558
0
0.0022474631858589557
0
0
0
0.0036923558771312787
0
0
0
0
0
0.019046750469491242
0
0
0
0
0
0
0
0
0
0
0
0
0
0
0
0
0
0.0081668171907456795
0
0
0
0
0
0
0.0091781531758111708
0
0.0056471533032376375
0
0
0.013900535466725135
0
0
0
0
0
0
0
0
0.004153449565767753
0.0062639116912479743
0
0
0.0016103682447606358
0
0
0
0
0
0
0
0.0088142976912869379
0
0.0047154473782565773
0.0025047432646405168
0
0.0051928081103708619
0
0
0
0
0.0037488334764663091
0
0
0
0.0028849660897463459
0
0
0
0
0
0
0
0
0
0
0
0
0
0
0
0
0
0
0
0
0
0
0
0
0
0
0
0
0
0
0
0.0051782604911211061
0
0
0
0.006004578192265091
0
0
0
0
0
0.0023603139246536368
0
0
0
0
0
0
0
0.0069664898652051985
0
0
0
0
0
0
0.0027281132407909327
0
0.0021579294446020122
0
0
0.0042830202413183822
0
0
0
0
0
0.0015794022537961464
0
0
0
0.0045393369640839747
0
0
0
0
0
0
0.0018062801993840307
0
0
0.0013481852665845509
0
0
0
0
0.0026300099069819925
0
0
0
0
0
0
0
0
0
0
0
0
0
0.0034187611357318812
0
0
0.0027126558905777782
0
0
0
0.0061983191459933206
0
0
0
0
0.0035660247967580598
0
0
0.0020575819029821124
0
0
0
0
0
0
0
0
0
0
0
0
0
0
0
0
0
0
0.0012356017628079462
0.0013896678247427099
0.0052187653212006453
0.0016656168189862527
0.0023815612878594094
0
0
0
0
0
0
0
0
0.0021893476492847791
0
0
0
0
0
0
0
0
0
0
0
0
0
0
0
0
0
0
0
0
0
0
0
0
0
0.0038368979404302646
0.0045936647027237654
0
0
0
0
0
0
0
0
0
0
0
0
0
0
0
0
0
0
0
0
0.0032634261380823483
0
0
0.0056489478986790362
0
0
0
0
0.0038986075007421744
0
0
0
0
0
0
0
0
0
0
0
0
0
0
0
0
0
0
0
0
0
0
0
0
0
0
0
0
0
0
0
0
0
0
0
0
0
0
0
0
0
0
0
0
0
0
0
0
0
0
0
0
0
0
0
0
0
0
0
0
0
0
0
0
0
0
0
0
0
0
0
0
0
0
0
0
0
0
0
0
0
0
0
0
0
0
0
0
0
0
0
0
0
0
0
0
0
0
0
0
0
0
0
0
0
0
0
0
0
0.0052575554234809436
0
0
0
0
0
0
0
0
0
0
0
0
0
0
0
0
0
0
0
0
0.005740233079965156
0
0.0068698684934171547
0
0.0073495335457794487
0
0
0.021733868391157988
0
0
0.01981422213200406
0.02855731386910933
0
0.01937854166690544
0.005064631459557406
0
0.0054771022367739132
0.010689505403387119
0
0
0
0.0033081965382360241
0.0033894290223763258
0.003760270341295704
0
0
0
0
0
0
0
0
0
0
0.0010905099847848634
0
0
0
0
0
0.0023190034135079289
0
0
0
0
0
0
0
0
0
0
0
0
0
0
0
0
0
0
0
0
0
0
0
0
0
0
0
0
0
0.0018232620295083799
0
0
0
0
0
0
0
0
0
0
0
0
0
0
0
0
0
0
0.0014679789055224532
0
0.0011255374834243427
0
0
0
0.00054111930695957197
0
0
0
0
0
0
0
0.00067983274391661744
0
0
0
0
0
0
0.00061885024388193418
0
0
0.0021729615656726868
0
0
0
0.00062678066219014697
0
0
0
0
0
0
0
0
0
0
0
0.00041845231730595271
0.00046713348206018593
0
0
0
0
0
0
0
0
0
0.00038639199325269855
0
0
0
0
0
0
0
0
0.0014231161713448121
0
0
0
0
0
0
0
0.00087550766449560012
0
0
0
0
0
0
0
0
0.001721932017690254
0
0
0
0
0
0
0
0
0
0
0.0010152244879989916
0
0.0010014503102117216
0
0
0
0
0
0
0
0.00076489994302652458
0
0
0.0005061694066188227
0
0
0
0.00075685555764673149
0.0014121447310535872
0.00072124435848085287
0
0
0
0
0.0017168927686096384
0
0.0053998726650182896
0.0018196722666593745
0.0055923400740864708
0.0020077527507145637
0
0.0039697116978538926
0.003905848193267729
0.0026534442382459603
0
0
0
0
0
0
0
0
0
0
0
0
0
0
0
0.00078597958561304007
0.0013450504968607656
0
0
0
0
0
0
0.0022328876589891768
0
0
0
0
0
0
0
0.001154380115352681
0.00032572448282713309
0
0
0
0.00068429700854897083
0.0032796881343772084
0
0.00078024089882727939
0
0
0
0
0
0
0
0.00091945602443012017
0
0.0008577835025936133
0
0.00056833025466212508
0
0.0011638285331475437
0
0
0
0
0.00036199344307420982
0
0.00057690809557173347
0.0004540288440949795
0.00069274905890876219
0.00083799486614640135
0.00024007447774443424
0.00050101072386161754
0.00037574017815018357
0
0
0
0
0
0.0012737260432108351
0.00075539301819528093
0.0015427432723892213
0.00035586141516410574
0.0011313176476234112
0
0.00031007553595306344
0
0
0
0
0.00038336064986341668
0
0
0
0
0
0
0
0
0.00028991748935354889
0.00047385334719526949
0
0
0
0
0.00075186788568166031
0.00076028691078231848
0.00017533241777954636
0
0.0002382910554199754
0.00024844782712447866
0
0
0
0
0
0
0
0.00068543169986675831
0.00016149609162521708
0
0
0
0.00039445029055543916
0.00053513272661635726
0
0.001078056244264028
0
0.00043800103802959058
0.00015283622225571638
0.00014405761886821401
0.00039703647709126344
0
0.00013677795991930781
0
0
0.00062079150766289413
0
0
0
0
0.00055585738017495314
0
0.00056058274750475482
0
0
0.00090424298064695902
0
0
0.00034639766147749059
0
0.00041288577434804764
0
0
0
0
0.00023853236967261379
0
0.00075589786419447233
0
0
0
0
0
0
0.00044788384658815634
0
0
0.00054100261472212288
0.00030573346993737497
0.00042019208468322642
0.00031399171152627693
0.00024799242311420653
0.00029176275404088587
0
0.00035517630206120224
0
0.00065944102276505002
0.00035173631330672432
0
0.00023489151357505066
0.00024211375426633604
0.00044579846809787336
0
0.0002548002564278797
0.00022970483065006908
0.00034005845777609651
0.00046751758237087042
0.00051365086909894271
0.00052452774739188178
0.00018348798414410369
0.00027500549367162792
0.00053967028962898596
0
0.00026952121565467071
0
0.0026509696070283082
0.0047713825676061966
0
0
0.001655532253578813
0.0027827668341604711
0
0
0
0.0027568618159034618
0
0.00044126223165451604
0.0018152394041719912
0
0.0031811657481790206
0
0
0
0.00047901950930650535
0.00047219067255030054
0
0.00037867524969382793
0
0
0
0
0.00076034580227495572
0
0
0.0013307719227622732
0.00062152212896597852
0.001626502713270491
0
0
0
0.00082558349202604411
0
0
0
0.00062523728039637263
0.0026191837842325792
0
0.0027521834003232997
0
0
0.00046314113493245044
0
0
0.00071706593401421321
0.00042930850638658223
0.000601227325751664
0.001333267771013317
0
0.0007779106286345726
0.00075999770482760849
0.0012412106128851506
0.00050815933771551896
0.0005413480799253261
0
0
0.00051871365216397741
0.00094376611258356515
0
0.0013793079633617851
0
0
0.00055341320375950113
0.0002468543616785928
0
0.00052816887186698397
0.00043961627831524838
0
0
0.00042568441723479274
0
0.00013635933417148154
0.00040813725812008318
0.00038801455315263405
0
0.00064770245457012221
0.0010405023689578276
0
0
0.00033407250923273219
0
0
0
0.00044802920971963349
0.00053258919250734457
0
0
0
0.00051187483560575435
0.00030457624874496368
0
0
0
0.0006213760783487732
0
0
0
0
0
0
0.00025448275776525603
0
0
0
0
0.00068023626804698399
0
0
0
0
0
0
0
0.00098358763188911543
0.00039453051325497734
0
0
0
0
0
0
0
0
0
0.00036384913705180672
0
0
0
0.00048035703026825453
0
0
0.00029829564360606473
0
0
0
0.00080502703127468796
0.00030086193837690697
0.00086014523807840474
0.00072889332177561764
0
0
0.00037708014319650518
0
0
0
0.00025639113040231716
0
0.00027141548331105568
0
0.00073946869352298336
0
0
0.00024540263530055395
0.00078281495457985749
0
0.00026082863834115229
0
0.0002376367670945212
0.00055126422577781472
0.00027763955379762759
0.00020317183235530958
0.00032700249155052919
0
0.00031521118948168704
0.00021592637344215677
0.00041250282103986503
0
0.00052828738637297539
0.0007258292492164798
0
0.00039610529050905442
0.00071879464712032209
0.00073056143662355807
0.00020208864236671704
0
0
0
0.00042438361982797667
0.00020482859413915554
0.00025827473483246242
0.00029010081571880013
0
0.0006825603570974752
0.00023522588796541695
0.00031361598706241872
0.00055498186376279877
0
0
0
0.00012595148878494775
0
0
0.00033666866196286813
0.00059638875816677176
0
0
0.00081745864908998832
0.00065603929634241076
0.00050487422282274213
0
0
0.0037084605069493
0
0
0
0
0.0020094260130757487
0
0
0
0
0.0012578263909565699
0
0
0
0
0
0
0
0
0
0
0.0019296990520143709
0.0025009184834766667
0
0.00067287268915951313
0
0
0.00078524492560112997
0.0014535754238146942
0
0
0.0011280716508670619
0.0017818812813805397
0.00118481775793759
0.00066635302256392464
0.00057730003978879736
0
0
0
0.00089495018314106811
0.0022225044120941771
0
0.0013174950394922826
0.00096623491532656699
0.00043925582125421583
0
0.00066456629718409049
0
0.00048960017763012369
0.00095046272127716333
0
0.00045233380063357194
0.00027116709018632369
0.0015078427020538958
0.00058329828521061662
0
0.00099408157379662085
0
0
0
0
0.0003829431614841287
0
0
0.00148080959721668
0
0.00030348289616779133
0
0.00072285748184273654
0.00035529419749335796
0.00035156050146184959
0
0
0
0
0.00083681955083295654
0
0.00081989884761311457
0
0
0
0.00027240021369260458
0
0
0
0
0
0
0
0
0.00054691332068941589
0
0.0012044825871954984
0.0010808413496080362
0
0.00081564280907373151
0
0
0
0.00041723099319508047
0
0
0.00035712740614436407
0
0
0.00073985694201695782
0
0
0
0
0
0.0010127243335077887
0.00038635397014766303
0
0
0
0.00025410011904600412
0.00037117410055089042
0.00037607237683401801
0.00025308842002734103
0
0
0.00029166151476116184
0
0
0.00086266270542632265
0
0.00052135642955023571
0.00066652003395922203
0.00070507817741906527
0
0
0
0
0
0
0
0
0
0.00025430829819935629
0
0
0
0
0.00052748322455474722
0
0
0
0
0
0
0
0
0
0.00025276797854727282
0
0
0
0
0.00016477482415987646
0
0.00014476549869724397
0
0
0
0
0
0
0.0002115866926319005
0.00022053062880267944
0.00042010980560003883
0
0
0
0
0
0
0
0
0
0
0.00020125624498515168
0
0
0.00033212633396815887
0
0.00012867462898238501
0
0
0.00016954489485764354
0.0003308825262292195
0
0
0
0.00067546208033376692
0.00065273696421539785
0
0
0.001220114324285083
0.0006830421408208486
0.001588341763215807
0
0
0
0
0
0
0
0
0
0
0
0
0.00063016787344405965
0
0.0010049783019826933
0
0
0
0.0027405087565485144
0.0011258090389643059
0
0.00063687896023047956
0
0
0.001380965662850767
0
0.00049930235299534853
0.00047614862924747858
0.00054949507615056881
0
0.00046796032618699783
0
0.00072643163791361986
0
0.000639924813501166
0.00092021425283644268
0.00045568542387753897
0.0015036698785398693
0
0
0.00055381707507925755
0
0
0.00044838310502159088
0
0
0.0010918785505616034
0.00051846856516457964
0.00085652767347097652
0
0.0010574625019453194
0
0
0.00057511037650166317
0
0
0.00070201276014900539
0.00098805617695092479
0
0
0
0
0
0.00034949476449429594
0
0.0007963088243617796
0
0
0
0.0004460195086105169
0
0.0002526899778709465
0
0
0
0
0.00052562333908998983
0.0007026272891048587
0.00039152089054879439
0
0
0
0
0
0
0
0
0
0
0
0
0
0
0
0
0
0.00058481775147625986
0
0
0
0
0
0
0.00039303881318493666
0
0
0.00029568434294006485
0
0
0
0
0
0
0.0004118909827581195
0
0
0
0
0
0
0
0
0
0.00038079768941053337
0
0
0
0
0.00032888125222124101
0
0
0
0
0
0
0
0.00029371493101515976
0
0
0
0.00024081624911515364
0
0
0
0
0
0
0
0
0
0.00025418661964227081
0
0
0.00023633274576111368
0
0
0
0
0
0.00025079149888468946
0
0
0
0
0.00019839891462258206
0
0
0
0
0
0
0.00032287174505730808
0
0
0
0
0
0
0
0
0
0
0
0
0
0
0
0
0
0
0
0
0
0.00096847045425959384
0.00083104271066565419
0
0
0
0
0
0
0
0
0
0
0.0022361296668931595
0.0013191287864570285
0
0.00060398953912563767
0.00067277063963962875
0.0008010579640528627
0.00084810436889013754
0
0.00078220730904679557
0.00061062528841861685
0
0
0
0.00072462596667706262
0
0
0
0
0.00072129083204129673
0.0005612718591649098
0
0
0.00051175555768462908
0.0011253034256777919
0.00066032006554784584
0
0.00046954668187913523
0
0
0.0006186075399328446
0.00082304746946391537
0
0.0012993105021873281
0
0.0017379264733390555
0.0011782791277504419
0
0
0.0004290483960668273
0.00067501366999859179
0.00039657628405730013
0.00079259992316525947
0
0
0.00086806350025405376
0
0
0
0.00052773689036695129
0
0.00038679526354995118
0
0
0
0
0
0
0
0
0
0
0
0
0
0
0
0
0
0
0
0
0
0
0
0
0
0
0
0
0.00059673467894417868
0
0
0
0
0
0
0
0
0
0
0
0
0
0
0
0
0
0.00050421574086760069
0
0
0
0
0
0
0
0
0
0
0
0
0
0
0.00032132871616436643
0
0
0
0
0
0
0
0
0
0.0002371343332924685
0
0
0
0
0
0
0
0
0
0
0
0
0
0
0
0
0
0
0
0
0
0
0
0
0
0
0
0
0
0
0
0
0
0
0
0
0
0
0
0
0
0
0
0
0
0
0
0
0
0
0
0
0
0
0
0
0
0
0
0
0
0
0
0
0
0
0.00078725209166655445
0
0
0
0
0
0
0
0
0
0
0.0010963456088520507
0
0
0
0
0.00077043326994825109
0.00074263056697611133
0
0.00072059798800517107
0
0.00069812168318107118
0.00050858556640551611
0
0.00039457525859004199
0
0.00063363568996584933
0
0
0
0.00073639787718357465
0
0.00065706129431403692
0.0009309652450880375
0.00059012194826916836
0
0.00045305090321646146
0.00057443255349718194
0.0011450868430577668
0
0
0
0
0.0016573519981164507
0.00040987004117131376
0
0.0011974074194559714
0.00060560110198848265
0
0
0
0
0
0
0
0
0
0.0004461262163952088
0
0
0
0
0
0
0
0
0
0
0
0
0
0
0
0
0
0
0
0
0
0
0
0
0
0
0
0
0
0
0
0
0
0
0
0
0
0
0
0
0
0
0
0
0
0
0
0
0
0
0
0
0
0
0
0
0
0
0
0
0
0
0
0
0
0
0
0
0
0
0
0
0
0
0
0
0
0
0
0
0
0
0
0
0
0
0
0
0
0
0
0
0
0
0
0
0
0
0
0
0
0
0
0
0
0
0
0
0
0
0
0
0
0
0
0
0
0
0
0
0
0
0
0
0
0
0
0
0
0
0
0
0
0
0
0
0
0
0
0
0
0
0
0
0.0008876001466065303
0
0
0
0
0
0
0
0
0.00057382844398833337
0
0
0.00091372965304536004
0.0022580911000230387
0.00088600396523729602
0
0.0015446947675722196
0
0.0022180972257534667
0
0
0.00065342312030210517
0
0
0
0
0.0011133562361336151
0
0
0
0
0
0.00073427447936097034
0
0
0
0
0
0
0
0
0
0.00061240284195175111
0
0
0
0
0
0
0
0
0
0
0
0
0
0
0
0
0
0
0
0
0
0
0
0
0
0
0
0
0
0
0
0
0
0
0
0
0
0
0
0
0
0
0
0
0
0
0
0
0
0
0
0
0
0
0
0
0
0
0
0
0
0
0
0
0
0
0
0
0
0.00038482317754134264
0
0
0
0
0
0
0
0
0
0
0
0
0
0
0
0
0
0
0
0
0
0
0
0
0
0
0
0
0
0
0
0
0
0
0
0
0
0
0
0
0
0
0
0
0
0
0
0
0
0
0
0
0
0
0
0
0
0
0
0
0
0
0
0
0
0
0.00012438504187567846
0
0
0
0
0
0
0
0
0
0
0
0
0
0
0
0
0
0
0
0
0
0
0
0
0
0
0
0.00068463689574316418
0
0
0
0
0.00091035237984565397
0
0.0013015059398648443
0
0.0012626039633719982
0.0018989147736203286
0
0
0
0.00062970428424712825
0.00082767289241928799
0
0
0
0
0.001076846487373927
0
0
0
0
0
0
0
0
0
0
0
0
0
0
0
0
0
0
0
0
0
0
0
0
0
0
0
0
0
0
0
0
0
0
0
0
0
0
0
0
0
0
0
0
0
0
0
0
0
0
0
0
0
0
0
0
0
0
0
0
0
0
0
0
0
0
0
0
0
0
0
0
0
0
0
0
0
0
0
0
0
0
0
0
0
0
0
0
0
0
0
0
0
0
0
0
0
0
0
0
0
0
0
0
0
0
0
0
0
0
0
0
0
0
0
0
0
0
0
0
0
0
0
0
0
0
0
0
0
0
0
0
0
0
0
0
0
0
0
0
0
0
0
0
0
0
0
0
0
0
0
0
0
0
0
0
0
0
0
0
0
0
0
0
0
0
0
0
0
0
0
0
0
0
0
0
0
0.00093925223093321755
0.0013793245629601062
0
0.0014212960611153852
0
0
0.0013553601892485653
0
0
0
0
0
0
0
0
0
0
0
0
0
0
0
0
0
0
0
0
0
0
0
0
0
0
0
0
0
0
0
0
0
0
0
0
0
0
0
0
0
0
0
0
0
0
0
0
0
0
0
0
0
0
0
0
0
0
0
0
0
0
0
0
0
0
0
0
0
0
0
0
0
0
0
0
0
0
0
0
0
0
0
0
0
0
0
0
0
0
0
0
0
0
0
0
0
0
0
0
0
0
0
0
0
0
0
0
0
0
0
0
0
0
0
0
0
0
0
0
0
0
0
0
0
0
0
0
0
0
0
0
0
0
0
0
0
0
0
0
0
0
0
0
0
0
0
0
0
0
0
0
0
0
0
0
0
0
0
0
0
0
0
0
0
0
0
0
0
0
0
0
0
0
0
0
0
0
0
0
0
0
0
0
0
0
0
0
0
0
0
0
0.0011165965451106722
0
0
0
0
0
0
0
0
0.0013203417939116919
0
0
0
0
0.0010931811280973417
0
0
0
0
0
0
0
0
0
0
0
0
0
0
0
0
0
0
0
0
0
0
0
0
0
0
0
0
0
0
0
0
0
0
0
0
0
0
0
0
0
0
0
0
0
0
0
0
0
0
0
0
0
0
0
0
0
0
0
0
0
0
0
0
0
0
0
0
0
0
0
0
0
0
0
0
0
0
0
0
0
0
0
0
0
0
0
0
0
0
0
0
0
0
0
0
0
0
0
0
0
0
0
0
0
0
0
0
0
0
0
0
0
0
0
0
0
0
0
0
0
0
0
0
0
0
0
0
0
0
0
0
0
0
0
0
0
0
0
0
0
0
0
0
0
0
0
0
0
0
0
0
0
0
0
0
0
0
0
0
0
0
0
0
0
0
0
0
0
0
0
0
0
0
0
0
0
0
0
0.0010144640168556688
0
0.0017983576377073283
0
0
0
0.0015452121885639548
0.0013572424827461831
0
0
0
0
0
0
0
0
0
0
0
0
0
0
0
0
0
0
0
0
0
0
0
0
0
0
0
0
0
0
0
0
0
0
0
0
0
0
0
0
0
0
0
0
0
0
0
0
0
0
0
0
0
0
0
0
0
0
0
0
0
0
0
0
0
0
0
0
0
0
0
0
0
0
0
0
0
0
0
0
0
0
0
0
0
0
0
0
0
0
0
0
0
0
0
0
0
0
0
0
0
0
0
0
0
0
0
0
0
0
0
0
0
0
0
0
0
0
0
0
0
0
0
0
0
0
0
0
0
0
0
0
0
0
0
0
0
0
0
0
0
0
0
0
0
0
0
0
0
0
0
0
0
0
0
0
0
0
0
0
0
0
0
0
0
0
0
0
0
0
0
0
0
0
0
0
0
0
0
0
0
0
0
0
0
0
0
0
0
0
0
0
0
0.0013280509801387264
0
0
0
0
0
0
0
0
0
0
0
0
0
0
0
0
0
0
0
0
0
0
0
0
0
0
0
0
0
0
0
0
0
0
0
0
0
0
0
0
0
0
0
0
0
0
0
0
0
0
0
0
0
0
0
0
0
0
0
0
0
0
0
0
0
0
0
0
0
0
0
0
0
0
0
0
0
0
0
0
0
0
0
0
0
0
0
0
0
0
0
0
0
0
0
0
0
0
0
0
0
0
0
0
0
0
0
0
0
0
0
0
0
0
0
0
0
0
0
0
0
0
0
0
0
0
0
0
0
0
0
0
0
0
0
0
0
0
0
0
0
0
0
0
0
0
0
0
0
0
0
0
0
0
0
0
0
0
0
0
0
0
0
0
0
0
0
0
0
0
0
0
0
0
0
0
0
0
0
0
0
0
0
0
0
0
0
0
0
0
0
0
0
0
0
0
0
0
0
0
0
0
0
0
0
0
0
0
0
0
0
0
0
0
0
0
0
0
0
0
0
0
0
0
0
0
0
0
0
0
0
0
0
0
0
0
0
0
0
0
0
0
0
0
0
0
0
0
0
0
0
0
0
0
0
0
0
0
0
0
0
0
0
0
0
0
0
0
0
0
0
0
0
0
0
0
0
0
0
0
0
0
0
0
0
0
0
0
0
0
0
0
0
0
0
0
0
0
0
0
0
0
0
0
0
0
0
0
0
0
0
0
0
0
0
0
0
0
0
0
0
0
0
0
0
0
0
0
0
0
0
0
0
0
0
0
0
0
0
0
0
0
0
0
0
0
0
0
0
0
0
0
0
0
0
0
0
0
0
0
0
0
0
0
0
0
0
0
0
0
0
0
0
0
0
0
0
0
0
0
0
0
0
0
0
0
0
0
0
0
0
0
0
0
0
0
0
0
0
0
0
0
0
0
0
0
0
0
0
0
0
0
0
0
0
0
0
0
0
0
0
0
0
0
0
0
0
0
0
0
0
0
0
0
0
0
0
0
0
0
0
0
0
0
0
0
0
0
0
0
0
0
0
0
0
0
0
0
0
0
0
0
0
0
0
0
0
0
0
0
0
0
0
0
0
0
0
0
0
0
0
0
0
0
0
0
0
0
0
0
0
0
0
0
0
0
0
0
0
0
0
0
0
0
0
0
0
0
0
0
0
0
0
0
0
0
0
0
0
0
0
0
0
0
0
0
0
0
0
0
0
0
0
0
0
0
0
0
0
0
0
0
0
0
0
0
0
0
0
0
0
0
0
0
0
0
0
0
0
0
0
0
0
0
0
0
0
0
0
0
0
0
0
0
0
0
0
0
0
0
0
0
0
0
0
0
0
0
0
0
0
0
0
0
0
0
0
0
0
0
0
0
0
0
0
0
0
0
0
0
0
0
0
0
0
0
0
0
0
0
0
0
0
0
0
0
0
0
0
0
0
0
0
0
0
0
0
0
0
0
0
0
0
0
0
0
0
0
0
0
0
0
0
0
0
0
0
0
0
0
0
0
0
0
0
0
0
0
0
0
0
0
0
0
0
0
0
0
0
0
0
0
0
0
0
0
0
0
0
0
0
0
0
0
0
0
0
0
0
0
0
0
0
0
0
0
0
0
0
0
0
0
0
0
0
0
0
0
0
0
0
0
0
0
0
0
0
0
0
0
0
0
0
0
0
0
0
0
0
0
0
0
0
0
0
0
0
0
0
0
0
0
0
0
0
0
0
0
0
0
0
0
0
0
0
0
0
0
0
0
0
0
0
0
0
0
0
0
0
0
0
0
0
0
0
0
0
0
0
0
0
0
0
0
0
0
0
0
0
0
0
0
0
0
0
0
0
0
0
0
0
0
0
0
0
0
0
0
0
0
0
0
0
0
0
0
0
0
0
0
0
0
0
0
0
0
0
0
0
0
0
0
0
0
0
0
0
0
0
0
0
0
0
0
0
0
0
0
0
0
0
0
0
0
0
0
0
0
0
0
0
0
0
0
0
0
0
0
0
0
0
0
0
0
0
0
0
0
0
0
0
0
0
0
0
0
0
0
0
0
0
0
0
0
0
0
0
0
0
0
0
0
0
0
0
0
0
0
0
0
0
0
0
0
0
0
0
0
0
0
0
0
0
0
0
0
0
0
0
0
0
0
0
0
0
0
0
0
0
0
0
0
0
0
0
0
0
0
0
0
0
0
0
0
0
0
0
0
0
0
0
0
0
0
0
0
0
0
0
0
0
0
0
0
0
0
0
0
0
0
0
0
0
0
0
0
0
0
0
0
0
0
0
0
0
0
0
0
0
0
0
0
0
0
0
0
0
0
0
0
0
0
0
0
0
0
0
0
0
0
0
0
0
0
0
0
0
0
0
0
0
0
0
0
0
0
0
0
0
0
0
0
0
0
0
0
0
0
0
0
0
0
0
0
0
0
0
0
0
0
0
0
0
0
0
0
0
0
0
0
0
0
0
0
0
0
0
0
0
0
0
0
0
0
0
0
0
0
0
0
0
0
0
0
0
0
0
0
0
0
0
0
0
0
0
0
0
0
0
0
0
0
0
0
0
0
0
0
0
0
0
0
0
0
0
0
0
0
0
0
0
0
0
0
0
0
0
0
0
0
0
0
0
0
0
0
0
0
0
0
0
0
0
0
0
0
0
0
0
0
0
0
0
0
0
0
0
0
0
0
0
0
0
0
0
0
0
0
0
0
0
0
0
0
0
0
0
0
0
0
0
0
0
0
0
0
0
0
0
0
0
0
0
0
0
0
0
0
0
0
0
0
0
0
0
0
0
0
0
0
0
0
0
0
0
0
0
0
0
0
0
0
0
0
0
0
0
0
0
0
0
0
0
0
0
0
0
0
0
0
0
0
0
0
0
0
0
0
0
0
0
0
0
0
0
0
0
0
0
0
0
0
0
0
0
0
0
0
0
0
0
0
0
0
0
0
0
0
0
0
0
0
0
0
0
0
0
0
0
0
0
0
0
0
0
0
0
0
0
0
0
0
0
0
0
0
0
0
0
0
0
0
0
0
0
0
0
0
0
0
0
0
0
0
0
0
0
0
0
0
0
0
0
0
0
0
0
0
0
0
0
0
0
0
0
0
0
0
0
0
0
0
0
0
0
0
0
0
0
0
0
0
0
0
0
0
0
0
0
0
0
0
0
0
0
0
0
0
0
0
0
0
0
0
0
0
0
0
0
0
0
0
0
0
0
0
0
0
0
0
0
0
0
0
0
0
0
0
0
0
0
0
0
0
0
0
0
0
0
0
0
0
0
0
0
0
0
0
0
0
0
0
0
0
0
0
0
0
0
0
0
0
0
0
0
0
0
0
0
0
0
0
0
0
0
0
0
0
0
0
0
0
0
0
0
0
0
0
0
0
0
0
0
0
0
0
0
0
0
0
0
0
0
0
0
0
0
0
0
0
0
0
0
0
0
0
0
0
0
0
0
0
0
0
0
0
0
0
0
0
0
0
0
0
0
0
0
0
0
0
0
0
0
0
0
0
0
0
0
0
0
0
0
0
0
0
0
0
0
0
0
0
0
0
0
0
0
0
0
0
0
0
0
0
0
0
0
0
0
0
0
0
0
0
0
0
0
0
0
0
0
0
0
0
0
0
0
)
;

boundaryField
{
    inlet
    {
        type            calculated;
        value           uniform 0;
    }
    outlet
    {
        type            calculated;
        value           uniform 0;
    }
    wall
    {
        type            calculated;
        value           uniform 0;
    }
    wedgeBack
    {
        type            wedge;
    }
    wedgeFront
    {
        type            wedge;
    }
    defaultFaces
    {
        type            empty;
    }
}


// ************************************************************************* //
