/*--------------------------------*- C++ -*----------------------------------*\
  =========                 |
  \\      /  F ield         | OpenFOAM: The Open Source CFD Toolbox
   \\    /   O peration     | Website:  https://openfoam.org
    \\  /    A nd           | Version:  10
     \\/     M anipulation  |
\*---------------------------------------------------------------------------*/
FoamFile
{
    format      ascii;
    class       volVectorField;
    location    "0.00014";
    object      U;
}
// * * * * * * * * * * * * * * * * * * * * * * * * * * * * * * * * * * * * * //

dimensions      [0 1 -1 0 0 0 0];

internalField   nonuniform List<vector> 
100
(
(0.91485478239121 -7.9728319818392e-23 -7.9728319818392e-23)
(0.91482259702119 -6.8087790833334e-24 -6.8087790833334e-24)
(0.91481347105647 3.8177242570376e-23 3.8177242570376e-23)
(0.91479753148577 1.6263786398851e-22 1.6263786398851e-22)
(0.91479101872364 2.238709410691e-22 2.238709410691e-22)
(0.91478894726799 8.3727791992481e-23 8.3727791992481e-23)
(0.91478843031841 1.0693234992303e-23 1.0693234992303e-23)
(0.91478832298916 -2.1814463019932e-22 -2.1814463019932e-22)
(0.91478830387178 -2.1433170302707e-22 -2.1433170302707e-22)
(0.9147883008873 1.552497765706e-22 1.552497765706e-22)
(0.91478830047219 6.4500124822882e-23 6.4500124822882e-23)
(0.91478830042014 -1.7927067464954e-22 -1.7927067464954e-22)
(0.9147883004142 3.518041185492e-23 3.518041185492e-23)
(0.91478830041358 1.3702873620467e-22 1.3702873620467e-22)
(0.91478830041353 1.2793449965944e-22 1.2793449965944e-22)
(0.91478830041353 1.7225273261808e-22 1.7225273261808e-22)
(0.91478830041353 1.3743667452133e-22 1.3743667452133e-22)
(0.91478830041353 7.0631279915194e-23 7.0631279915194e-23)
(0.91478830041353 -3.7176256116736e-22 -3.7176256116736e-22)
(0.91478830041353 -3.9158310918219e-22 -3.9158310918219e-22)
(0.91478830041353 3.0050019054635e-22 3.0050019054635e-22)
(0.91478830041353 4.462173226898e-22 4.462173226898e-22)
(0.91478830041353 -2.9140514350365e-22 -2.9140514350365e-22)
(0.91478830041353 -1.7017509598928e-22 -1.7017509598928e-22)
(0.91478830041353 2.8678274480135e-22 2.8678274480135e-22)
(0.91478830041353 -2.338112835236e-22 -2.338112835236e-22)
(0.91478830041353 -2.6830467329067e-22 -2.6830467329067e-22)
(0.91478830041353 -7.7715288154485e-24 -7.7715288154485e-24)
(0.91478830041352 1.654651237316e-22 1.654651237316e-22)
(0.91478830041353 2.3527063659882e-22 2.3527063659882e-22)
(0.91478830041353 5.7610671674591e-23 5.7610671674591e-23)
(0.91478830041353 -9.8552017003701e-23 -9.8552017003701e-23)
(0.91478830041353 -7.3148447465099e-23 -7.3148447465099e-23)
(0.91478830041353 -6.1130461475044e-24 -6.1130461475044e-24)
(0.91478830041352 -1.1693105837006e-22 -1.1693105837006e-22)
(0.91478830041353 -1.9350884575069e-22 -1.9350884575069e-22)
(0.91478830041353 2.3977411000176e-22 2.3977411000176e-22)
(0.91478830041353 3.6770469734565e-22 3.6770469734565e-22)
(0.91478830041353 1.675381527099e-24 1.675381527099e-24)
(0.91478830041354 2.6214878048522e-23 2.6214878048522e-23)
(0.91478830041352 -2.7806991680641e-24 -2.7806991680641e-24)
(0.91478830041353 -7.3958519544965e-23 -7.3958519544965e-23)
(0.91478830041353 -2.4075956270723e-23 -2.4075956270723e-23)
(0.91478830041353 -1.6800158346321e-22 -1.6800158346321e-22)
(0.91478830041353 -1.2220947997265e-22 -1.2220947997265e-22)
(0.91478830041353 1.511857187581e-23 1.511857187581e-23)
(0.91478830041352 1.3787263136967e-22 1.3787263136967e-22)
(0.91478830041353 1.7490540230451e-22 1.7490540230451e-22)
(0.91478830041353 -4.9290711402317e-23 -4.9290711402317e-23)
(0.91478830041353 1.1670186365364e-24 1.1670186365364e-24)
(0.91478830041353 1.2118222036156e-22 1.2118222036156e-22)
(0.91478830041353 3.5541615646425e-23 3.5541615646425e-23)
(0.91478830041353 1.6545059900852e-23 1.6545059900852e-23)
(0.91478830041353 4.1861970221087e-23 4.1861970221087e-23)
(0.91478830041353 3.3994068836874e-23 3.3994068836874e-23)
(0.91478830041353 1.1206060837212e-22 1.1206060837212e-22)
(0.91478830041353 -6.8587257142359e-23 -6.8587257142359e-23)
(0.91478830041353 -4.3561550116989e-22 -4.3561550116989e-22)
(0.91478830041352 -3.4471532871319e-22 -3.4471532871319e-22)
(0.91478830041353 -5.4169264002748e-23 -5.4169264002748e-23)
(0.91478830041352 5.5472119386167e-25 5.5472119386167e-25)
(0.91478830041353 -8.0792756325851e-23 -8.0792756325851e-23)
(0.91478830041352 1.1865531409549e-22 1.1865531409549e-22)
(0.91478830041353 -1.3211652291699e-22 -1.3211652291699e-22)
(0.91478830041352 -1.4687089986285e-22 -1.4687089986285e-22)
(0.91478830041353 1.7330251793085e-22 1.7330251793085e-22)
(0.91478830041352 -1.1094229083035e-22 -1.1094229083035e-22)
(0.91478830041352 -2.4390986643587e-22 -2.4390986643587e-22)
(0.91478830041352 1.0222394199691e-23 1.0222394199691e-23)
(0.91478830041353 1.9972952209839e-22 1.9972952209839e-22)
(0.91478830041352 1.8403667299285e-22 1.8403667299285e-22)
(0.91478830041353 2.8863967543269e-22 2.8863967543269e-22)
(0.91478830041353 8.7723083985225e-23 8.7723083985225e-23)
(0.91478830041353 -5.9097736418683e-23 -5.9097736418683e-23)
(0.91478830041352 3.9774101715364e-23 3.9774101715364e-23)
(0.91478830041353 -3.3317905537775e-24 -3.3317905537775e-24)
(0.91478830041353 -4.2226836658771e-23 -4.2226836658771e-23)
(0.91478830041353 -1.8106121460967e-24 -1.8106121460967e-24)
(0.91478830041352 8.8726893618626e-23 8.8726893618626e-23)
(0.91478830041353 1.9793951147561e-22 1.9793951147561e-22)
(0.91478830041353 -3.5576710819827e-23 -3.5576710819827e-23)
(0.91478830041353 -8.1007667757042e-23 -8.1007667757042e-23)
(0.91478830041353 -3.001233929774e-23 -3.001233929774e-23)
(0.91478830041352 -2.3842295886903e-22 -2.3842295886903e-22)
(0.91478830041353 -1.1352359931218e-22 -1.1352359931218e-22)
(0.91478830041351 1.3487266633832e-23 1.3487266633832e-23)
(0.91478830041322 -2.2361245474812e-22 -2.2361245474812e-22)
(0.91478830041022 -6.9794497831444e-23 -6.9794497831444e-23)
(0.91478830038136 2.5614540980723e-22 2.5614540980723e-22)
(0.91478830012359 7.7903166021973e-23 7.7903166021973e-23)
(0.91478829802716 -1.1625727149095e-22 -1.1625727149095e-22)
(0.91478828265192 -6.6857649496525e-23 -6.6857649496525e-23)
(0.91478818218474 -1.0822932754365e-22 -1.0822932754365e-22)
(0.9147876064589 -1.6814046077925e-22 -1.6814046077925e-22)
(0.91478477389372 9.9455337711405e-23 9.9455337711405e-23)
(0.91477316670364 2.7415526703223e-22 2.7415526703223e-22)
(0.91473573340673 2.3552157706306e-22 2.3552157706306e-22)
(0.9146408076694 -9.8450788937934e-25 -9.8450788937934e-25)
(0.91457079978403 -2.2110964071586e-22 -2.2110964071586e-22)
(0.91421915160555 -2.6828559241156e-22 -2.6828559241156e-22)
)
;

boundaryField
{
    left
    {
        type            zeroGradient;
    }
    right
    {
        type            zeroGradient;
    }
    sides
    {
        type            empty;
    }
}


// ************************************************************************* //
