/*--------------------------------*- C++ -*----------------------------------*\
  =========                 |
  \\      /  F ield         | OpenFOAM: The Open Source CFD Toolbox
   \\    /   O peration     | Website:  https://openfoam.org
    \\  /    A nd           | Version:  10
     \\/     M anipulation  |
\*---------------------------------------------------------------------------*/
FoamFile
{
    format      ascii;
    class       volVectorField;
    location    "0.00014";
    object      Us;
}
// * * * * * * * * * * * * * * * * * * * * * * * * * * * * * * * * * * * * * //

dimensions      [0 1 -1 0 0 0 0];

internalField   nonuniform List<vector> 
100
(
(0.85292210683006 -2.9460128762632e-23 -2.9460128762632e-23)
(0.85289991183108 -1.7265848169003e-23 -1.7265848169003e-23)
(0.85289309537896 5.8342655217695e-23 5.8342655217695e-23)
(0.85288730869121 1.7389794660528e-22 1.7389794660528e-22)
(0.85288547590718 1.3722852651201e-22 1.3722852651201e-22)
(0.85288500022147 4.1571011120805e-23 4.1571011120805e-23)
(0.85288489876483 8.5955375945263e-24 8.5955375945263e-24)
(0.85288488028294 -1.492821452663e-22 -1.492821452663e-22)
(0.85288487734101 -8.9981054380582e-23 -8.9981054380582e-23)
(0.85288487692494 1.2983153733062e-22 1.2983153733062e-22)
(0.85288487687192 1.7801297787751e-23 1.7801297787751e-23)
(0.85288487686578 -1.9640367174609e-22 -1.9640367174609e-22)
(0.85288487686513 -3.8866070163495e-23 -3.8866070163495e-23)
(0.85288487686507 1.2550047973368e-22 1.2550047973368e-22)
(0.85288487686506 1.0330235325027e-22 1.0330235325027e-22)
(0.85288487686506 1.3896936452175e-22 1.3896936452175e-22)
(0.85288487686506 3.2050582195629e-23 3.2050582195629e-23)
(0.85288487686506 -4.4721700626547e-23 -4.4721700626547e-23)
(0.85288487686506 -4.1609543044985e-23 -4.1609543044985e-23)
(0.85288487686506 -3.4842066561576e-23 -3.4842066561576e-23)
(0.85288487686507 6.6720012156096e-23 6.6720012156096e-23)
(0.85288487686506 9.7373052980759e-23 9.7373052980759e-23)
(0.85288487686506 -7.7175868586128e-23 -7.7175868586128e-23)
(0.85288487686507 -4.2578197297036e-23 -4.2578197297036e-23)
(0.85288487686506 5.0057149662172e-23 5.0057149662172e-23)
(0.85288487686506 -8.1639675014846e-23 -8.1639675014846e-23)
(0.85288487686506 -7.227640369993e-23 -7.227640369993e-23)
(0.85288487686507 -5.045731763733e-23 -5.045731763733e-23)
(0.85288487686506 3.974092935262e-24 3.974092935262e-24)
(0.85288487686506 7.1437204496486e-23 7.1437204496486e-23)
(0.85288487686506 7.3173653299957e-23 7.3173653299957e-23)
(0.85288487686506 -1.9264846496107e-23 -1.9264846496107e-23)
(0.85288487686506 -6.4811199304353e-23 -6.4811199304353e-23)
(0.85288487686507 -4.2520931475714e-23 -4.2520931475714e-23)
(0.85288487686506 -1.9876734721438e-22 -1.9876734721438e-22)
(0.85288487686507 -2.0928455370121e-22 -2.0928455370121e-22)
(0.85288487686506 1.2246220096325e-22 1.2246220096325e-22)
(0.85288487686507 2.0414454346403e-22 2.0414454346403e-22)
(0.85288487686506 1.3142212000471e-22 1.3142212000471e-22)
(0.85288487686507 1.7901689588971e-22 1.7901689588971e-22)
(0.85288487686506 4.4047106073892e-23 4.4047106073892e-23)
(0.85288487686506 -9.6164465019851e-23 -9.6164465019851e-23)
(0.85288487686506 -2.7063162736124e-23 -2.7063162736124e-23)
(0.85288487686506 -5.3216131066552e-23 -5.3216131066552e-23)
(0.85288487686506 -9.5474749963754e-23 -9.5474749963754e-23)
(0.85288487686507 -1.4067885045209e-23 -1.4067885045209e-23)
(0.85288487686506 4.5011327268982e-23 4.5011327268982e-23)
(0.85288487686506 5.0842553480531e-23 5.0842553480531e-23)
(0.85288487686506 -2.5652617456414e-24 -2.5652617456414e-24)
(0.85288487686506 5.0908711425565e-23 5.0908711425565e-23)
(0.85288487686506 5.4581539644825e-23 5.4581539644825e-23)
(0.85288487686506 8.1076829896745e-24 8.1076829896745e-24)
(0.85288487686506 5.1588043712295e-24 5.1588043712295e-24)
(0.85288487686506 3.0938851199286e-23 3.0938851199286e-23)
(0.85288487686506 7.9706404454582e-23 7.9706404454582e-23)
(0.85288487686506 5.1000038085938e-23 5.1000038085938e-23)
(0.85288487686506 -1.1562606531907e-22 -1.1562606531907e-22)
(0.85288487686506 -2.4066361946874e-22 -2.4066361946874e-22)
(0.85288487686506 -2.1651506729866e-22 -2.1651506729866e-22)
(0.85288487686506 -8.1311615301009e-23 -8.1311615301009e-23)
(0.85288487686506 1.8678014560833e-23 1.8678014560833e-23)
(0.85288487686506 1.7017910588828e-23 1.7017910588828e-23)
(0.85288487686506 6.9375129658044e-24 6.9375129658044e-24)
(0.85288487686506 -3.664564744482e-23 -3.664564744482e-23)
(0.85288487686506 -1.3881672518137e-23 -1.3881672518137e-23)
(0.85288487686506 1.5742956514108e-23 1.5742956514108e-23)
(0.85288487686506 -8.0383877247554e-23 -8.0383877247554e-23)
(0.85288487686506 -1.6293648521439e-22 -1.6293648521439e-22)
(0.85288487686506 9.5504394078357e-24 9.5504394078357e-24)
(0.85288487686506 1.5985027986752e-22 1.5985027986752e-22)
(0.85288487686506 1.6727117746468e-22 1.6727117746468e-22)
(0.85288487686506 9.526621404776e-23 9.526621404776e-23)
(0.85288487686506 -4.3111506558489e-23 -4.3111506558489e-23)
(0.85288487686506 4.4710795393891e-23 4.4710795393891e-23)
(0.85288487686506 1.414125376477e-22 1.414125376477e-22)
(0.85288487686506 -3.2923388823193e-23 -3.2923388823193e-23)
(0.85288487686506 -1.4199115284525e-22 -1.4199115284525e-22)
(0.85288487686506 3.1086168655209e-23 3.1086168655209e-23)
(0.85288487686506 1.6059927849563e-22 1.6059927849563e-22)
(0.85288487686506 8.8537564353317e-23 8.8537564353317e-23)
(0.85288487686506 -3.7061319924205e-24 -3.7061319924205e-24)
(0.85288487686506 -1.6698502620542e-23 -1.6698502620542e-23)
(0.85288487686506 -9.8641972970719e-23 -9.8641972970719e-23)
(0.85288487686506 -1.6867354806661e-22 -1.6867354806661e-22)
(0.85288487686506 -9.5456290456161e-23 -9.5456290456161e-23)
(0.85288487686506 -5.1461872015181e-23 -5.1461872015181e-23)
(0.85288487686504 -4.9992692269656e-23 -4.9992692269656e-23)
(0.85288487686473 -8.6042619917736e-24 -8.6042619917736e-24)
(0.85288487686162 7.063574489676e-23 7.063574489676e-23)
(0.85288487683177 7.761240964057e-25 7.761240964057e-25)
(0.85288487656922 -1.0185563382353e-22 -1.0185563382353e-22)
(0.85288487446803 -1.6512711875289e-23 -1.6512711875289e-23)
(0.85288485932401 -2.6946322027235e-23 -2.6946322027235e-23)
(0.8528847622756 1.8830689981569e-24 1.8830689981569e-24)
(0.85288421834571 1.0105587072743e-22 1.0105587072743e-22)
(0.85288161104134 2.1546605556176e-22 2.1546605556176e-22)
(0.85287130919482 1.2457582215713e-22 1.2457582215713e-22)
(0.85283772916827 -9.762420214271e-23 -9.762420214271e-23)
(0.85279594761144 -1.3243433248244e-22 -1.3243433248244e-22)
(0.84040580786834 -1.4653293027739e-22 -1.4653293027739e-22)
)
;

boundaryField
{
    left
    {
        type            zeroGradient;
    }
    right
    {
        type            zeroGradient;
    }
    sides
    {
        type            empty;
    }
}


// ************************************************************************* //
