/*--------------------------------*- C++ -*----------------------------------*\
  =========                 |
  \\      /  F ield         | OpenFOAM: The Open Source CFD Toolbox
   \\    /   O peration     | Website:  https://openfoam.org
    \\  /    A nd           | Version:  10
     \\/     M anipulation  |
\*---------------------------------------------------------------------------*/
FoamFile
{
    format      ascii;
    class       volVectorField;
    location    "0.2";
    object      U;
}
// * * * * * * * * * * * * * * * * * * * * * * * * * * * * * * * * * * * * * //

dimensions      [0 1 -1 0 0 0 0];

internalField   nonuniform List<vector> 
100
(
(6.7050986691336e-06 -8.0850434035169e-18 3.0875582303872e-17)
(1.2183818375254e-05 -1.7159064368255e-17 6.3695997614462e-17)
(1.5723129987529e-05 -9.8110906676216e-17 3.8175618131574e-16)
(2.2304156933403e-05 -8.5930513955122e-16 2.3875164395829e-15)
(3.1838377236533e-05 -5.5799427887692e-15 1.5572358038105e-14)
(4.2042676507691e-05 -2.1387398561551e-14 5.9804772376375e-14)
(5.7110373259918e-05 -2.2365080375791e-14 6.247222018638e-14)
(7.2316226492078e-05 -2.2592384870188e-14 6.2406914310501e-14)
(9.4399698888045e-05 -2.3066951507747e-14 6.0807361053751e-14)
(0.00012146779402942 -2.9137182109466e-14 6.1612475481876e-14)
(0.0001619464467959 -7.5203348390279e-14 7.7541567900064e-14)
(0.00020857056731579 -1.6385099479846e-13 1.110201309951e-13)
(0.00027130649936626 -1.4795438538512e-13 9.5147467996535e-14)
(0.00035463162135653 -1.4420214561424e-13 8.1139669570393e-14)
(0.00046596677383957 -1.4155467482898e-13 7.445021498235e-14)
(0.00062670099788847 -1.2944511236883e-13 7.8868561619574e-14)
(0.00086342204958465 -1.0036465929473e-13 6.2438101756146e-14)
(0.0012328635423016 -6.3020532559047e-14 3.5065461174083e-14)
(0.0018498378388226 -3.1521862022013e-14 1.6043426963366e-14)
(0.0028840290915222 -1.3415294151542e-14 6.6857542276091e-15)
(0.0046449012505013 -4.8354381610488e-15 2.5400477842086e-15)
(0.0075683770024724 -1.3189397072561e-15 9.4964025873562e-16)
(0.012301026681887 1.4765591647381e-16 4.2171891204419e-16)
(0.019577765655789 1.0721800884129e-15 3.2923184963264e-16)
(0.030143139463709 2.1172548543798e-15 3.5746639949635e-16)
(0.044671942332467 3.8892889436852e-15 5.9045049021628e-16)
(0.06333195968468 7.2758100588986e-15 1.1276269920552e-15)
(0.086274168331283 1.3287463519759e-14 2.0803579874111e-15)
(0.11263755355059 2.2890937020697e-14 3.5852728043483e-15)
(0.1422361652359 3.398669467411e-14 5.3145354130574e-15)
(0.1738586684713 4.2659506717599e-14 6.6609986143185e-15)
(0.2069908345871 4.8171751427565e-14 7.516096037562e-15)
(0.24164265193552 5.1440222583979e-14 8.0226461916861e-15)
(0.27597332143191 5.3307190100074e-14 8.3117072429453e-15)
(0.3102721856711 5.4379007203525e-14 8.4776389144706e-15)
(0.34448513800823 5.503049593224e-14 8.5788443283367e-15)
(0.37745124045091 5.5470713757833e-14 8.6477737605143e-15)
(0.40953985481257 5.580229436652e-14 8.7000157856855e-15)
(0.44082025794427 5.6071313316344e-14 8.7422859637418e-15)
(0.46985014153882 5.630516726021e-14 8.7787001442208e-15)
(0.49581569203456 5.6528213218682e-14 8.813181121658e-15)
(0.51831605954736 5.6772531437281e-14 8.8508208085578e-15)
(0.53596908267419 5.7112649424543e-14 8.9032502675757e-15)
(0.54806825503101 5.770512361566e-14 8.9950704120732e-15)
(0.55546427834542 5.8800670454281e-14 9.1655920793877e-15)
(0.56022331342106 6.0746206571022e-14 9.4689584106703e-15)
(0.56418911144174 6.3976595071958e-14 9.972778218054e-15)
(0.56820163235472 6.9026784016971e-14 1.076014399842e-14)
(0.57280078905001 7.6563730127375e-14 1.1934845355792e-14)
(0.57765803940656 8.7497195217078e-14 1.3638811432809e-14)
(0.5820335580938 1.0251982157026e-13 1.598040045042e-14)
(0.58626078442494 1.2022203826082e-13 1.8740102107017e-14)
(0.5906818606704 1.3652443269965e-13 2.1281685207522e-14)
(0.59541687569267 1.4948321714392e-13 2.3302198917959e-14)
(0.59990067199873 1.606774474688e-13 2.5047543658854e-14)
(0.60435984738666 1.7168481432874e-13 2.6764093017834e-14)
(0.60911189259876 1.8365512807121e-13 2.8631661105991e-14)
(0.61406344026117 1.9724033956845e-13 3.0749250506691e-14)
(0.61894072293241 2.1139992386899e-13 3.2956657239496e-14)
(0.62408452705874 2.3565806778107e-13 3.6734566620766e-14)
(0.62926236936019 8.3235295035392e-14 1.2974649030313e-14)
(0.63463272477787 1.3750219880582e-14 2.1415508620044e-15)
(0.63952984505092 2.1394687456648e-15 3.2483128230222e-16)
(0.64341225221404 3.3010126842762e-16 4.532652815035e-17)
(0.64547780054375 5.1680738511933e-17 7.3562345407943e-18)
(0.6450414149971 1.2516067781582e-17 2.2652290728061e-18)
(0.64280922458263 6.7506371851726e-18 2.0265915988984e-18)
(0.63868306584369 6.786535315283e-18 2.9189640794384e-18)
(0.63315820286885 9.028583128929e-18 5.1114578928442e-18)
(0.6264456091881 1.4723813856592e-17 9.4332894293015e-18)
(0.61869656732624 2.6066081290254e-17 1.7507910877888e-17)
(0.60983561490387 4.835530160957e-17 3.3050000553903e-17)
(0.59990665549174 8.7878688807876e-17 6.0492980719214e-17)
(0.58875215624353 5.0209587301033e-16 3.5155314544659e-16)
(0.57630020732431 7.9453267783665e-15 5.592780750928e-15)
(0.56274029900585 1.7602874175408e-13 1.2268028837991e-13)
(0.54784481450513 3.1994941393805e-13 2.2330942868607e-13)
(0.52940765130972 3.3323720537554e-13 2.2623701546076e-13)
(0.50617755921752 4.2490351393917e-13 2.4227264452196e-13)
(0.48645369928306 7.2233016088434e-13 2.8535936498985e-13)
(0.47047138169451 7.3358344154016e-13 2.952557270314e-13)
(0.44122367611945 5.0229184908852e-13 2.8266323903385e-13)
(0.35326566423005 3.6438256592302e-13 2.4613899610482e-13)
(0.19744646582964 3.0755599835642e-13 2.1183053670559e-13)
(0.082031064124181 2.7649785640172e-13 1.9079013196338e-13)
(0.031850092421596 2.5290151161197e-13 1.7452424230663e-13)
(0.013220612044935 2.3076807558782e-13 1.5925055066921e-13)
(0.0064421480945594 2.0786737184724e-13 1.4344703491943e-13)
(0.0037362894548951 1.8220732297126e-13 1.2573938500018e-13)
(0.0024637210606113 1.5104365527012e-13 1.0423376880372e-13)
(0.0017089693204416 1.1220978542039e-13 7.743529757388e-14)
(0.0012779109584159 7.4527016941106e-14 5.1431348471744e-14)
(0.0009280454619087 4.746269918091e-14 3.275462798872e-14)
(0.00071006357448785 2.9883391341619e-14 2.0622737258366e-14)
(0.00053457314211102 1.9127840154171e-14 1.3199531477935e-14)
(0.00038894873781064 1.2656988816788e-14 8.7334745756697e-15)
(0.00026695418070963 8.7257726850763e-15 6.0205618695736e-15)
(0.00017413663889888 6.343167063713e-15 4.3766415864957e-15)
(0.00012897450630474 5.02091251139e-15 3.4644343636146e-15)
(7.2074359854479e-05 4.5036908907652e-15 3.1076171581143e-15)
)
;

boundaryField
{
    left
    {
        type            zeroGradient;
    }
    right
    {
        type            zeroGradient;
    }
    sides
    {
        type            empty;
    }
}


// ************************************************************************* //
