/*--------------------------------*- C++ -*----------------------------------*\
  =========                 |
  \\      /  F ield         | OpenFOAM: The Open Source CFD Toolbox
   \\    /   O peration     | Website:  https://openfoam.org
    \\  /    A nd           | Version:  10
     \\/     M anipulation  |
\*---------------------------------------------------------------------------*/
FoamFile
{
    format      ascii;
    class       volVectorField;
    location    "0.2";
    object      Us;
}
// * * * * * * * * * * * * * * * * * * * * * * * * * * * * * * * * * * * * * //

dimensions      [0 1 -1 0 0 0 0];

internalField   nonuniform List<vector> 
100
(
(1.7917077585567e-06 -1.5038603149442e-16 5.1417411551144e-16)
(5.5878882009777e-06 -1.9418013810992e-16 6.3498381418264e-16)
(0.00072269322376308 -3.0418421626718e-16 9.3858915845708e-16)
(1.2801108702517e-05 -5.7484584803256e-16 1.6819399138168e-15)
(1.788213269565e-05 -1.2971676048686e-15 3.6589065222732e-15)
(2.4476300542328e-05 -4.7378243263728e-13 1.3209888353989e-12)
(3.2055937906454e-05 -4.5877849371985e-15 1.2577008720092e-14)
(0.00069590500307597 -5.7444286489289e-15 1.537443069278e-14)
(5.4326637882487e-05 -6.7517641757512e-15 1.7059778312196e-14)
(0.00068169047323084 -8.324676842206e-15 1.8244030589119e-14)
(0.00085814794321034 -3.37733217222e-12 1.5638770930555e-12)
(0.0012681728875221 -2.1833937510077e-14 2.2610612364851e-14)
(0.00074717016460475 -2.7911252201193e-14 2.3357947477201e-14)
(0.0019534819088516 -3.1675787974872e-14 2.2799107210057e-14)
(0.00077367533489848 -1.2878850641707e-13 -1.2335513958215e-13)
(0.0020905808600468 -1.0414741551448e-13 3.9379407122915e-13)
(0.0031592261899841 -2.6004121840437e-14 1.6920638661772e-14)
(0.0042911921193783 -1.9081675610702e-14 1.2309660176791e-14)
(0.0031727366294468 -1.2134262052073e-14 8.2195200476172e-15)
(0.0048802913425116 -6.7134723274369e-15 5.3360403766771e-15)
(0.0054746806738536 -2.9059628187717e-15 3.4944307230529e-15)
(0.0066280345222096 -3.1432910341954e-16 2.3992975758868e-15)
(0.0080183492987994 1.585351077712e-15 1.7844296979924e-15)
(0.012709622327141 3.1659396294202e-15 1.4717671589112e-15)
(0.014247997848259 4.7822442318223e-15 1.3697484551846e-15)
(0.018308292316003 6.6185096932409e-15 1.4323940848029e-15)
(0.024401760960457 8.8517582317308e-15 1.6430042145737e-15)
(0.030907912334696 1.1739920300033e-14 2.0072501287717e-15)
(0.038269164376918 1.5086228070674e-14 2.4706930860629e-15)
(0.048985453273292 1.860488246312e-14 2.9809730559499e-15)
(0.058604535963781 2.1757547288377e-14 3.4457774578444e-15)
(0.071975749780463 2.4234953905891e-14 3.8148993051103e-15)
(0.085062513383783 2.6127826413329e-14 4.0979495875927e-15)
(0.099267733112557 2.7498592413215e-14 4.3033262595153e-15)
(0.1113252855157 2.853173164247e-14 4.4589987689312e-15)
(0.13028441909988 2.9253714863354e-14 4.5679378039056e-15)
(0.14208113211316 2.9859364437166e-14 4.6599547059702e-15)
(0.15825821356943 3.0254094188807e-14 4.719899531294e-15)
(0.17373117336132 3.0593789714292e-14 4.7711783463523e-15)
(0.18494616091912 3.0864973799909e-14 4.813380194761e-15)
(0.19978963586235 3.109305825587e-14 4.8481797152109e-15)
(0.21258796470249 3.1391024651267e-14 4.8941246081666e-15)
(0.22272841644563 3.1750125858343e-14 4.9497294113398e-15)
(0.230760815001 3.2251597611497e-14 5.0275943000054e-15)
(0.24300784371895 3.2991128415862e-14 5.1427684648226e-15)
(0.24141293983766 3.4062045658449e-14 5.3095984310294e-15)
(0.25075382751357 3.547029999617e-14 5.5290348518396e-15)
(0.25549277871995 3.7290518651746e-14 5.8127358480792e-15)
(0.26022831581104 3.9523876434313e-14 6.1608124542016e-15)
(0.26285310126991 4.2073764453868e-14 6.5582526131082e-15)
(0.26601453891634 4.4571995113664e-14 6.9476961499164e-15)
(0.26948855672514 4.6610521026945e-14 7.2655252073288e-15)
(0.27339853910711 4.7513120715998e-14 7.4062887468227e-15)
(0.27205419783334 4.6908952018909e-14 7.3121741396901e-15)
(0.27776596063364 4.5097718756287e-14 7.0298900630992e-15)
(0.28029241523488 4.207783499495e-14 6.5592036146133e-15)
(0.27832452910337 3.7604411402187e-14 5.8619213409515e-15)
(0.28382030586908 3.1798984157689e-14 4.9567711817954e-15)
(0.28270827286674 2.3896036409117e-14 3.724542955099e-15)
(0.28454592775056 1.3698525220857e-14 2.1347681432722e-15)
(0.28971919908138 2.8050490093314e-12 4.3727503263562e-13)
(0.28844806619665 9.5031625078347e-16 1.4742402208256e-16)
(0.28694173029045 2.5610296987824e-16 3.9372574977153e-17)
(0.28739041865073 1.1552783489745e-16 1.9162926749555e-17)
(0.28705089990694 6.4677191504304e-17 1.3814349462504e-17)
(0.2833118899046 4.3458283780061e-17 1.3531592262516e-17)
(0.28297977966611 4.664659522124e-17 1.9558440064489e-17)
(0.27558341211581 5.4872255671954e-17 3.0414484771154e-17)
(0.27177071365809 7.8348508121908e-17 4.9749447182664e-17)
(0.26635466979555 1.335442912336e-16 8.8360071519841e-17)
(0.25856827070376 2.2970351404358e-16 1.5617280502146e-16)
(0.24970573602859 4.7112421276716e-16 3.2325556396133e-16)
(0.24085286027873 8.4099384865048e-16 5.7879109097269e-16)
(0.22662571002392 1.7426030113767e-15 1.197664174405e-15)
(0.21326677623894 3.7577579818349e-15 2.5706922353028e-15)
(0.20410549425355 3.4650595447462e-12 2.391136046054e-12)
(0.18416243059832 3.6843142655477e-14 2.5045804991698e-14)
(0.16439302515497 6.5950904768156e-14 4.314534514627e-14)
(0.14747579889349 1.043411384639e-13 6.345275500796e-14)
(0.1258474912054 1.4688479944104e-13 8.2776552043307e-14)
(0.10435944585595 2.1895266312749e-12 1.9777366418532e-13)
(0.077570972164542 1.5496476192148e-13 1.023093376457e-13)
(0.054146438249215 1.5161946871708e-13 1.0389135472672e-13)
(0.031459760018119 1.5013819343875e-13 1.0353273707692e-13)
(0.017515870063592 1.4737987311724e-13 1.0169864337278e-13)
(0.013226811806896 1.4214382783037e-13 9.8092097752286e-14)
(0.0068349107572038 1.3474722766345e-13 9.2987651211934e-14)
(0.0053801893199722 1.2470699373364e-13 8.6058985563098e-14)
(0.0038420368601444 1.1208944231444e-13 7.7351796064772e-14)
(0.002967027573417 9.7002916061428e-14 6.6940806003908e-14)
(0.0032046017627615 8.0105132975358e-14 5.5279908436594e-14)
(0.00096764696395546 6.3355200850822e-14 4.372103110522e-14)
(0.00086466704032756 4.864145997064e-14 3.3567227229476e-14)
(0.00014548720034112 3.674181933218e-14 2.5355276091282e-14)
(0.001462843139481 2.7719549553438e-14 1.9128883855844e-14)
(0.00071837814855124 2.0974854504968e-14 1.4474252926576e-14)
(0.0007548624995428 1.6219073943189e-14 1.1192248592233e-14)
(3.3413890505631e-05 1.2849204901272e-14 8.8667380192098e-15)
(2.0810983032283e-05 1.0812648368248e-14 7.4613661642095e-15)
(8.0071610273124e-06 9.8294416532996e-15 6.7828905224067e-15)
)
;

boundaryField
{
    left
    {
        type            zeroGradient;
    }
    right
    {
        type            zeroGradient;
    }
    sides
    {
        type            empty;
    }
}


// ************************************************************************* //
