/*--------------------------------*- C++ -*----------------------------------*\
  =========                 |
  \\      /  F ield         | OpenFOAM: The Open Source CFD Toolbox
   \\    /   O peration     | Website:  https://openfoam.org
    \\  /    A nd           | Version:  10
     \\/     M anipulation  |
\*---------------------------------------------------------------------------*/
FoamFile
{
    format      ascii;
    class       volScalarField;
    location    "0.11500006";
    object      rhoEs;
}
// * * * * * * * * * * * * * * * * * * * * * * * * * * * * * * * * * * * * * //

dimensions      [1 -1 -2 0 0 0 0];

internalField   nonuniform List<scalar> 
7600
(
16963.375618902133
23187.385422826948
0
21098.369810420751
0
19743.394882720084
0
0
19546.756140355254
0
20535.965908514958
0
0
22610.246774206411
0
0
25308.563145918422
0
0
27852.971199851694
0
0
29636.64859747254
0
0
29974.969344096229
0
29603.444315052559
0
28113.136578769823
49516.791710052799
21484.308421159833
0
20197.665302856825
0
20041.69849630813
0
0
20783.696087971977
0
0
0
22664.76225732204
0
0
0
0
25280.330790518063
0
0
0
27554.948709630291
0
0
0
29179.748191975435
0
0
29748.15632461882
21319.948389513927
73246.73169132683
54125.568578403036
20157.380314531816
0
0
0
21112.177062416864
0
0
0
0
22648.05690716091
0
0
0
0
0
25098.09119947939
0
0
15602.923132465448
8637.5836484703814
8257.1075960941707
15589.539531679271
7453.723496031771
7351.3190932411371
7197.8159821346189
14321.740742937911
7253.5394877229191
7344.9775658937278
7562.5497929168123
7747.5223439774036
8066.3665810145367
8321.7490969674327
0
8673.6629319484546
9079.5450889724762
9380.2849722455667
9765.1650388775142
10233.801298555481
10328.108343860449
10637.131361082793
10669.961336575243
10907.765663611139
10877.89569684412
11054.379753362713
10861.088997955334
20915.785025966634
10173.171295493517
29958.278987417936
27396.849512781606
16733.719135013271
23650.983025355163
14895.629187957407
7424.6530713758884
7444.2226512611378
7572.0186074946569
7732.9812454849534
0
7887.0786112078831
8075.4632758872667
0
8379.067193674593
8589.1688003708259
0
8911.5479254110269
0
9143.2042143411636
9509.1762935118622
0
9913.8447154118585
0
9999.9203910605902
10310.872511412676
0
20479.70924984166
0
10564.367956344591
21350.750461724696
31054.168317529075
87635.385270958417
36969.344833846582
7669.4739296994303
15230.27694063793
0
7755.1197585849513
7959.1573349922182
0
8027.7547436084305
0
8221.791233491027
0
8534.1150338240659
0
8802.0519732869616
0
9160.1812151860122
0
9377.9656882046129
0
14434.329656456244
11393.998955114519
10787.168349192048
10306.858236363443
5026.8861928415145
9819.8160714507267
9679.870595079381
9615.3710497850243
9673.0135734956402
4935.0452840030621
10062.961797557042
5201.1773093580705
10743.861145741143
5591.936269121461
5726.1379332825982
5901.7371670534003
12318.014187178387
6392.3777689333301
6555.0853982566641
13494.628612377161
6965.8658152635417
7026.4619303715363
14293.746606337345
7268.068689559037
14682.373243339534
14689.303071090842
14675.069203478164
14480.986845415224
20987.752885367117
20039.465760067804
24648.747148394945
33543.394181105126
15079.510543225737
16658.273107153804
9815.4996174120679
0
15212.23107298055
0
10543.625043314903
5291.0911865094458
5361.9606078781171
5480.8061529961933
5595.6977839274386
5755.4701434445988
5867.4762951707116
6014.3949596422317
0
6186.5668683593512
6306.0713362128608
6454.7440230389175
6548.9492293567082
6706.4691187235976
6818.0718619514828
6935.2553637548654
7050.0040886664856
7130.0053869188132
14395.98670663277
7148.7645837911887
14407.559972890576
43493.04559502162
48840.323399412388
44693.106025207715
17229.28955596147
10366.381985346845
5209.3507640329226
5188.3167795664276
5181.9869885441858
5268.1831998649477
5453.6652064843411
0
5562.9204502241691
5654.015847304333
5730.2010819820798
0
5892.3386065217028
12501.971634207892
0
6153.4001766395868
6333.1416492927756
0
12028.871865860519
13719.875764828686
8657.1844945558314
8358.2449480431424
12053.311498040755
7814.4922024744474
7726.4233968459912
11508.634499405436
7737.2158168568822
7885.0606811638181
8046.4495449467368
4134.6042843285159
8510.2228967932733
8830.1867387325037
4568.2413448237858
9449.5624944259598
14317.099995781558
0
10470.554056129302
10842.319214075453
5564.9078031913759
11308.485759647709
11471.919009774227
11728.592190031264
11756.812391568754
11777.866202117133
11810.862003967344
17438.635362486322
21758.781567288108
21724.913698837143
29532.499899034865
17479.10106825476
21731.690763203747
12016.770656457853
12352.064357958285
7875.6139648331819
7948.8562982892026
4017.2703279015091
8243.6602268436363
4197.5622023425349
4268.8633012459022
4337.694139028923
8907.4745736896766
4583.2252295356493
4688.8762449589367
4779.4168873820017
4865.3249887418915
4936.9033122958926
5051.6029024747404
5139.0745026854192
10534.882525278066
5406.4502499237815
5475.0567225006525
5553.5545011707291
5643.7360154056478
11425.89504904328
11558.443032478994
11644.141781972947
11598.729215659698
32771.508540893308
52963.050276106434
73007.993743930652
14701.885876697357
8053.1663236105842
4063.0231663279756
4085.3229643041559
8310.3645460392509
4254.6841847027736
4271.0119867866924
4354.8047504703272
0
4451.1835765788373
4516.7385006804825
0
4682.0652551137264
4782.1810148646919
0
4896.9001173776514
4999.2470380455707
5084.3595510561127
13132.886591459186
11839.400573044852
7552.8776298624798
10845.621393642585
10415.913175751055
10149.34013679304
6673.6477636908849
9971.2742902099944
6669.4056472252123
10188.531984837786
6987.4078187657242
7188.9086882807123
7390.5950343439872
7658.8776953567049
7986.3260060753501
8289.3346406512628
4260.7177389904136
8752.2994843000233
9042.3897863066395
9327.5892984263046
9600.9453617825275
9806.9949420073699
9970.2033863057422
10062.607533238293
15247.898579079791
10205.105934616964
15244.519384018966
15102.362807825186
19670.59739533062
23394.878648569374
34088.358692881018
27004.81873765733
17619.112749302672
6866.032552056743
9992.3931290829514
6835.9250535307119
6907.8019915446794
7005.9327056796792
3549.5740308366198
7232.6499691130748
3700.7340680194598
7570.4591644903203
3869.5652760190728
3935.5411932168549
8053.533976875131
4137.3523909778896
4205.9716496051833
4286.5371666104566
8786.7316415586265
4496.8181692453427
4559.3270519760772
9289.5296227115978
4753.8670619017194
4813.6727537053421
9708.7697126821713
9879.6910424758426
10006.659535963945
9974.1881222997927
10072.996414024565
36741.635270574981
73637.685526159126
52222.354588522248
6888.4986491120717
6899.7933594704691
7007.3696645567052
3564.9459321831368
3577.9080511747939
7284.6365168473703
3730.1616591287789
3738.4470757118443
3825.0216789730248
3856.7468336670968
3922.5980568063801
3988.7752604589505
4057.2628433547939
4132.4278421991057
4194.7278304577958
4265.6978294328865
4350.1948532327333
4422.0508170654866
12862.884306863329
10764.770159355257
10231.472819836075
9766.2775562310107
9427.7442420993648
9210.9616183378548
9067.9205216797982
8923.3016037106372
6048.8690903512033
9228.1287018682251
6290.7333977216713
9427.5746636594158
6715.6229256447214
6950.6056856876348
7374.5591541942795
7452.3690523263967
7713.5547525628144
7967.8726264834113
8206.2159881227708
8462.512996089994
8677.8269724930487
13325.331442425724
9043.322188400085
9147.0735513227082
13879.266161734175
13946.732932595116
13875.530321030281
13725.511303549332
22001.709060181649
28954.10493997487
26811.777433232379
23857.027066347197
15894.809560729427
9275.9282758374065
12019.540775164391
6177.990867921365
6229.0745163478532
6325.9191965961818
6476.6195705965674
3285.280278696157
6724.3418014630006
6876.8197439380338
3514.3577478697403
7165.7992152176175
7308.6326063703191
7499.9876726110497
3808.5981302826917
7807.8962472338899
3987.9723930985738
8153.3558715450963
4157.0465783971849
8463.359919462715
4306.3837571395925
8746.3420687735743
8908.6286283722347
9017.9731437961
9096.2792296696371
12995.053657519935
18025.054049362898
47206.895417531465
68550.567449574664
34713.689289407077
11030.662421041821
6362.6627321427186
6409.7430395629326
3265.9789921870838
6530.6685856076492
3297.4169497092503
3342.1849703202261
3381.8746368821685
6909.2365921727969
3524.7500541413488
3579.9406571044647
3636.9052711369659
3690.0612463177067
7497.9652528862516
3810.8312438791622
3877.0410373235054
3937.4263229495687
4008.1519656795044
12640.328874892293
10260.283578738867
9788.093556307851
12438.041360886975
8972.2861544183343
8754.3006319844317
8633.557369649121
8601.5149534742795
8652.4541138755067
8785.5798377172705
5990.1813053474452
9221.8493458071625
6343.5556538891615
6563.0707182460437
6789.3164214958542
10618.113949495322
7368.2945780563814
7601.7140179350818
7830.3340351236329
8014.1076776445589
8211.6566321220871
12619.636288558469
8590.8958595167824
13045.834836286589
13170.231340775388
13213.636168803314
13155.277201579085
17363.416314754377
16580.218515436041
24223.865489036118
25746.621575122525
26462.216639063565
18240.416296914598
8859.3028430230879
8757.8983595301997
5849.5085913339417
5919.4872452263007
9382.5581960416075
6118.1531601253118
3112.4169302966234
6332.343331896087
6488.0588743648577
3316.2380756818616
3355.2718404450861
10018.816810913211
3506.9775887075575
3613.5435701037291
7546.4861908958837
3770.2810204397119
7715.1455329264872
3930.2741514766021
7941.7807415838724
4057.4595594499851
8503.2340999015614
8423.1190434490181
8533.0990204655427
8630.0093370151335
8658.2410728236555
13112.066495730875
33044.542208973937
48956.78724902017
79085.319041229217
5927.66581825704
8924.3889053929779
6032.8766318760672
3069.7899522351681
6148.3001567466963
3107.9050062904462
3144.0093704991837
3216.1501109739452
6540.4874394751832
3334.3218096147266
3378.9191835247238
3434.558977858218
3486.6418605938798
0
3600.5387267215974
3629.8432815851511
3715.5136275453247
3776.7151665112392
12358.523768455932
9956.1630412156283
12583.243022802993
9006.3465693296821
8719.8198049213843
11325.611371728786
8358.8558344749599
8322.321014399753
8382.3950936167203
8514.5977997803329
5799.4001552975506
8940.9254163301612
6152.4228887874688
9564.4630459344789
6624.4418819994662
6836.5424900299713
7047.8475618256289
10984.269389175635
7565.7396965108765
7763.8592705136998
11931.677601953366
8157.0503203678354
12449.574385863501
8397.821341142886
12665.287789601703
12723.667277715005
12730.676754896713
16676.51019217783
20528.07245504767
23153.261055564126
28760.410413809186
25745.078812085965
17704.184047375657
14317.868637436432
8557.6637790401401
8681.1364445417821
5747.3638010708528
5823.5393124469574
5901.4206020886404
6013.3595558625029
6147.6420691094418
6307.3481473163456
3213.7705933837351
6555.0228276460421
3342.2683452073948
3387.5660805312705
3521.0714173578922
3591.6010830865316
7324.9682175463631
6993.229104016883
3818.6005784261802
3871.3945862780233
7865.3638001229683
8005.5122080893998
8110.2446575236181
11973.537725929029
8314.9349490842396
8385.9308180481585
16779.577300811328
25664.396785551733
72745.656386283314
58968.126465826768
8667.0243449789396
8672.3120970127584
7129.5795664820535
11696.387162978774
5952.8926836694845
6052.2569531462123
3071.8588675112323
6254.7801674137681
6324.4175180182838
3226.6350497010367
3267.3003177633182
6316.185739874586
3359.1974696509874
10015.871100622269
3494.1834543899445
0
3601.2185982381152
3631.9258340974775
11877.037078700145
12970.598222262932
9226.348794475196
8868.5209654634273
11400.036065195556
8322.2116216862996
8200.2564093788515
8152.6649933639446
10938.081285018068
5550.7599110499905
8501.3871926771444
8767.6803437395793
6028.9330017346974
9375.7219330546686
9538.7713998877243
3367.5354374298845
10409.687492710684
7110.1488418749723
7379.2522099536654
7578.4189591163795
11667.387070409113
7962.9719036906545
12123.142054075463
12298.015060621949
12420.625660421452
12381.850247426892
12362.734275921448
16331.610192860448
19988.169190655997
22917.84669060626
28131.585107552175
28462.9723963133
17503.852655765935
11323.531558898052
8426.5015038342463
8378.0053487443438
8477.7168831566505
5717.5500108093702
5809.6869143255835
5954.5280868775126
6069.0306487992066
3088.3329050051416
6306.6075498124692
6449.2370899523867
3282.075923507392
6696.9737424820587
3409.9677578792162
3461.1112442893168
7159.548044950252
3613.2154074834657
7345.0545756165666
7550.3803740292196
3789.1414375418581
7687.8751960724885
7857.0608909313778
11963.296603904075
8067.3429940217657
8109.8963253705351
26823.082845194502
18349.980849217151
64585.050468459434
66304.298679175932
12796.175148664996
5703.6940570229044
11462.156744684531
5813.7417148223813
3355.1693893447587
5928.9503828222087
2992.9956663671569
6138.0761449747824
3112.2406618567711
3139.4742283252453
6413.8124134335358
3251.3517887324865
3296.4587339779346
6463.5092559124832
3431.8655127725483
3478.7514524964813
3521.4664694652015
3565.2982119497779
12236.665797300513
9759.1723386127469
12356.324241047341
8852.9896893441473
11386.770028124534
8316.0951457160045
8194.6102938977474
10866.506902491117
8205.7770715412753
5544.9157554089488
8482.1362009884051
8748.0921611262966
6011.191799160988
9330.9436776512812
6462.2891461235613
6639.3585592406971
10354.088146551599
7139.8825492039323
7362.5142617859119
11297.305146335741
7728.7973919004116
11836.67779557364
15197.521689607085
12215.837818629499
12355.690909472367
12375.249974668193
12301.954720167971
16451.862338387087
19908.821728485986
19195.512800778582
25026.643420653072
33267.534021389132
26629.312538762173
8571.1196782713705
8356.5734177948143
11227.149666746524
5669.0950233539043
5035.4969843261397
5525.6668267381665
2940.2774852265425
6008.9061197017882
6152.1852508756092
6267.9645780693254
3195.2520872745208
3235.1199773969065
10027.324197176886
6712.3287985031775
6948.5036790985405
7121.1828639091727
3614.2361142605996
7341.2685065061487
3687.8180703404159
7632.7450418393382
7684.417167986504
7807.5385684948751
7945.6745774799447
12074.048630144471
10845.2028417358
16117.93577810557
9670.3316217654519
66687.046005453856
69119.89748066118
16766.832443590556
5660.1186498679208
5808.6877970199512
2911.8133330411138
2949.7565380837004
5910.8061075551013
2975.9544305736331
0
6177.3497472752197
3154.7819118269549
6517.5243029043404
6476.8540561156024
3303.3364174202466
3343.0600236299633
3380.8522215873759
3419.7714345198106
6979.3410085950645
3546.8998960839172
12978.678872314369
9797.912338744547
12399.974342402829
8887.6037674219515
8617.9291971022085
11202.338262557711
8261.600835931542
8216.3236530071845
8250.334679518397
8365.8205120669609
8565.9062611417903
5856.0714466921881
9054.9453895360766
6242.5718230666098
9716.1497494882296
6738.9259393123211
6923.408995089263
10794.943375448776
7444.0739243320895
7618.5851723299402
11678.601481487094
7972.3432570163022
12123.657448549448
8219.0604454220374
12453.573125372126
12499.707411625486
12450.217796105915
16471.392103887665
16187.687178272987
26329.29699243874
34758.419755254254
25631.831492662546
17407.790977996334
14289.860365683526
8472.5525208885811
8409.2947975026036
5683.3260847725605
5723.3326046137727
5828.8191959944179
11781.911415731289
3059.8297293466912
3086.0091872144667
6303.9601723096857
6457.4929210880109
3289.8432043997168
6710.1047266119631
6887.897145215994
3520.5236976356596
7182.6701250899414
3622.446878644068
3740.1467419543492
7557.5738834480426
7666.4981352724499
7836.6807742607562
7876.3862071035983
11978.89742798961
4041.756426974111
21292.175806726627
15445.153735551108
16869.288401332993
70229.124233190145
62593.707868977472
22249.069716435632
6309.296084591565
9941.679602343107
2901.6318727905718
5874.8297007758165
2985.7018682879698
6041.9146874095641
3058.7571257230293
9531.7244542554254
3174.7289520139971
3207.3957748377888
3248.8457932565766
6624.0652842607524
3374.876664296969
3420.0945487129657
3466.1371511887719
3493.0449282846903
7146.5064094147119
12919.504251908125
9985.412349019558
12629.181197941909
9048.2599689889084
8765.4941434447883
11379.129422430829
8045.595785052491
8357.5916155300965
8404.9675358713739
8537.9522156410912
5805.1175849511665
8934.7984332996857
9272.2186002806593
6404.9822471506759
6605.6902126798359
6808.4951756854161
10612.19497975915
7343.746917124874
7543.8285969635654
11681.191394185489
7988.8115409777638
8141.8692292449514
12363.58653040326
4175.2938516774157
8437.2852342334008
12812.974645902112
17041.436116055622
21478.154153123163
16493.638650598783
23720.225073631114
29221.781104721966
22850.31832298042
24054.573226763147
11550.686771773848
8538.0880622255754
8598.597751502306
5754.2956832477958
5847.525201318872
5906.3747271801503
6012.3566618283639
6147.6556193884171
6289.5279172279661
3203.5172368233184
6524.7650981103379
6707.3110677596078
3422.7879175721932
3696.1080717814662
7320.2372033956462
7296.0061369795931
3720.951534842096
7575.0551708584799
3850.190308107075
7836.0555986187755
11924.810748569202
8106.0941768006442
4047.1546435252094
8297.8103970419779
8397.5919118977472
4210.694827739997
19971.178195611359
57024.753103046081
66330.007522795539
30132.749532550413
5793.2001642027617
17135.560402311119
8377.9061916555147
5947.942156236867
3010.9690343251109
3048.8003131590926
3119.6068180013663
3138.6562943823114
3202.8131043133467
3247.8165619141828
6624.3229959684377
3380.2006430842257
3425.3905769354319
3474.3997934782833
3525.7443909372355
3583.3091061836699
3624.9580119567736
14057.710407016577
10182.328906827213
9726.5798876495337
9337.1931455968552
11993.623556921866
8758.9326186255657
8629.7153085930113
8580.6052908355778
8620.0924494122464
8743.4497408702246
8958.3628272379228
6131.8573892871927
6287.2281347408125
9774.1137684489877
6772.1623125293108
6981.820402426486
10851.179200838365
7529.515447652384
7751.9982129071077
7950.5901759267254
8112.410662772083
12463.094430410845
8434.3173828816762
12888.629571671732
13010.602715031961
13062.368339837314
13065.204255357414
17235.332457130829
16885.362785723941
24344.817772919818
22944.822166793452
34357.989845574739
12876.814983451655
8916.7429778277456
11736.357893440407
8811.9543120545841
8810.3122914938886
5974.2668902387513
6049.9982176474505
6157.7165880447246
6285.010710384684
6424.183074718906
6383.876270324251
3369.8206726874701
6864.0025146906446
6804.4959621413918
7158.7484270743298
0
7447.2782584861625
3797.0581011150662
7720.2298440009326
3947.2087478383128
8003.0099721608167
8152.7805191851785
8291.3855124515121
8385.0456528741761
8444.8155267988932
8512.8378766673522
18258.405568366041
12894.396756824663
58261.381849633843
67312.654930708319
20091.556745755395
10104.008389409177
10474.026074409414
6703.5958319644469
3072.5932069100486
6164.9948218871486
3146.2033639847978
6368.9188513954741
3229.2872484131112
3269.8984515355223
6661.4546504438631
3397.4444476735407
3444.4067059343088
3491.828014461867
3543.654655148343
3591.1076189581568
7136.1093975138838
7439.8367136340148
11908.956077100664
10585.319341593595
13359.017483002841
9554.6503611091393
9255.8764185033724
9030.2815757840508
8885.9781045656709
8825.8062780556684
8838.4146651492229
8967.2156685347927
6099.9892631029179
12036.764825314451
3210.307462003299
10069.4610222305
6981.9703896423407
7215.1632387355276
7460.9590916853713
7687.7730994772719
8313.0852189604029
12256.744943576776
8387.0451975178785
8567.5625681453166
13099.183735770845
8869.3987979303929
13792.595257770448
13504.559059249897
13420.281381646233
13393.913757200333
21100.899924413345
25244.98067429279
27340.774323378733
38201.916044676589
19133.121566086887
6149.0748624409434
22374.496550715081
6012.2003329508589
9073.374830531091
6103.5162064501483
6200.5272738266849
6325.3928709977999
6457.5786853813543
3279.0353647870884
6696.3823467366465
6744.4326876785408
3518.9987935334739
10305.299541639764
3675.9727247699561
3741.9775151932126
7644.9356502543515
0
7944.8357530120611
4050.6915692380012
8241.9781669121785
8416.4594203447741
8533.1139082138579
4321.3850722389861
8675.9875027075686
8795.0590931063653
11527.957552600139
21599.247690242442
42003.099351293713
69981.00526160773
46313.994335104915
10750.170107335029
9362.4537817649325
3074.4181269130459
6235.5092589032847
6320.8451842800632
6427.9868928850492
3260.0559261774879
3300.2608969804278
6888.2288180003761
6817.2219779174848
3480.0027941443741
0
3581.3421980134299
3798.1895263409642
3689.5466276431926
3742.1059902824823
7341.3857843127371
13339.072185743349
11358.675306091365
10322.771914005032
9888.6685477101564
9517.9864971807274
9268.0727423303524
9137.2887129398205
9092.6862424543651
9133.7931533880055
9271.3272159510816
6309.3077261152339
9733.1806726802752
6709.1089681434996
6898.5602520147904
7127.6640568142584
7371.1339224463527
7603.1758966684465
11861.796513865611
8216.2610922731528
8421.5129404072595
8607.6144266411411
8760.4904344132774
13431.142546956622
13367.535441979157
9210.8203827524503
9252.2151099864714
18420.413380531154
13583.636052926311
13427.757484022173
22110.113511486732
24207.96368808069
26469.683604657406
19905.637506962259
15798.828698091218
12816.984826871198
3104.1609063619139
12602.735453904856
3186.8847722304286
9430.3290823321568
3259.1576386106904
6679.8183634728102
3406.9218676213886
6944.9965960628242
3543.8089798519654
7236.054567881064
3689.2810659360089
7548.7097079601226
3814.8015391214822
7877.7815919086597
4018.6685377864828
0
8202.3799939599776
4262.8252987437245
8789.0279887779452
8742.4992909209304
8867.4479398438125
4491.8409883182676
9299.214169651932
4572.7231972209256
9335.0949067381207
49896.40768040534
79676.91714867804
38336.481731625398
6312.4114014642018
6329.9548543983747
3258.985452700404
9778.7480282128927
6429.3890112048102
6666.0277680897279
6815.8618083843976
0
6983.6646894842852
7099.7830161114262
3579.6220872248136
7281.6040196966069
7393.7437600273051
3728.811488580357
3786.5042175094827
7732.8068155291267
0
11928.20165673335
11360.21657322701
10802.569607469728
10325.426442266629
9928.8402949122465
9678.5556183258377
9534.1215449835745
9510.9730272601319
6364.2285555567896
9666.614421023758
6570.1454045504988
10125.70048855787
6987.4773343346806
7203.7190802311316
7429.9200907796303
7671.1206038136861
7922.8361120840627
8189.8178844773383
8472.828428256842
8742.574939844475
8928.1508612936868
13781.205218934196
9359.6632380284045
9403.8407056658598
14283.722762232679
14446.341241749262
18174.923808627569
14060.68717392225
18620.775289954159
18108.627302995228
29796.325416028751
34716.013566577676
24098.528252813965
6563.5727937008687
9771.4387580705952
9705.930803651805
6510.9815335927742
13249.168570581985
6673.9816976134762
6792.211161687108
6940.0569143831462
3530.5793833560733
7209.6099126202826
3679.6081273479326
7510.9362747369314
3837.5211928540634
7851.4514243657895
4022.6010776293811
4068.0237461825327
4154.2502611576292
8599.9396309105123
4332.0187638498455
4388.8265718095463
4504.5857131434341
9094.6600070083841
9110.6349429710172
4654.1973998798567
9355.0182085562756
14145.241073318848
9456.7543376042904
40899.955192613823
75858.15526122383
54279.985214311157
6471.4182137668868
13248.533479664007
3319.8409217989274
10154.471382638892
6809.9529094589197
3475.0047219367439
3547.1078186050936
7095.8524723028231
3658.1402808379917
3675.0352057419777
3714.9295514892319
3778.6629500931685
3830.4814743801862
3893.1080348759547
3959.997347101008
3997.3403001005991
4084.540600710779
13923.403129345868
11837.123176298848
7555.3882187558183
10891.211423831432
10468.31470165344
10181.317506180512
9996.9032405112775
6643.7627061191397
10107.848919430102
10156.239221883983
6926.0368866562185
6958.1190758412213
7287.4725428225465
7501.4939214264086
7762.1690272208689
8039.6783987810104
8321.9832517888608
8599.482193149237
8876.0119095236259
9164.2524897459025
9414.9107940451304
9609.3983613842647
9793.9251422916968
14927.087815128207
10030.472017652541
15100.145095218841
15118.47229684605
14987.012249072841
9804.6195471273422
19088.193778346405
31646.224452939736
32083.21142520371
22698.041067485192
13880.230184644228
10187.339946145237
10767.310781866554
14165.080589718178
6941.7027239456993
3491.3013343140969
7120.6907932631921
7236.4469644328028
3690.0633108225543
11369.865934359395
3854.7962633590778
7874.5101312349552
4025.8620546387851
4089.2351506504128
8385.6801329854625
4288.2403009705831
4364.1961503394887
8933.6506698828434
4569.8794380449208
4628.7859219415886
9380.0386550199692
9503.5316762712409
4833.6297823422155
9739.472383758075
14777.181102496705
19272.181332200191
17352.536570800377
18271.729350052585
68752.046076153973
66449.010524598547
15334.713511662923
10329.023901124272
3464.5807825494398
7011.6654763300294
7104.2499322561234
7487.314013835452
3647.5617790460497
3692.6009495408043
3738.617666044524
7642.7038121400947
3897.1717162220389
3953.2959770900939
8268.941746358274
4076.3642516038258
4140.5305189996816
4209.313874647677
4281.2263727160043
11582.013427944365
12511.818442185708
11865.912658464591
11353.818529448505
7345.3597249146196
10738.046964472189
10494.520167333932
6940.2469930369653
10445.108169514817
7083.7449508456984
7211.0867769930319
11123.571679675875
7699.1863851910603
3956.2411197411047
8128.9165967231029
8433.782744293716
8713.7902964881523
9015.1716657135894
9294.9744762890059
9579.1648128553134
9836.6716606209266
10057.869540609143
10265.822169269128
10425.3066948831
10481.206883600895
15908.253491135922
10608.409985978544
15753.042719909741
20623.188572264411
19908.84468695887
28214.68413812371
21578.094864870312
31081.451126613607
18563.26331691751
10708.898955836466
7109.3984903498213
10725.499488883963
3590.6635505206896
3660.104523263924
7435.2324735347029
7627.3231871369289
3874.277681592454
7907.8896668192801
4038.6765464687805
4091.3799276578907
8364.6237071136038
4284.5000927149922
4325.9021953740257
13234.794466296475
4584.3135409885972
4609.3444725557538
4671.9373590035984
9646.8500630370909
9772.6540246803597
9946.1791198828087
5050.4138490486821
10200.073185095567
10325.744977778886
10382.355916623141
10390.995659576769
23500.246020424162
69865.415726500665
74082.789177751605
8653.9902959712417
7302.5520143136819
7745.8894246637765
3679.0191662502107
7474.1197583316025
7531.4247702892126
3825.2396426235737
3877.237429628633
3921.0253547449333
8418.3258886535823
4029.2500143054722
4093.3634172700295
4159.7839902247233
4226.8671683502826
8414.5961201852442
0
4449.3082103746647
15428.062769476001
8768.5966459229148
12546.056308365056
8032.2285386846397
11616.388254094289
11288.959149061824
7447.7788005685679
11117.066815572338
7423.1729747873851
7484.9130210736039
7618.893911029636
7794.2402470195038
8012.071789519764
8277.116586208529
8567.9683560788471
8839.2846484259317
9248.544825910385
4758.0338826486532
9834.2039206104273
10143.880409459969
10406.740323036158
10628.361464554588
10827.849933195226
10975.829670758343
11111.735235227783
16688.687798342737
11167.028196917039
16632.757768638112
16442.935180484066
21308.536503034753
30781.512331235685
31996.947614572113
20816.384170735153
15481.67713411216
11360.13907539896
7547.9792569029905
11329.882929287256
7628.9350347872914
3868.5847540670115
7816.6061506572323
3972.3303749482088
8139.3248275488595
4168.9015831447132
9425.8398968501042
8696.6145876240444
4456.7072208490199
4517.3591608291863
4593.6753950094107
9414.7566643079626
4829.9512763713292
4923.4547626239382
5000.0248071719816
10154.580350489685
5149.8278421743598
5218.0499468196276
10652.666586279072
10791.454597282018
15829.069261399281
17751.549369162323
5480.9998355816824
14612.51708131645
68811.281427919239
91741.811077041013
14757.247633645573
7607.3309440661642
0
3870.9958788693102
0
7941.7591174078743
4021.1772765209776
4077.92625241016
4143.3714759432814
4185.6625408502096
4252.1899666272939
4317.7670778991251
4390.6848156458145
4449.1566459705828
4521.7806109086096
4618.1800987331726
4682.8701306275643
13407.943462275633
14012.693985131471
8923.2305671820923
12848.28217902124
4149.4619989816274
12800.154407905206
11865.391252690837
7841.6158086758187
11772.888335216119
7340.6795181270336
8154.9895496338395
8376.5712818536249
8647.3731880411815
4174.0106013703744
9114.0351411868578
9446.5484203417454
9846.4628557500637
5064.3179671640082
10401.19714693606
10721.563440384094
5486.2890483191522
11181.783819146138
11454.332296272454
11632.876438638208
11770.963693414444
11765.188001469394
17642.586230490277
11759.43550573191
23091.844861295376
16810.885556556805
21249.998302370797
34057.677955697116
21505.176743999487
12469.690738476751
8016.9573463096995
8004.6549972858638
12031.136359691835
4059.1883061403896
8146.32908678491
8297.7841654912718
0
4286.4263873316122
4348.843990783871
4491.1185161980347
4561.3384741625632
4635.5265638245055
9519.0689345313403
4878.0509630829738
4973.1418675597097
5059.1224745004019
5161.8348661605669
5220.056095069107
10681.180058866796
5448.3375403777927
5477.5961240316155
11165.400599384366
5662.3782168821699
11435.166465671013
11539.967370982789
15011.090883975256
24694.133709248315
39625.291067429629
66381.216996316507
24220.0215333583
12245.732411831565
12153.870568065844
7988.5658605451572
0
4173.9189843221138
4212.2841826638405
0
4347.30291484195
0
4476.7788045747593
0
0
4693.1709938167205
4788.008582472271
4855.1033045850027
4949.218838231307
37085.090022092627
0
0
0
42276.347315542611
0
0
0
0
0
0
122850.55428389707
0
77934.216560172135
0
54866.48074029907
100685.748829873
0
152940.3603540055
0
0
0
0
0
0
0
0
53502.416328179424
0
0
0
0
0
0
0
0
0
0
0
0
0
0
0
0
0
0
0
0
0
247813.67266525773
121780.38725579316
126515.37767251117
0
154782.82111247387
140575.60735150886
170713.62375968354
0
197513.27959040084
218930.34020029267
206190.50497309412
0
0
240528.02906844896
279168.61798800464
271034.67689081619
305308.10529452201
243394.97333911527
281835.176788343
0
330964.50403024501
332812.29161093209
0
0
0
443312.03066415258
0
0
1405260.6109915078
0
0
0
14316.600755468555
0
14722.38307086603
0
0
16095.676106290648
0
16813.614274456286
0
0
32142.432262368158
33243.304495353419
81491.748748100857
93637.586759965852
67596.081201957189
73201.314263450957
78897.762058944325
39666.096234217584
0
39125.275678839927
35413.865844132277
0
0
0
0
21590.091821335176
0
0
0
0
0
0
0
0
0
0
0
0
28807.685337227002
0
0
0
0
0
0
0
0
0
0
182800.97158117496
53404.518282472018
133150.85807634328
149466.4409254911
104064.24394501855
327310.26313519001
172770.54977546242
164406.37698441863
355773.73985395365
472070.9850987267
424575.16753137426
246810.93003526182
192550.29594357044
223861.23497973473
189739.27069265975
113448.44444741847
340030.25683886278
226886.33618205998
327620.65451937891
197661.55970184584
0
120713.69080933559
0
0
0
0
284043.3038931347
0
262046.50053647123
0
9303.4343636846279
0
0
0
0
0
10824.714299873258
11060.150826493293
8238.769897435539
11682.944815831361
37764.755948359554
18165.013996948033
63486.692646645293
32209.704421251587
23801.847798101109
20873.180737149443
74748.679137890824
62680.620524811682
0
10573.985987687649
0
0
0
0
0
18294.174061631529
0
0
14288.470834146787
0
0
0
15951.461672436713
16899.555447636954
0
17621.243538650833
20299.778077593532
0
0
0
0
26468.910546037212
21332.258902161604
0
0
30940.111036945142
0
56205.332375849568
56833.253754677098
30424.347918773019
123823.33138156599
121265.20647943595
72580.178654462215
115595.58433169112
216244.59614520497
360147.01829076261
217181.52159043658
280652.98254837259
270397.76087709999
152979.7911493798
611585.06759841694
202941.51231437211
265683.84056736703
68391.30457322365
320286.01132206497
537803.501559734
169569.11592034972
95261.534735863999
81344.299664966733
84613.558526677312
87702.017506427335
208471.49853591836
0
170461.17991244624
368990.9447271158
0
250338.03137039169
0
0
0
7376.1176315592056
0
7752.3301541573519
5723.9145866506551
14068.198504140812
8405.4301594877779
0
8890.3515126527091
9100.113375314173
9371.1065647166324
9632.8320945817559
31606.108166067523
47483.2822550329
22431.525333235728
18653.798528457985
17997.575184038862
9846.4132962048589
9701.037098634024
0
11065.927771739433
0
0
9774.1603947091171
0
10085.975342943113
0
10618.979415386093
10824.701824763653
0
11213.030308036517
12307.572433390087
0
0
0
0
0
0
0
15991.732865671705
0
16723.34625390092
13460.472651089156
0
0
19551.561752451762
17068.158230546633
71521.737262352428
80339.966630704512
80452.736980800255
67645.939568588088
48013.250591240845
74498.908861707634
81100.282955257877
53427.613413092673
169331.44272530402
29413.200037081857
198188.13155574515
182754.63541019344
195424.68137166349
108863.59828437305
181456.54193136725
262180.43925437971
145449.24076038366
108621.18105787341
87747.833582841136
125447.03477928608
138228.65850893411
0
234140.34364107694
0
0
398331.15162545582
255187.65948243218
346490.45869907778
0
0
428513.40437565593
139494.14484621768
0
0
6432.4101466431093
0
6744.3173189079107
0
7091.794414506192
7297.5430757792265
15284.847595944791
7744.6893289022419
15073.913237975597
8119.0795528665403
5331.1314413349319
5770.6266864762229
29250.021278519438
12757.514169010739
24923.128154841183
44694.529808035681
16152.970215005553
34061.723708765065
65412.811012509497
7730.0662219424466
0
7855.5010863896387
8003.636583445933
0
0
8761.2610992945756
0
9139.6506295583131
0
0
0
0
22730.092655147375
0
0
0
0
0
0
0
0
0
0
14074.256172678799
62923.661571656252
38085.351924619215
33124.103389694894
67651.064324976993
92905.567526624611
88747.765962991238
105496.61302106643
95657.002821923394
147213.47600511074
70258.429089825382
131596.20390776874
192934.82928134882
160187.85237783831
129716.30864691746
315732.26005407213
133617.89364808355
167482.02222520878
216680.26511379631
169985.63321684074
414442.30366198986
52975.457670389194
90358.998939325364
0
203275.04912725245
125139.39612338202
73835.111585214763
55626.953642708613
0
0
93043.557245015982
0
0
0
0
0
0
5833.0978793095892
6026.1791437022275
0
6299.983525982565
6482.2452684792388
6664.153317763522
6855.9118728340281
7037.8084432022579
17562.488742856611
0
17762.948909409795
19228.37446554214
60603.032170311024
19249.776902779478
27454.820847553106
28986.882858568359
62511.684872821112
40032.327522271553
66927.955279296133
0
6737.9270271952928
6972.4519792430228
7149.2239614628888
0
7746.5752136551737
7851.914726029343
0
0
0
0
0
0
0
0
10430.458313593574
0
11828.981050022492
0
12383.306902825656
14153.269785624785
13392.445179159509
13736.961739047736
15463.231875349158
32367.714369205965
16209.955867469143
90058.928824929957
119382.10709183462
130740.87203731683
100320.1623680781
122024.82365606865
49826.9171503213
36393.979226309304
41324.532592049254
64272.689431453604
88435.784769329373
157405.68741093096
112907.82459538634
142328.74389504374
188605.06520800089
28766.991271325089
250110.32105618855
138069.72628535028
0
162286.84031527376
219503.58572922781
195472.34350126851
184497.78461818723
0
54204.083627436994
0
0
80343.583237061684
0
91966.566955248403
0
0
0
0
0
0
5475.6204102262191
5657.8335252051374
5816.5715069464559
5997.554534013414
5870.7913050290836
6287.7351360108923
6447.4548996991016
4497.6201747989471
0
6940.8168142260156
10473.3410601859
65755.942976878621
35106.363023487604
20630.400273230942
40836.161880246415
19086.635566211
51173.263398065974
68369.720176711984
38628.444858657742
23608.188719407939
6319.053933348152
6533.5015216678239
0
0
0
0
0
8103.4300302585034
0
8363.7822979376724
8659.6581338704855
8785.3079733003269
0
9686.0405657343563
0
10404.656028519896
0
11165.67400145827
12468.444932324817
11888.656521444875
0
13644.326873222779
0
29688.37822055064
64473.899221169959
27754.738700036247
47706.141352395134
28212.444792317605
14297.772348521608
62974.226989376926
106767.12824599663
69100.059795303954
74617.11263259963
56418.05349524707
143939.52622156209
135589.2467889353
67043.129189268002
184565.05575333352
110735.93709561563
94905.547091088229
161522.83767178495
199644.15365799292
116917.51855517735
204425.99713081622
0
169783.87793844315
121920.97000126229
0
169578.22954950252
58715.188530159459
67509.229564565176
0
0
0
63194.978123287918
0
93398.650961328138
0
0
0
5329.5480707430597
5471.3284926590295
5608.6790495605819
0
5891.5411541633821
6045.7843110809044
0
10496.970018187183
0
11127.972749128956
13765.315310835193
27556.17571116575
38614.241024970026
18310.983659231537
49679.227465156153
39185.42223776762
36624.116247727252
34586.857888074017
54351.00899304654
24249.385395797002
0
8576.1602691522276
0
6620.3716705554489
6949.3145586647606
7086.6099479272798
0
7696.4601057233267
7752.153693948324
0
17920.466158337527
0
0
0
10393.468006613683
0
11357.237617579998
0
22631.181369770806
23282.929210535465
0
24887.061232595479
13390.347741770662
66865.395107254866
61593.022959126989
15078.466348881377
38774.76565922406
40961.198955473381
45305.899686323894
45558.77896629506
32372.976033974202
70550.8850609129
112973.1992500679
60938.395607144783
39117.551729568455
65548.207772463968
185506.49530594706
98191.171379248015
145330.16805911629
78438.611420340778
205611.8111076357
117822.83309711507
191410.57864361841
112585.51616777106
161216.24251245277
164901.2419808931
132678.99955684668
199411.77009529588
117929.87558192795
104206.61668085068
152753.88846802068
63254.411069051348
0
94310.747723184351
87460.912587432933
0
0
0
0
0
5169.2869147111305
5340.374627220388
5513.4777203115955
5608.8890663308075
5709.3834859014441
0
6099.6352456290915
12792.00286224917
6412.5130770231299
21456.295344507598
9471.1626348676091
28535.555038761631
42121.330715590659
40185.480513969589
43749.924462374722
38264.589886078298
12724.266754383068
22390.926972578462
29080.069417452149
7906.7584240778579
14826.190653727839
0
6439.0673001901241
6507.2508704554057
6829.4993327492648
0
7198.4377506599103
7280.5321984042212
0
0
0
0
8594.4511528446528
10012.559947865097
19410.204724905958
9647.1572853993166
10973.258811693053
10101.872254355245
11776.094583013055
22599.072765403289
8726.6733164141151
12924.477361929496
13110.436747552436
13487.866049157217
0
26147.375844634546
0
12308.058078886008
13638.728703427041
61924.595907791256
77476.168491742894
103608.24171384597
82255.944587027378
111278.31316765067
148477.37560461368
67101.762719081395
71609.567897130211
142041.65900034801
47956.260362845496
110550.11298650032
30799.292042798192
163871.9437012054
62552.518272237634
104993.28656289951
191689.37602895661
125191.41932965624
133435.86726471983
41232.433489651885
196108.5477223967
154168.42928292992
138447.01040217793
64931.834796766285
65189.980008637678
55643.365674579596
116262.65091538342
112210.55047171551
0
0
0
127551.2380815068
5128.6292916723451
0
5401.2881052577586
0
11362.707573502907
5873.8861436635525
0
12328.311366453892
6288.6859579924303
6403.8704868623854
24882.976246106828
4928.9026753106245
50146.300668257922
23380.461031215076
25225.857628036254
6096.3607969877312
33080.382177481391
48856.782866231777
103087.94210264311
19494.550347795299
7512.6510580337044
6234.7822091640473
6351.2218732886586
6565.3974509565787
0
10807.542279387313
0
7988.1096033461981
7529.9521535833537
8644.0171379040385
0
26548.592253005681
9273.1921421187708
8795.970912344992
9913.7143373483013
10210.776575641888
10836.444423325634
0
11262.896434068474
0
0
11505.910585940219
0
0
38357.920422015253
37251.066172057646
39894.170973378765
24989.570713361602
41822.287713857491
27841.888390013872
63239.710699457464
12454.642407321815
45805.319324674791
24389.032592759591
20652.084701399675
102361.06198981158
62940.821196945159
130349.79841461471
26366.109719833643
102587.98423770178
128319.05854446457
84206.387298339454
210909.32441490871
66259.150860787326
0
71094.008509356048
47806.989424014428
122102.23809111043
0
0
121371.29297409594
112265.98141945101
0
0
0
0
0
84568.250280301276
0
0
5201.2337885907818
0
5475.7633495349373
5631.4772035142641
0
0
12104.678345142554
19529.162707690284
10711.539946212888
6532.8534656198171
18037.698620500149
23486.21150444249
10620.95713329464
5546.773169792109
45409.742909085457
57966.786616046258
27023.615764824815
55067.488808997688
73647.621621949176
30067.475827482234
6096.9068103462478
6443.5230494864873
6332.5275090428731
7043.2500299804924
7255.9093733738455
7141.5179681849768
14807.036130582317
7533.9135857500469
8176.4093698899333
16379.229510244098
8394.6032394428676
0
0
28240.68000230804
0
10596.253069497847
0
0
22156.425627044897
0
8805.8142228265297
35356.673785865569
0
0
0
0
14083.400438366492
0
41781.514501257079
49082.38220743597
73302.904701886713
43134.226778724013
124289.47974558269
69978.520800257742
52986.383118067664
59302.796484750776
27984.840621317799
48143.038718178861
53058.474342387992
28841.379097161018
145886.55542727627
31039.236162432506
0
176745.46071825735
0
45772.774370651845
143774.65051847408
92906.066157331617
96893.945951421105
67645.195821279354
168225.268454898
0
81142.871928101042
0
97355.192410721182
0
0
0
89170.523891731893
0
5266.2603580611849
5412.5552674140808
5604.0644159256044
0
5844.2216338824737
5999.5125744222678
6175.4202844316242
0
6479.1272234423786
17951.501355888489
16208.255089672699
14371.461760826802
7133.3792538607786
29270.341440024997
22904.229603563508
61003.451321565844
66523.858409461303
30298.661726110018
31399.309664975321
30622.548372386223
6160.6614738189992
6347.3368130734207
6851.6996734444601
21082.148364843415
0
15203.456279597653
7550.983325924708
0
0
17478.593618762083
17558.328701355462
0
18005.999768600523
0
9958.4099265552304
29551.521071753672
0
21917.89416403689
0
0
0
11835.292588219983
13309.125333131649
35582.245477643482
13647.910369584039
28434.169290339312
15576.361539443375
93258.966635752426
39675.085280204388
46831.83896240098
43521.759988539314
37947.320692540867
14546.720781911348
73584.071264882077
74324.215963081719
111675.36102371382
106133.93517032379
53175.383717058008
77023.910613137909
32616.525380286246
84803.972665596841
32297.331397686958
126504.6032763703
0
34408.599669816409
150636.10113902087
228935.32075581219
96895.371192197665
302666.30631157814
254708.31234532062
64474.434334108286
0
0
187435.77231484721
107732.34010087255
0
0
0
0
0
0
5539.05916105082
0
5886.7581283580121
6024.527339029798
6185.4378658957085
6310.1976601180149
6510.3247102588221
6675.550865120058
0
6890.4214682212296
17373.77413926314
34038.949625958834
42158.96337145484
32923.126807049295
59474.566436601555
15149.742826843256
21862.487806137196
47381.783271106353
15939.317226280673
44099.046768545348
15558.74742415625
16723.315687036018
0
30121.293650950836
0
8350.9924026173758
24225.186819332062
8546.3734099055491
16760.391511321952
0
18092.534499066041
9836.7991655375499
0
9862.3909728345534
0
21203.328181697161
11474.38595501362
22851.207823162025
0
24887.791524934491
0
14373.068467937968
0
17701.578298159715
16931.238508535265
0
33806.146000057895
24903.344386074503
24688.638255477097
71623.414879876771
29475.273994815267
13339.085659373121
48718.086843306643
58920.304614820481
85139.387765639316
73667.363168146912
95907.925091216821
45032.734198316983
76464.416300301848
57173.225796461651
33319.564627409018
66538.761012072311
116101.15580808102
0
171851.24825140656
0
166551.90652698648
196999.93352945262
97390.743532188688
129265.37118362555
110054.86510541405
242827.45450151342
57707.130165911651
0
76804.449180580836
0
0
0
0
0
5685.5478245693348
0
6031.9333049937068
6110.592247998864
0
17465.197354353939
0
15258.506765076445
7040.109333394551
25826.074177790579
30091.490456702159
19904.440166125794
47489.133934514997
36837.649431164726
34482.505628505132
44656.247981992987
99346.956748450815
81652.106122889076
23445.016928110108
12452.296907326308
20691.712673660859
0
7317.6055238589706
7552.7712427428878
7778.1439184100718
15924.0730122932
0
8494.5943180515242
17876.116169431727
0
0
0
20207.778975890931
20610.560421791542
0
0
11336.221254756476
13678.667974955453
0
12804.066477393926
12551.986298284581
0
29437.301278194733
0
11259.855183751488
50563.42916759925
0
34804.202570935428
0
17765.087702801
106231.39613738225
40326.166920294112
0
93237.377807617071
39686.146151131841
47082.411051977935
19509.393446806491
73267.592263554499
27046.89172968542
82679.737678480349
137721.44261399729
112514.32339111897
134885.93065117334
0
212282.36584456914
77250.66927720714
82405.985606229922
107393.65963025509
299910.98440879519
192886.81112124241
0
0
0
0
0
304553.16733186098
0
0
0
5685.6063267616801
5839.5109142518186
6017.1908366847501
6196.9980104693977
6284.9980171128436
6445.5840372569328
6685.3145603233861
0
0
14472.465447832146
7397.7061090450425
7557.0594867363416
40040.08653923664
41097.408401333487
56455.496442817413
75600.058217668862
97832.367835507292
130413.0483625434
75445.464339872779
50523.314403316974
10386.609060575662
23233.455611440102
7346.5945194291235
25599.979598060818
36429.816176085493
7934.7147038060202
0
8820.4990167018823
8884.4745317255347
0
0
19795.723063886941
9817.9591396656706
11194.310485732502
10490.997984819649
0
11352.894915133931
0
0
11671.675846524829
0
29015.628668756784
0
14597.199480153331
15083.841018921001
15369.217636172883
17034.219698758461
11816.650827714046
0
0
18892.755156389096
35426.654678407518
60487.748027215624
142364.46952132054
100529.41859181089
87488.555591966608
39428.334989612318
42929.91725761519
92980.620348632743
33644.92239442061
30236.9521108667
36928.279906512078
58889.158520144236
182568.06057942577
206850.17370616636
207831.58741607584
94665.597315933672
89430.67803273935
126495.83175855079
78457.312471490994
196365.57056412144
57348.931927959158
0
0
0
0
0
0
0
0
5895.3685771471437
6106.92082425231
6106.0847087323482
0
0
0
14187.317129356201
0
7311.0461689813255
7514.471501847157
12783.901267721016
29381.724180715115
70094.868411602452
92234.689141489012
47431.612258948429
112949.23536344779
69190.465814953757
26820.503165899161
50150.681151448473
79284.054837111878
17425.605712878452
7106.5914744798738
7539.3948283184718
11649.577750979171
16288.430152910512
8179.7245896336508
16668.811783928304
0
0
9388.4383769388896
10272.17455553551
0
0
0
11071.079992299408
11347.140910726421
0
0
12790.616678553157
0
0
0
30565.421395162804
0
17587.30761261336
0
11577.593930974732
0
48774.285328323131
51341.415117721117
15883.350831085347
33635.760138883619
0
0
22555.069860371364
45418.694842886471
50211.582563719239
181682.31393171719
55061.408205057116
38957.421199923934
59729.970210013562
100484.45115568403
34758.129963750012
81516.943076190408
0
227779.12645281758
171819.66350516712
202206.76785105577
204278.5684866817
157005.66493647007
234448.62059374989
97873.581186177456
250690.67019546565
0
0
0
236613.30018303645
0
0
0
6188.7562237533557
0
6519.0313916295027
0
6823.0494473698127
7057.7422573636568
0
7395.5883148773028
7497.7750976544921
0
26544.89565571248
8273.514918451363
62405.344622398043
98684.82588973672
102060.38327727678
83037.254962303225
131438.30315116275
73446.565333141014
139484.6987328137
71293.718608138923
33179.677269719978
7552.0012872812076
7647.9071853289361
0
16498.367331337751
8291.1632937717168
17888.173193711817
18823.738648127503
0
0
19771.992978365372
10564.394777408133
10475.211712074584
11533.354007909966
0
0
0
13413.088473964752
14577.740031965381
0
13952.809200253609
0
0
0
0
17682.885676550879
0
41343.994768438941
0
16085.809288992108
0
22510.691209506047
40144.965736090664
38687.218076285426
20466.297798790838
72480.802894748107
52532.922859994927
56361.204379936382
84770.988454048609
122835.34447036867
121310.14125872479
81677.278658908734
147166.86014690006
0
86869.790918592233
41633.39620703426
39023.428640600971
167086.62575202674
48663.309697323035
125765.684698086
0
133133.45517763391
66933.615439674904
0
137651.38391522691
0
0
0
0
0
6491.8339595538773
0
13588.894718914013
0
0
7360.9762674697122
0
15589.323368151821
16057.666522233476
16309.308025610231
14223.616970488736
35674.222005627722
49368.811852745806
115225.65109856932
53125.187829375827
60024.233282936555
109644.51735417492
75455.305792657426
102304.37782811887
20228.801589441566
10137.711177660696
37296.099307701101
27449.215336837718
8154.4088260146345
8668.3248455295106
7979.657785252165
9004.7891161831794
9103.1252377660821
9494.0775861080729
10196.812576170769
0
0
0
22610.826053515124
34406.55302912194
12151.494959704733
0
0
40201.609887549203
0
30096.427030194234
0
0
0
0
0
0
0
0
69632.576508787402
23191.717573985494
0
41604.881219405615
103893.8395040827
141992.25688464975
151057.66512587579
32122.756302569145
131382.80456385438
83236.608814124542
90340.714053462274
33742.245876678629
35572.859647054524
77498.354262936758
74212.405139029666
40769.916061073644
304898.66087238566
43551.231747542006
0
360702.75358850672
93900.175035686509
136706.24701829112
154210.20337897172
0
0
73194.629620892811
0
0
0
0
106013.48081621097
0
6941.5523359401996
0
7361.6520114527766
22328.233108357315
7809.0089561744671
7923.1728507841062
16510.814094112626
8554.2358828991819
0
32689.957085905422
24324.631478943538
9052.3890839891974
36321.377037851358
69783.80465879757
85535.142080790392
102077.13150278943
87043.982934592001
76157.703380128849
108732.721814171
37785.063731874303
11983.875823032093
19568.685762969282
8782.2620908682711
8826.8134505431117
9115.6146596537783
9284.1504662542884
9593.7445892166597
0
0
0
22842.36501574477
0
0
13215.937503910849
12720.217418810904
12353.584955800623
0
16076.716495436704
0
0
0
16551.50753627684
36527.657534910963
0
0
21869.610147724117
20415.57541187025
20005.315684063084
22131.822004229114
0
25332.986994775642
49396.384052498201
20833.66285212912
0
56775.484551757552
25892.447085518066
27752.502611619897
177082.4055390147
108760.75735023066
33067.355216110409
74092.730083503629
0
80615.016333483451
84499.858898028295
30866.50492125751
0
38869.387468389614
64897.893791696064
0
171174.05774008395
0
152302.6564782373
0
0
0
0
0
0
0
0
14794.031218906257
15641.577957690342
7668.1755536716573
7891.3571424064603
8143.5855870786218
16743.122801861857
0
17530.478235702554
17953.641174408029
15273.641669089389
18355.006854674863
30181.478263718687
69062.75679189754
84606.800004865494
56716.953586553456
40623.959200159232
95860.960053546572
100297.51300211552
95692.656927026226
22265.708240129432
54934.131287393138
40999.563970196665
17264.132647882379
34634.111661695133
9578.9027383321918
0
18967.488373311517
10390.465138549744
10749.017739185785
11352.488521162941
11695.820912663907
0
12381.44122986551
0
0
12174.764744593023
14507.123847894109
0
15897.430975721039
15680.22498233568
0
17612.129937670765
0
0
20276.917687309662
0
0
0
0
49445.388918323304
0
0
29003.013160243838
46866.748762956049
0
86166.44933252201
88064.452084380377
0
0
64641.848964899065
67956.399587512467
0
39383.613051368935
38859.985118348515
98629.242772076657
197637.3658519274
49776.791393182175
298855.65331525338
63165.00359994176
0
80239.369228700394
0
0
0
87837.242499731772
0
0
0
0
0
1493538.9802757239
0
0
0
0
0
0
0
0
0
0
0
0
0
0
0
0
0
5666114.2019432643
0
0
0
0
0
0
590784.35052401561
0
918520.04229766887
0
0
541013.58223735238
0
0
0
0
0
0
0
0
402032.86012492201
312442.98824432481
0
0
876795.62106461707
0
0
0
0
0
0
0
391018.36378457153
0
658403.04134274623
1050340.0816772832
0
688213.06950935745
0
0
0
0
322347.72300581378
0
0
0
464703.38882777205
0
0
0
0
0
0
0
0
0
0
0
0
0
0
0
0
0
0
0
0
0
0
0
0
0
0
0
0
0
0
0
386426.80460194877
0
0
0
518047.39845891792
0
0
0
0
0
368719.32697300432
0
0
0
0
0
0
0
252313.41295841336
0
0
0
0
0
0
254694.14329127994
0
327708.55478827533
0
0
243298.29325177678
0
0
0
0
0
618752.28639185673
0
0
0
317812.6399862268
0
0
0
0
0
0
346615.22913833853
0
0
489822.03927890013
0
0
0
0
389844.57543572772
0
0
0
0
0
0
0
0
0
0
0
0
0
244464.54980987014
0
0
329038.21408143075
0
0
0
216697.11295033564
0
0
0
0
359780.22071021434
0
0
261642.1152468909
0
0
0
0
0
0
0
0
0
0
0
0
0
0
0
0
0
0
364659.10137817031
353094.90163173858
161311.01963857329
352124.18423115223
295165.65836637397
0
0
0
0
0
0
0
0
425445.05068505695
0
0
0
0
0
0
0
0
0
0
0
0
0
0
0
0
0
0
0
0
0
0
0
0
0
174876.02905945716
163332.95611738283
0
0
0
0
0
0
0
0
0
0
0
0
0
0
0
0
0
0
0
0
223165.24078090061
0
0
187602.69662602677
0
0
0
0
274548.17635633575
0
0
0
0
0
0
0
0
0
0
0
0
0
0
0
0
0
0
0
0
0
0
0
0
0
0
0
0
0
0
0
0
0
0
0
0
0
0
0
0
0
0
0
0
0
0
0
0
0
0
0
0
0
0
0
0
0
0
0
0
0
0
0
0
0
0
0
0
0
0
0
0
0
0
0
0
0
0
0
0
0
0
0
0
0
0
0
0
0
0
0
0
0
0
0
0
0
0
0
0
0
0
0
0
0
0
0
0
0
214696.41564604486
0
0
0
0
0
0
0
0
0
0
0
0
0
0
0
0
0
0
0
0
991313.73918278061
0
995250.16365363274
0
1033903.6515679958
0
0
1588463.8574194964
0
0
3710370.3265172234
7388184.0515270447
0
4665708.5459400481
1552606.3894341569
0
1456653.1176949092
3027639.3485288736
0
0
0
2129511.2396035329
2079348.5395294402
1960643.8923091332
0
0
0
0
0
0
0
0
0
0
4533900.362555543
0
0
0
0
0
1961992.5599598195
0
0
0
0
0
0
0
0
0
0
0
0
0
0
0
0
0
0
0
0
0
0
0
0
0
0
0
0
0
2136811.798644417
0
0
0
0
0
0
0
0
0
0
0
0
0
0
0
0
0
0
6749257.0067054331
0
2414465.223149783
0
0
0
4079125.3118074746
0
0
0
0
0
0
0
3253017.1974380864
0
0
0
0
0
0
3303172.6245216606
0
0
1284176.0844931507
0
0
0
3054354.9349713814
0
0
0
0
0
0
0
0
0
0
0
3844512.9217386288
3373787.4157213741
0
0
0
0
0
0
0
0
0
3575266.2066567973
0
0
0
0
0
0
0
0
1205547.0570527676
0
0
0
0
0
0
0
1630628.9422359464
0
0
0
0
0
0
0
0
3701970.965727923
0
0
0
0
0
0
0
0
0
0
1163346.9292776929
0
1144495.3559621777
0
0
0
0
0
0
0
1299461.8369557636
0
0
1790697.161387949
0
0
0
1185035.9146462013
2513521.9409499206
1226707.5569532092
0
0
0
0
454947.04328786005
0
847846.52100045071
477563.25118491863
814253.45190605335
486813.86275285238
0
298189.04537038546
311206.45414615225
1402453.0062813524
0
0
0
0
0
0
0
0
0
0
0
0
0
0
0
847995.57194074267
647601.69238661695
0
0
0
0
0
0
1506230.09627889
0
0
0
0
0
0
0
789740.9132835418
1756760.18646101
0
0
0
931044.640400704
1985171.0016635684
0
853517.1723501971
0
0
0
0
0
0
0
2278870.9794392446
0
712073.25612448063
0
932779.28178536566
0
1805560.7368587779
0
0
0
0
1226342.6222316863
0
843839.7319725306
992922.67514740292
735602.60360406153
2237142.9481479367
1604197.4804075356
897210.95030069118
1086740.5289619307
0
0
0
0
0
2995985.9891959056
650078.50105768361
1765808.7398628572
1068725.2107500059
484858.63975380012
0
1139854.5293857593
0
0
0
0
941837.98875678191
0
0
0
0
0
0
0
0
1072313.8798322405
747331.7656834888
0
0
0
0
501178.83126501582
516811.25558394729
1471523.3754260936
0
1147250.1268531217
1115599.2422410324
0
0
0
0
0
0
0
488180.67457502149
1427628.3464297284
0
0
0
696035.70010000479
2008827.8403854885
0
1064487.3705254428
0
600520.21056372253
1329254.707186226
1382611.2032609805
642353.03640438674
0
1394018.4349636398
0
0
432204.88287685049
0
0
0
0
432888.12793007621
0
428923.3904502081
0
0
1038397.5127564252
0
0
579846.70905431337
0
501888.68853516172
0
0
0
0
744624.49408409907
0
992146.98738346109
0
0
0
0
0
0
396133.14529382065
0
0
1197253.6674943815
522209.96748018934
390447.69049721467
510791.02704814344
605501.26048618392
510549.428298524
0
432617.38831947994
0
882007.42833067942
424016.76251116715
0
582674.52770477417
555713.84646527609
1180753.1538758988
0
510524.77640956989
546067.8586342755
403080.63433556102
1102363.259582086
986036.61259710498
953602.81827211974
637970.56581490638
458469.84090457018
895372.36332534044
0
436590.8598221381
0
530484.11701746681
367897.54886325065
0
0
266905.74992488296
178587.94471567968
0
0
0
826686.01452620153
0
792636.60555485578
269392.55367686745
0
592206.36701536074
0
0
0
807656.47948318499
783907.03931106394
0
885058.83874948137
0
0
0
0
518211.51510900701
0
0
1188994.3146112638
583862.34492030693
279141.97751271201
0
0
0
467303.48687520152
0
0
0
565125.60599046026
1345784.2227031998
0
1242410.7765458212
0
0
653201.22177438345
0
0
479698.70732445718
694256.88426129252
503359.81696210703
1985147.1650652559
0
413764.90940714802
1387883.6567693022
1974237.2757733657
572335.60576319776
539635.89999151509
0
0
521915.38744183828
331708.40931658301
0
1671295.960940609
0
0
498140.41111194133
825279.85876894242
0
489823.84900646686
540533.4155669699
0
0
546225.29282552574
0
1237089.3874153488
545377.92741060595
574353.91503388504
0
1252789.7257091904
266755.99491744488
0
0
605873.1619081354
0
0
0
465755.93318533769
409112.99267644703
0
0
0
411498.0649772638
585244.19046949642
0
0
0
341037.64972323662
0
0
0
0
0
0
609410.80997864041
0
0
0
0
278323.03641560522
0
0
0
0
0
0
0
655812.11986867315
381937.83486383781
0
0
0
0
0
0
0
0
0
366183.05128029169
0
0
0
284797.89899316337
0
0
393299.51127761719
0
0
0
628139.16076648724
369326.49685101031
582913.4808062315
1290508.9862651327
0
0
297025.21857415943
0
0
0
381427.33900691994
0
352784.73049825669
0
554287.43157934502
0
0
366714.42949664005
1079417.3519652407
0
334990.26281783578
0
356449.28262144479
642376.10167816444
306752.6408725506
387659.39271492278
263940.0036943712
0
264776.74558269855
357289.05920301686
742421.24261622026
0
583961.12648895115
1015244.9511663499
0
207261.34984299616
957219.21722444589
917098.18847772677
330439.81699849747
0
0
0
622150.20157824724
325133.88540407701
263446.4373840607
237775.49712324454
0
444027.38208638172
264187.08176046755
755002.30213459453
541467.70221287815
0
0
0
418564.77933317248
0
0
668583.04464165354
860502.14819914987
0
0
233498.77654697307
297200.80670609075
399261.96699943917
0
0
343770.66760833532
0
0
0
0
165324.30209109816
0
0
0
0
250900.42413695081
0
0
0
0
0
0
0
0
0
0
631200.49861643452
1085888.0716783854
0
398433.3130319317
0
0
342972.22721514077
198277.47536037181
0
0
871116.13993962307
1256610.9099019254
838919.06091940543
380238.99645602499
427460.99409213016
0
0
0
979078.96545286383
1041831.5441467864
0
707313.86300207477
922759.51980718342
469433.20162225614
0
342521.0662152358
0
417450.38614527992
863980.74740561121
0
438893.81706288003
615529.52437522192
582391.06423325837
354269.06167453347
0
773694.52649698022
0
0
0
0
441137.72501453687
0
0
565976.39147010737
0
503842.42204340268
0
868221.53256538452
433412.84967586881
433232.96375637635
0
0
0
0
220691.45978491686
0
219101.37245498496
0
0
0
455895.93216796318
0
0
0
0
0
0
0
0
250932.69211689453
0
475711.24953426258
503024.83344139607
0
619717.42689446779
0
0
0
279152.90672067052
0
0
312425.35348730395
0
0
594716.76017171564
0
0
0
0
0
438062.70881200593
266087.90190177463
0
0
0
346636.37841176498
259069.74687379407
254671.09171252151
332330.56985000015
0
0
292908.43852460105
0
0
439025.28425670252
0
180296.04369403629
482326.13773564482
491019.66923546896
0
0
0
0
0
0
0
0
0
266816.54330210865
0
0
0
0
498580.81524238299
0
0
0
0
0
0
0
0
0
231754.25722766365
0
0
0
0
310718.24125841685
0
335454.11049745331
0
0
0
0
0
0
231030.64023398529
217820.52513406082
451938.18791032478
0
0
0
0
0
0
0
0
0
0
208501.00721970628
0
0
136068.98149724049
0
288833.56079952011
0
0
218682.80933313968
134707.91888519775
0
0
0
212442.07052601769
218063.51589490855
0
0
168617.74640701432
260932.07688328173
149364.40030395021
0
0
0
0
0
0
0
0
0
0
0
0
339981.34706838545
0
224214.88073912298
0
0
0
1285844.923103807
744989.7928496229
0
336871.09062577639
0
0
664131.85577666981
0
396583.41932281386
404581.57686817471
354432.74305386015
0
405684.8652244262
0
282781.97440262459
0
308144.66985868651
795100.71029843239
386537.24189769756
508994.83330717374
0
0
322097.98521789449
0
0
361550.27552106499
0
0
635081.03947727766
318012.48491913814
726637.0167386994
0
618617.20482156996
0
0
284829.04172895983
0
0
233210.93644732563
638765.133006591
0
0
0
0
0
368702.91905675165
0
195982.66512041661
0
0
0
291713.7828172986
0
419717.24949753255
0
0
0
0
239743.0784243987
190430.89642239644
291787.644919888
0
0
0
0
0
0
0
0
0
0
0
0
0
0
0
0
0
172007.10900304341
0
0
0
0
0
0
224505.00538014722
0
0
267236.32670340408
0
0
0
0
0
0
194102.45516441116
0
0
0
0
0
0
0
0
0
183971.52489574449
0
0
0
0
194871.77782820471
0
0
0
0
0
0
0
193641.73710275834
0
0
0
217076.3066552555
0
0
0
0
0
0
0
0
0
188169.82145076382
0
0
179253.18662035483
0
0
0
0
0
172036.7629283175
0
0
0
0
194090.71585863535
0
0
0
0
0
0
122061.10399948248
0
0
0
0
0
0
0
0
0
0
0
0
0
0
0
0
0
0
0
0
0
130997.9372187484
156819.53670999344
0
0
0
0
0
0
0
0
0
0
366409.63539177214
163029.82524471145
0
304990.66396366328
282058.43731139041
249199.53808107678
233045.80088646614
0
256199.12121210471
301834.22489969211
0
0
0
260249.20430824222
0
0
0
0
262719.70612262492
315972.066741399
0
0
334693.08425553335
633341.72246001521
270977.46616406098
0
345571.09019826615
0
0
270859.91266249813
217002.89410225436
0
509551.75013075379
0
826936.22582883015
567303.1165305695
0
0
333379.76530548744
234386.86461536636
344455.96390379308
694995.69347028795
0
0
184798.1505141134
0
0
0
259273.22860389817
0
320700.11197920394
0
0
0
0
0
0
0
0
0
0
0
0
0
0
0
0
0
0
0
0
0
0
0
0
0
0
0
0
170811.59249902811
0
0
0
0
0
0
0
0
0
0
0
0
0
0
0
0
0
151976.18427095443
0
0
0
0
0
0
0
0
0
0
0
0
0
0
190559.54209279048
0
0
0
0
0
0
0
0
0
214944.45065657501
0
0
0
0
0
0
0
0
0
0
0
0
0
0
0
0
0
0
0
0
0
0
0
0
0
0
0
0
0
0
0
0
0
0
0
0
0
0
0
0
0
0
0
0
0
0
0
0
0
0
0
0
0
0
0
0
0
0
0
0
0
0
0
0
0
0
153469.56175450556
0
0
0
0
0
0
0
0
0
0
169183.67036805049
0
0
0
0
230435.20578422118
237199.86373320513
0
241038.17394271053
0
252047.56122046072
317135.33894554549
0
385123.3882530558
0
265579.00890651764
0
0
0
234787.90348508913
0
255458.96175588886
190756.88916529212
267220.31759029819
0
326439.73522737221
270190.20102052036
537689.68800329161
0
0
0
0
841864.7297729234
326032.24579072144
0
496261.79032809177
237453.0890842028
0
0
0
0
0
0
0
0
0
270818.74385266926
0
0
0
0
0
0
0
0
0
0
0
0
0
0
0
0
0
0
0
0
0
0
0
0
0
0
0
0
0
0
0
0
0
0
0
0
0
0
0
0
0
0
0
0
0
0
0
0
0
0
0
0
0
0
0
0
0
0
0
0
0
0
0
0
0
0
0
0
0
0
0
0
0
0
0
0
0
0
0
0
0
0
0
0
0
0
0
0
0
0
0
0
0
0
0
0
0
0
0
0
0
0
0
0
0
0
0
0
0
0
0
0
0
0
0
0
0
0
0
0
0
0
0
0
0
0
0
0
0
0
0
0
0
0
0
0
0
0
0
0
0
0
0
0
143082.74391945562
0
0
0
0
0
0
0
0
260273.70536045262
0
0
186959.53588875869
694170.25217430526
191129.91201069418
0
436911.17258897464
0
677204.35814077011
0
0
243273.38366233461
0
0
0
0
163008.39974601933
0
0
0
0
0
215530.45934854774
0
0
0
0
0
0
0
0
0
229534.03202025389
0
0
0
0
0
0
0
0
0
0
0
0
0
0
0
0
0
0
0
0
0
0
0
0
0
0
0
0
0
0
0
0
0
0
0
0
0
0
0
0
0
0
0
0
0
0
0
0
0
0
0
0
0
0
0
0
0
0
0
0
0
0
0
0
0
0
0
0
0
156999.81051683516
0
0
0
0
0
0
0
0
0
0
0
0
0
0
0
0
0
0
0
0
0
0
0
0
0
0
0
0
0
0
0
0
0
0
0
0
0
0
0
0
0
0
0
0
0
0
0
0
0
0
0
0
0
0
0
0
0
0
0
0
0
0
0
0
0
0
173362.280280012
0
0
0
0
0
0
0
0
0
0
0
0
0
0
0
0
0
0
0
0
0
0
0
0
0
0
0
214322.83777297477
0
0
0
0
179326.08391235999
0
138435.88020604974
0
142062.45248390158
380445.96244593
0
0
0
243154.29808472021
198849.09406212415
0
0
0
0
162147.56511888537
0
0
0
0
0
0
0
0
0
0
0
0
0
0
0
0
0
0
0
0
0
0
0
0
0
0
0
0
0
0
0
0
0
0
0
0
0
0
0
0
0
0
0
0
0
0
0
0
0
0
0
0
0
0
0
0
0
0
0
0
0
0
0
0
0
0
0
0
0
0
0
0
0
0
0
0
0
0
0
0
0
0
0
0
0
0
0
0
0
0
0
0
0
0
0
0
0
0
0
0
0
0
0
0
0
0
0
0
0
0
0
0
0
0
0
0
0
0
0
0
0
0
0
0
0
0
0
0
0
0
0
0
0
0
0
0
0
0
0
0
0
0
0
0
0
0
0
0
0
0
0
0
0
0
0
0
0
0
0
0
0
0
0
0
0
0
0
0
0
0
0
0
0
0
0
0
0
159175.22673264638
116442.88767497554
0
119738.83370100484
0
0
129328.13124735303
0
0
0
0
0
0
0
0
0
0
0
0
0
0
0
0
0
0
0
0
0
0
0
0
0
0
0
0
0
0
0
0
0
0
0
0
0
0
0
0
0
0
0
0
0
0
0
0
0
0
0
0
0
0
0
0
0
0
0
0
0
0
0
0
0
0
0
0
0
0
0
0
0
0
0
0
0
0
0
0
0
0
0
0
0
0
0
0
0
0
0
0
0
0
0
0
0
0
0
0
0
0
0
0
0
0
0
0
0
0
0
0
0
0
0
0
0
0
0
0
0
0
0
0
0
0
0
0
0
0
0
0
0
0
0
0
0
0
0
0
0
0
0
0
0
0
0
0
0
0
0
0
0
0
0
0
0
0
0
0
0
0
0
0
0
0
0
0
0
0
0
0
0
0
0
0
0
0
0
0
0
0
0
0
0
0
0
0
0
0
0
0
136036.30781910167
0
0
0
0
0
0
0
0
139495.44943811081
0
0
0
0
161633.69771511716
0
0
0
0
0
0
0
0
0
0
0
0
0
0
0
0
0
0
0
0
0
0
0
0
0
0
0
0
0
0
0
0
0
0
0
0
0
0
0
0
0
0
0
0
0
0
0
0
0
0
0
0
0
0
0
0
0
0
0
0
0
0
0
0
0
0
0
0
0
0
0
0
0
0
0
0
0
0
0
0
0
0
0
0
0
0
0
0
0
0
0
0
0
0
0
0
0
0
0
0
0
0
0
0
0
0
0
0
0
0
0
0
0
0
0
0
0
0
0
0
0
0
0
0
0
0
0
0
0
0
0
0
0
0
0
0
0
0
0
0
0
0
0
0
0
0
0
0
0
0
0
0
0
0
0
0
0
0
0
0
0
0
0
0
0
0
0
0
0
0
0
0
0
0
0
0
0
0
0
114923.18685460956
0
301340.69169238856
0
0
0
105970.2423837735
119377.27024790847
0
0
0
0
0
0
0
0
0
0
0
0
0
0
0
0
0
0
0
0
0
0
0
0
0
0
0
0
0
0
0
0
0
0
0
0
0
0
0
0
0
0
0
0
0
0
0
0
0
0
0
0
0
0
0
0
0
0
0
0
0
0
0
0
0
0
0
0
0
0
0
0
0
0
0
0
0
0
0
0
0
0
0
0
0
0
0
0
0
0
0
0
0
0
0
0
0
0
0
0
0
0
0
0
0
0
0
0
0
0
0
0
0
0
0
0
0
0
0
0
0
0
0
0
0
0
0
0
0
0
0
0
0
0
0
0
0
0
0
0
0
0
0
0
0
0
0
0
0
0
0
0
0
0
0
0
0
0
0
0
0
0
0
0
0
0
0
0
0
0
0
0
0
0
0
0
0
0
0
0
0
0
0
0
0
0
0
0
0
0
0
0
0
105454.70376420817
0
0
0
0
0
0
0
0
0
0
0
0
0
0
0
0
0
0
0
0
0
0
0
0
0
0
0
0
0
0
0
0
0
0
0
0
0
0
0
0
0
0
0
0
0
0
0
0
0
0
0
0
0
0
0
0
0
0
0
0
0
0
0
0
0
0
0
0
0
0
0
0
0
0
0
0
0
0
0
0
0
0
0
0
0
0
0
0
0
0
0
0
0
0
0
0
0
0
0
0
0
0
0
0
0
0
0
0
0
0
0
0
0
0
0
0
0
0
0
0
0
0
0
0
0
0
0
0
0
0
0
0
0
0
0
0
0
0
0
0
0
0
0
0
0
0
0
0
0
0
0
0
0
0
0
0
0
0
0
0
0
0
0
0
0
0
0
0
0
0
0
0
0
0
0
0
0
0
0
0
0
0
0
0
0
0
0
0
0
0
0
0
0
0
0
0
0
0
0
0
0
0
0
0
0
0
0
0
0
0
0
0
0
0
0
0
0
0
0
0
0
0
0
0
0
0
0
0
0
0
0
0
0
0
0
0
0
0
0
0
0
0
0
0
0
0
0
0
0
0
0
0
0
0
0
0
0
0
0
0
0
0
0
0
0
0
0
0
0
0
0
0
0
0
0
0
0
0
0
0
0
0
0
0
0
0
0
0
0
0
0
0
0
0
0
0
0
0
0
0
0
0
0
0
0
0
0
0
0
0
0
0
0
0
0
0
0
0
0
0
0
0
0
0
0
0
0
0
0
0
0
0
0
0
0
0
0
0
0
0
0
0
0
0
0
0
0
0
0
0
0
0
0
0
0
0
0
0
0
0
0
0
0
0
0
0
0
0
0
0
0
0
0
0
0
0
0
0
0
0
0
0
0
0
0
0
0
0
0
0
0
0
0
0
0
0
0
0
0
0
0
0
0
0
0
0
0
0
0
0
0
0
0
0
0
0
0
0
0
0
0
0
0
0
0
0
0
0
0
0
0
0
0
0
0
0
0
0
0
0
0
0
0
0
0
0
0
0
0
0
0
0
0
0
0
0
0
0
0
0
0
0
0
0
0
0
0
0
0
0
0
0
0
0
0
0
0
0
0
0
0
0
0
0
0
0
0
0
0
0
0
0
0
0
0
0
0
0
0
0
0
0
0
0
0
0
0
0
0
0
0
0
0
0
0
0
0
0
0
0
0
0
0
0
0
0
0
0
0
0
0
0
0
0
0
0
0
0
0
0
0
0
0
0
0
0
0
0
0
0
0
0
0
0
0
0
0
0
0
0
0
0
0
0
0
0
0
0
0
0
0
0
0
0
0
0
0
0
0
0
0
0
0
0
0
0
0
0
0
0
0
0
0
0
0
0
0
0
0
0
0
0
0
0
0
0
0
0
0
0
0
0
0
0
0
0
0
0
0
0
0
0
0
0
0
0
0
0
0
0
0
0
0
0
0
0
0
0
0
0
0
0
0
0
0
0
0
0
0
0
0
0
0
0
0
0
0
0
0
0
0
0
0
0
0
0
0
0
0
0
0
0
0
0
0
0
0
0
0
0
0
0
0
0
0
0
0
0
0
0
0
0
0
0
0
0
0
0
0
0
0
0
0
0
0
0
0
0
0
0
0
0
0
0
0
0
0
0
0
0
0
0
0
0
0
0
0
0
0
0
0
0
0
0
0
0
0
0
0
0
0
0
0
0
0
0
0
0
0
0
0
0
0
0
0
0
0
0
0
0
0
0
0
0
0
0
0
0
0
0
0
0
0
0
0
0
0
0
0
0
0
0
0
0
0
0
0
0
0
0
0
0
0
0
0
0
0
0
0
0
0
0
0
0
0
0
0
0
0
0
0
0
0
0
0
0
0
0
0
0
0
0
0
0
0
0
0
0
0
0
0
0
0
0
0
0
0
0
0
0
0
0
0
0
0
0
0
0
0
0
0
0
0
0
0
0
0
0
0
0
0
0
0
0
0
0
0
0
0
0
0
0
0
0
0
0
0
0
0
0
0
0
0
0
0
0
0
0
0
0
0
0
0
0
0
0
0
0
0
0
0
0
0
0
0
0
0
0
0
0
0
0
0
0
0
0
0
0
0
0
0
0
0
0
0
0
0
0
0
0
0
0
0
0
0
0
0
0
0
0
0
0
0
0
0
0
0
0
0
0
0
0
0
0
0
0
0
0
0
0
0
0
0
0
0
0
0
0
0
0
0
0
0
0
0
0
0
0
0
0
0
0
0
0
0
0
0
0
0
0
0
0
0
0
0
0
0
0
0
0
0
0
0
0
0
0
0
0
0
0
0
0
0
0
0
0
0
0
0
0
0
0
0
0
0
0
0
0
0
0
0
0
0
0
0
0
0
0
0
0
0
0
0
0
0
0
0
0
0
0
0
0
0
0
0
0
0
0
0
0
0
0
0
0
0
0
0
0
0
0
0
0
0
0
0
0
0
0
0
0
0
0
0
0
0
0
0
0
0
0
0
0
0
0
0
0
0
0
0
0
0
0
0
0
0
0
0
0
0
0
0
0
0
0
0
0
0
0
0
0
0
0
0
0
0
0
0
0
0
0
0
0
0
0
0
0
0
0
0
0
0
0
0
0
0
0
0
0
0
0
0
0
0
0
0
0
0
0
0
0
0
0
0
0
0
0
0
0
0
0
0
0
0
0
0
0
0
0
0
0
0
0
0
0
0
0
0
0
0
0
0
0
0
0
0
0
0
0
0
0
0
0
0
0
0
0
0
0
0
0
0
0
0
0
0
0
0
0
0
0
0
0
0
0
0
0
0
0
0
0
0
0
0
0
0
0
0
0
0
0
0
0
0
0
0
0
0
0
0
0
0
0
0
0
0
0
0
0
0
0
0
0
0
0
0
0
0
0
0
0
0
0
0
0
0
0
0
0
0
0
0
0
0
0
0
0
0
0
0
0
0
0
0
0
0
0
0
0
0
0
0
0
0
0
0
0
0
0
0
0
0
0
0
0
0
0
0
0
0
0
0
0
0
0
0
0
0
0
0
0
0
0
0
0
0
0
0
0
0
0
0
0
0
0
0
0
0
0
0
0
0
0
0
0
0
0
0
0
0
0
0
0
0
0
0
0
0
0
0
0
0
0
0
0
0
0
0
0
0
0
0
0
0
0
0
0
0
0
0
0
0
0
0
0
0
0
0
0
0
0
0
0
0
0
0
0
0
0
0
0
0
0
0
0
0
0
0
0
0
0
0
0
0
0
0
0
0
0
0
0
0
0
0
0
0
0
0
0
0
0
0
0
0
0
0
0
0
0
0
0
0
0
0
0
0
0
0
0
0
0
0
0
0
0
0
0
0
0
0
0
0
0
0
0
0
0
0
0
0
0
0
0
0
0
0
0
0
0
0
0
0
0
0
0
0
0
0
0
0
0
0
0
0
0
0
0
0
0
0
0
0
0
0
0
0
0
0
0
0
0
0
0
0
0
0
0
0
0
0
0
0
0
0
0
0
0
0
0
0
0
0
0
0
0
0
0
0
0
0
0
0
0
0
0
0
0
0
0
0
0
0
0
0
0
0
0
0
0
0
0
0
0
0
0
0
0
0
0
0
0
0
0
0
0
0
0
0
0
0
0
0
0
0
0
0
0
0
)
;

boundaryField
{
    inlet
    {
        type            calculated;
        value           uniform 0;
    }
    outlet
    {
        type            calculated;
        value           uniform 0;
    }
    wall
    {
        type            calculated;
        value           uniform 0;
    }
    wedgeBack
    {
        type            wedge;
    }
    wedgeFront
    {
        type            wedge;
    }
    defaultFaces
    {
        type            empty;
    }
}


// ************************************************************************* //
