/*--------------------------------*- C++ -*----------------------------------*\
  =========                 |
  \\      /  F ield         | OpenFOAM: The Open Source CFD Toolbox
   \\    /   O peration     | Website:  https://openfoam.org
    \\  /    A nd           | Version:  10
     \\/     M anipulation  |
\*---------------------------------------------------------------------------*/
FoamFile
{
    format      ascii;
    class       volVectorField;
    location    "0.00012";
    object      U;
}
// * * * * * * * * * * * * * * * * * * * * * * * * * * * * * * * * * * * * * //

dimensions      [0 1 -1 0 0 0 0];

internalField   nonuniform List<vector> 
100
(
(0.91758467185116 -1.1296534766225e-22 -1.1296534766225e-22)
(0.91755152486516 -2.4683129149225e-23 -2.4683129149225e-23)
(0.91753983207169 8.5242034600701e-23 8.5242034600701e-23)
(0.91753010840828 1.5232439672716e-22 1.5232439672716e-22)
(0.91752738847386 1.9174439434884e-22 1.9174439434884e-22)
(0.91752678886485 9.6551590799247e-23 9.6551590799247e-23)
(0.91752668247767 7.1326904120626e-23 7.1326904120626e-23)
(0.91752666663227 -1.6184730112122e-22 -1.6184730112122e-22)
(0.91752666459694 -2.0482667356631e-22 -2.0482667356631e-22)
(0.91752666436713 1.2592284205179e-22 1.2592284205179e-22)
(0.91752666434391 1.2634287739907e-22 1.2634287739907e-22)
(0.91752666434177 -3.0440628700264e-22 -3.0440628700264e-22)
(0.91752666434161 -6.4485781549929e-23 -6.4485781549929e-23)
(0.9175266643416 2.5139730585823e-22 2.5139730585823e-22)
(0.9175266643416 9.9120756165376e-23 9.9120756165376e-23)
(0.9175266643416 1.3220147507438e-22 1.3220147507438e-22)
(0.9175266643416 2.1227731783736e-22 2.1227731783736e-22)
(0.9175266643416 -7.7468451623159e-23 -7.7468451623159e-23)
(0.9175266643416 -2.2814033161753e-22 -2.2814033161753e-22)
(0.9175266643416 -5.1106570049585e-24 -5.1106570049585e-24)
(0.91752666434161 5.6916573700329e-23 5.6916573700329e-23)
(0.9175266643416 5.3164144623432e-23 5.3164144623432e-23)
(0.9175266643416 -7.0987370094835e-23 -7.0987370094835e-23)
(0.91752666434161 -2.0477356639709e-23 -2.0477356639709e-23)
(0.9175266643416 4.6508439936754e-23 4.6508439936754e-23)
(0.9175266643416 6.2487994833012e-24 6.2487994833012e-24)
(0.9175266643416 -9.5944450405567e-23 -9.5944450405567e-23)
(0.9175266643416 -3.04063207923e-23 -3.04063207923e-23)
(0.9175266643416 3.7145438094677e-23 3.7145438094677e-23)
(0.9175266643416 -4.0197923660279e-23 -4.0197923660279e-23)
(0.9175266643416 5.7108534132841e-23 5.7108534132841e-23)
(0.9175266643416 -3.7436283564176e-23 -3.7436283564176e-23)
(0.9175266643416 -6.5310876454144e-23 -6.5310876454144e-23)
(0.91752666434161 -8.884810548102e-23 -8.884810548102e-23)
(0.91752666434159 -3.0503582677215e-22 -3.0503582677215e-22)
(0.91752666434161 -3.276476267261e-22 -3.276476267261e-22)
(0.9175266643416 2.798857976008e-22 2.798857976008e-22)
(0.91752666434161 3.2869087374053e-22 3.2869087374053e-22)
(0.9175266643416 1.4453744573432e-22 1.4453744573432e-22)
(0.91752666434161 2.8630691128487e-22 2.8630691128487e-22)
(0.9175266643416 5.0137571325961e-23 5.0137571325961e-23)
(0.9175266643416 -1.4018244631463e-22 -1.4018244631463e-22)
(0.9175266643416 -8.4624634545877e-23 -8.4624634545877e-23)
(0.9175266643416 -9.728103311137e-23 -9.728103311137e-23)
(0.9175266643416 -1.314414990859e-22 -1.314414990859e-22)
(0.91752666434161 7.7999868575372e-23 7.7999868575372e-23)
(0.9175266643416 9.1689547050091e-23 9.1689547050091e-23)
(0.9175266643416 8.1369172917994e-23 8.1369172917994e-23)
(0.9175266643416 4.9212165435446e-25 4.9212165435446e-25)
(0.9175266643416 -2.8170282227456e-23 -2.8170282227456e-23)
(0.9175266643416 4.9075229563263e-23 4.9075229563263e-23)
(0.9175266643416 6.0642705456078e-24 6.0642705456078e-24)
(0.9175266643416 6.4728963307416e-24 6.4728963307416e-24)
(0.9175266643416 6.0385995865437e-23 6.0385995865437e-23)
(0.9175266643416 7.6333571811773e-23 7.6333571811773e-23)
(0.9175266643416 1.2292311703634e-22 1.2292311703634e-22)
(0.9175266643416 -9.4528496468344e-24 -9.4528496468344e-24)
(0.9175266643416 -4.2677592762454e-22 -4.2677592762454e-22)
(0.9175266643416 -2.8637638388373e-22 -2.8637638388373e-22)
(0.9175266643416 -9.3648634222595e-23 -9.3648634222595e-23)
(0.91752666434159 -8.016089330882e-24 -8.016089330882e-24)
(0.9175266643416 1.5520774462712e-23 1.5520774462712e-23)
(0.91752666434159 1.498935744896e-25 1.498935744896e-25)
(0.9175266643416 -1.0216084991302e-23 -1.0216084991302e-23)
(0.91752666434159 -7.4269363641503e-24 -7.4269363641503e-24)
(0.9175266643416 5.4426017829056e-23 5.4426017829056e-23)
(0.91752666434159 -9.0680702486022e-23 -9.0680702486022e-23)
(0.9175266643416 -1.5243266350639e-22 -1.5243266350639e-22)
(0.91752666434159 -3.8238386844073e-23 -3.8238386844073e-23)
(0.9175266643416 1.7393786690727e-22 1.7393786690727e-22)
(0.91752666434159 1.5440938535549e-22 1.5440938535549e-22)
(0.9175266643416 3.3179148960488e-23 3.3179148960488e-23)
(0.9175266643416 4.1011161515558e-23 4.1011161515558e-23)
(0.9175266643416 7.6275350404937e-23 7.6275350404937e-23)
(0.9175266643416 1.7214141511493e-22 1.7214141511493e-22)
(0.9175266643416 -5.1291560084334e-23 -5.1291560084334e-23)
(0.9175266643416 -1.7140206654455e-22 -1.7140206654455e-22)
(0.9175266643416 4.960467946109e-23 4.960467946109e-23)
(0.9175266643416 1.7641576120864e-22 1.7641576120864e-22)
(0.9175266643416 2.17946983168e-22 2.17946983168e-22)
(0.9175266643416 -5.7441512985756e-23 -5.7441512985756e-23)
(0.9175266643416 1.6940874948125e-23 1.6940874948125e-23)
(0.9175266643416 -1.3193339435156e-22 -1.3193339435156e-22)
(0.9175266643416 -2.6281702611977e-22 -2.6281702611977e-22)
(0.9175266643416 -8.3331660457708e-23 -8.3331660457708e-23)
(0.91752666434159 -1.1790696898432e-22 -1.1790696898432e-22)
(0.9175266643416 -1.0319482065484e-22 -1.0319482065484e-22)
(0.91752666434154 -6.1248676850502e-24 -6.1248676850502e-24)
(0.91752666434074 1.3965694396612e-22 1.3965694396612e-22)
(0.9175266643308 -1.9972526586975e-23 -1.9972526586975e-23)
(0.91752666421929 -2.2335425076448e-22 -2.2335425076448e-22)
(0.9175266630866 1.005840009703e-24 1.005840009703e-24)
(0.91752665281355 9.2984036518105e-23 9.2984036518105e-23)
(0.9175265708291 1.9063707390196e-23 1.9063707390196e-23)
(0.9175260060913 1.1246914717164e-22 1.1246914717164e-22)
(0.9175227364318 3.1611895846784e-22 3.1611895846784e-22)
(0.91750745418158 1.2801679019473e-22 1.2801679019473e-22)
(0.91745109002254 -1.2142821832942e-22 -1.2142821832942e-22)
(0.91738018206986 -1.2125868207216e-22 -1.2125868207216e-22)
(0.91718247553474 -2.4754003125905e-22 -2.4754003125905e-22)
)
;

boundaryField
{
    left
    {
        type            zeroGradient;
    }
    right
    {
        type            zeroGradient;
    }
    sides
    {
        type            empty;
    }
}


// ************************************************************************* //
