/*--------------------------------*- C++ -*----------------------------------*\
  =========                 |
  \\      /  F ield         | OpenFOAM: The Open Source CFD Toolbox
   \\    /   O peration     | Website:  https://openfoam.org
    \\  /    A nd           | Version:  10
     \\/     M anipulation  |
\*---------------------------------------------------------------------------*/
FoamFile
{
    format      ascii;
    class       volVectorField;
    location    "0.00012";
    object      Us;
}
// * * * * * * * * * * * * * * * * * * * * * * * * * * * * * * * * * * * * * //

dimensions      [0 1 -1 0 0 0 0];

internalField   nonuniform List<vector> 
100
(
(0.82550364246719 -1.7180341832132e-23 -1.7180341832132e-23)
(0.82548499390401 -2.9062354332914e-23 -2.9062354332914e-23)
(0.82547979819331 6.4038315256289e-23 6.4038315256289e-23)
(0.82547731042502 1.9503607995871e-22 1.9503607995871e-22)
(0.82547675239164 9.1449290551797e-23 9.1449290551797e-23)
(0.82547665004364 -5.6430660305393e-25 -5.6430660305393e-25)
(0.8254766343983 4.0630262830334e-24 4.0630262830334e-24)
(0.82547663234324 -1.1295751346493e-22 -1.1295751346493e-22)
(0.82547663210642 -3.7219156406328e-23 -3.7219156406328e-23)
(0.82547663208212 1.1701362798059e-22 1.1701362798059e-22)
(0.82547663207986 9.6433603415239e-24 9.6433603415239e-24)
(0.82547663207967 -1.8251514608376e-22 -1.8251514608376e-22)
(0.82547663207966 -8.4546129196216e-23 -8.4546129196216e-23)
(0.82547663207966 9.3599973520535e-23 9.3599973520535e-23)
(0.82547663207966 1.3997348913852e-22 1.3997348913852e-22)
(0.82547663207966 1.4216828298198e-22 1.4216828298198e-22)
(0.82547663207966 -4.6560230841445e-23 -4.6560230841445e-23)
(0.82547663207966 -4.6807572268602e-23 -4.6807572268602e-23)
(0.82547663207966 7.5610000931904e-23 7.5610000931904e-23)
(0.82547663207966 9.3698036392984e-24 9.3698036392984e-24)
(0.82547663207966 1.3073743064983e-24 1.3073743064983e-24)
(0.82547663207966 3.362445476342e-23 3.362445476342e-23)
(0.82547663207966 -4.2277841136346e-23 -4.2277841136346e-23)
(0.82547663207966 -1.3821434887648e-23 -1.3821434887648e-23)
(0.82547663207966 3.6694537525087e-24 3.6694537525087e-24)
(0.82547663207966 -6.224796155059e-23 -6.224796155059e-23)
(0.82547663207966 -3.6582904779731e-23 -3.6582904779731e-23)
(0.82547663207966 -6.3387138228163e-23 -6.3387138228163e-23)
(0.82547663207966 -1.9419125656082e-23 -1.9419125656082e-23)
(0.82547663207966 5.0354134727602e-23 5.0354134727602e-23)
(0.82547663207966 8.5737486502433e-23 8.5737486502433e-23)
(0.82547663207966 8.5533791531813e-24 8.5533791531813e-24)
(0.82547663207966 -7.8911724435431e-23 -7.8911724435431e-23)
(0.82547663207966 -4.2130249331817e-23 -4.2130249331817e-23)
(0.82547663207966 -1.719372614005e-22 -1.719372614005e-22)
(0.82547663207966 -1.9893820586518e-22 -1.9893820586518e-22)
(0.82547663207966 4.5615473424545e-23 4.5615473424545e-23)
(0.82547663207966 1.5122407658573e-22 1.5122407658573e-22)
(0.82547663207966 1.5192997623532e-22 1.5192997623532e-22)
(0.82547663207966 1.7954829631885e-22 1.7954829631885e-22)
(0.82547663207966 5.4800937736212e-23 5.4800937736212e-23)
(0.82547663207966 -8.5323969185154e-23 -8.5323969185154e-23)
(0.82547663207966 -6.5536330869269e-25 -6.5536330869269e-25)
(0.82547663207966 -1.1181391537363e-23 -1.1181391537363e-23)
(0.82547663207966 -9.9931771515986e-23 -9.9931771515986e-23)
(0.82547663207966 -2.1854617398485e-23 -2.1854617398485e-23)
(0.82547663207966 2.8796448990765e-23 2.8796448990765e-23)
(0.82547663207966 -5.2309928780022e-24 -5.2309928780022e-24)
(0.82547663207966 2.817955398434e-23 2.817955398434e-23)
(0.82547663207966 7.7361333041348e-23 7.7361333041348e-23)
(0.82547663207966 1.3679719105268e-23 1.3679719105268e-23)
(0.82547663207966 1.0595375907526e-24 1.0595375907526e-24)
(0.82547663207966 2.2069097422278e-24 2.2069097422278e-24)
(0.82547663207966 2.2923781445412e-23 2.2923781445412e-23)
(0.82547663207966 9.7032352257529e-23 9.7032352257529e-23)
(0.82547663207966 9.3605729475657e-24 9.3605729475657e-24)
(0.82547663207966 -1.4953359766518e-22 -1.4953359766518e-22)
(0.82547663207966 -1.4226606819938e-22 -1.4226606819938e-22)
(0.82547663207966 -1.5903656475659e-22 -1.5903656475659e-22)
(0.82547663207966 -8.9993767078209e-23 -8.9993767078209e-23)
(0.82547663207966 3.4218459272743e-24 3.4218459272743e-24)
(0.82547663207966 9.7111523562543e-24 9.7111523562543e-24)
(0.82547663207966 -1.0405696217858e-25 -1.0405696217858e-25)
(0.82547663207966 -8.3700702867062e-24 -8.3700702867062e-24)
(0.82547663207966 -2.8295159633154e-24 -2.8295159633154e-24)
(0.82547663207966 -3.7667611164501e-24 -3.7667611164501e-24)
(0.82547663207966 -4.9022608883916e-23 -4.9022608883916e-23)
(0.82547663207966 -1.4820950552109e-22 -1.4820950552109e-22)
(0.82547663207965 -1.3251977519186e-24 -1.3251977519186e-24)
(0.82547663207966 1.2978519492189e-22 1.2978519492189e-22)
(0.82547663207966 1.6005054953633e-22 1.6005054953633e-22)
(0.82547663207966 9.5082608053016e-23 9.5082608053016e-23)
(0.82547663207966 -7.4811019465519e-23 -7.4811019465519e-23)
(0.82547663207966 5.0862518192849e-23 5.0862518192849e-23)
(0.82547663207966 1.5143021067331e-22 1.5143021067331e-22)
(0.82547663207966 -4.3209522684727e-23 -4.3209522684727e-23)
(0.82547663207966 -1.5245444462556e-22 -1.5245444462556e-22)
(0.82547663207966 4.2492929418377e-23 4.2492929418377e-23)
(0.82547663207966 1.6465336246255e-22 1.6465336246255e-22)
(0.82547663207966 3.3280806452678e-23 3.3280806452678e-23)
(0.82547663207966 3.4011236845656e-23 3.4011236845656e-23)
(0.82547663207966 -4.5541015098268e-24 -4.5541015098268e-24)
(0.82547663207966 -1.196658716302e-22 -1.196658716302e-22)
(0.82547663207966 -1.4471766390402e-22 -1.4471766390402e-22)
(0.82547663207966 -8.8959536479851e-23 -8.8959536479851e-23)
(0.82547663207966 -3.9436950161202e-23 -3.9436950161202e-23)
(0.82547663207966 -6.2155106934878e-24 -6.2155106934878e-24)
(0.82547663207965 4.3417026004094e-24 4.3417026004094e-24)
(0.82547663207959 1.6917541393966e-23 1.6917541393966e-23)
(0.8254766320787 -2.0838810172529e-23 -2.0838810172529e-23)
(0.82547663206804 -6.1525566385922e-23 -6.1525566385922e-23)
(0.82547663195006 -1.841381016527e-25 -1.841381016527e-25)
(0.82547663077324 -5.5372931525791e-23 -5.5372931525791e-23)
(0.82547662030818 2.6459145854443e-23 2.6459145854443e-23)
(0.82547653859246 1.2860424907785e-22 1.2860424907785e-22)
(0.82547598951378 1.8697242111134e-22 1.8697242111134e-22)
(0.82547290559933 7.9488345875581e-23 7.9488345875581e-23)
(0.82545871474063 -1.1406063908641e-22 -1.1406063908641e-22)
(0.82542766418308 -1.1283520583433e-22 -1.1283520583433e-22)
(0.82295785380866 -9.4269536880982e-23 -9.4269536880982e-23)
)
;

boundaryField
{
    left
    {
        type            zeroGradient;
    }
    right
    {
        type            zeroGradient;
    }
    sides
    {
        type            empty;
    }
}


// ************************************************************************* //
