/*--------------------------------*- C++ -*----------------------------------*\
  =========                 |
  \\      /  F ield         | OpenFOAM: The Open Source CFD Toolbox
   \\    /   O peration     | Website:  https://openfoam.org
    \\  /    A nd           | Version:  10
     \\/     M anipulation  |
\*---------------------------------------------------------------------------*/
FoamFile
{
    format      ascii;
    class       volScalarField;
    location    "0.11500001";
    object      rhoEs;
}
// * * * * * * * * * * * * * * * * * * * * * * * * * * * * * * * * * * * * * //

dimensions      [1 -1 -2 0 0 0 0];

internalField   nonuniform List<scalar> 
7600
(
0
23187.372400945
0
21098.354970797
0
19743.369855151
0
0
19546.727159162
0
20535.952667297
0
0
22610.237984692
0
0
25308.556879186
0
0
27852.966779107
0
0
29636.645863372
0
0
29974.97415064
0
29603.443210299
0
28113.133657207
49516.776575992
21484.283872687
0
20197.640361
0
20041.669387139
0
0
20783.685638435
0
0
0
22664.751954484
0
0
0
0
25280.325789437
0
0
0
27554.945450054
0
0
0
29179.748141807
0
0
29748.159284597
21319.934530189
73246.728279797
54125.548339994
20157.367525697
0
0
0
21112.165424834
0
0
0
0
22648.046118146
0
0
0
0
0
25098.079671705
0
0
8968.3733924727
8637.5737269144
8257.1015068307
15589.508537537
7453.7079450009
7351.3037777083
7197.7985374862
14321.704795295
7253.5176633209
7344.9406948798
7562.5168258563
7747.5067664519
8066.3460954354
8321.7382034618
0
8673.6482241406
9079.5413570194
9380.2827949789
9765.1645614805
10233.802171952
10328.112805143
10637.135831904
10669.969245233
10907.772634221
10877.906368018
11054.383231385
10861.095690991
20915.820853812
10173.186782322
29958.285855255
27396.836265024
16733.699595235
23650.914671639
14895.596292643
7424.6374278922
7444.2021967721
7571.9986249558
7732.9574069838
0
7887.061779705
8075.4473398285
0
8379.0618287164
8589.1603628279
0
8911.5389949795
0
9143.199047953
9509.1745932808
0
9913.8437504196
0
9999.9228439713
10310.873946057
0
20479.72300091
0
10564.376678441
21350.766042422
31054.198539955
87635.299742518
36969.316745948
7669.4503664156
15230.249504392
0
7755.1053492645
7959.1360434696
0
8027.7445594439
0
8221.7814207483
0
8534.1036890662
0
8802.0261461679
0
9160.1625570992
0
9377.9442179434
0
12008.981437131
11393.990927885
10787.156766243
10306.846716034
5026.8791537637
9819.7996952791
9679.8438067567
9615.3501870486
9673.0016173469
4935.0341247657
10062.948558061
5201.1707862072
10743.853685255
5591.9314102138
5726.1334250774
5901.7354934752
12318.011027552
6392.3762280011
6555.0851640006
13494.629505812
6965.8659996925
7026.4641301755
14293.754001365
7268.0706566852
14682.378079509
14689.308258912
14675.072652816
14480.989019542
20987.759769001
20039.465750742
30350.548543394
27841.560791835
15079.484609698
16658.260592802
9815.4872964211
0
15212.207063161
0
10543.60642472
5291.0824803401
5361.9570363389
5480.8021860949
5595.6944398445
5755.4668540629
5867.473763292
6014.3927387297
0
6186.5656310598
6306.0701887363
6454.7431505571
6548.9492581052
6706.469379452
6818.0724101724
6935.2565436169
7050.004715212
7130.0068344799
14395.989870155
7148.7686237739
14407.574760779
43493.016614396
48840.313335048
44693.088159281
17229.26641897
10366.358908573
5209.3383079384
5188.3080110765
5181.9837100929
5268.1790840195
5453.6550609254
0
5562.9097711843
5654.0046159638
5730.1963230067
0
5892.3331708151
12501.965805342
0
6153.3937788265
6333.1366308524
0
9668.1311377805
13719.870782344
8657.1799214108
8358.2391247939
12053.29901455
7814.485731984
7726.404460983
11508.616862595
7737.2040750091
7885.0539709297
8046.4412452673
4134.6016776828
8510.2170432859
8830.1821264815
4568.2385852257
9449.5598212442
14317.094327674
0
10470.553348139
10842.317892563
5564.9078715725
11308.486696348
11471.920751496
11728.5927691
11756.815009178
11777.869448406
11810.863412463
17438.640314213
21758.782459216
21724.913559805
29532.492063003
17479.086749361
21731.675071998
12016.757911093
12352.050961092
7875.606377489
7948.8473430371
4017.2682699476
8243.6506614165
4197.5584075197
4268.8609553199
4337.6919779159
8907.4693667205
4583.2228237695
4688.8747729759
4779.4156207805
4865.323916435
4936.9021496339
5051.6020071921
5139.0740933003
10534.88232152
5406.4497963358
5475.0566160292
5553.5549472915
5643.7361674234
11425.8956033
11558.444086982
11644.143363943
11598.737833917
32771.514759755
52963.044696042
73007.972338075
14701.862838169
8053.1561456256
4063.0184190499
4085.3195753363
8310.3578380709
4254.6790209601
4271.0095869262
4354.8022744325
0
4451.1803873908
4516.7365905411
0
4682.0603090232
4782.1762572919
4896.8968414107
0
4999.2448095444
5084.3549167285
12528.958133702
11839.390948484
7552.8720510534
10845.610744338
10415.903330751
10149.329405792
6673.6395419575
9971.2605862963
6669.3982081778
10188.521149637
6987.4003215709
7188.9037352989
7390.5899284106
7658.8734603352
7986.3227920414
8289.3320820287
4260.7166653426
8752.2976616025
9042.3884993424
9327.5889265031
9600.9445002639
9806.9946361595
9970.2035673729
10062.609465304
15247.902125432
10205.109221668
15244.524852265
15102.364382646
19670.599083005
23394.877263817
34088.350145225
27004.80183015
17619.09669674
6866.0218321412
9992.3787226007
6835.9168262856
6907.7930270289
7005.9242214463
3549.5711020371
7232.645713621
3700.7311478957
7570.4552806193
3869.5636707871
3935.5393822272
8053.5307940875
4137.3511977871
4205.9704928003
4286.5363974419
8786.7301771522
4496.8174740749
4559.3267225735
9289.5293017356
4753.8665993411
4813.6728514556
9708.7709897024
9879.6922910377
10006.660493522
9974.1917646886
10073.00532336
36741.645677354
73637.663091379
52222.317055186
6888.4832697857
6899.7896373022
7007.3640226549
3564.9416132688
3577.9051448022
7284.6292984349
3730.156712385
3738.4450593024
3825.0171258814
3856.7445592806
3922.5959814607
3988.7730542241
4057.2607485594
4132.4256480625
4194.7256236794
4265.6962865508
4350.1932218385
4422.0476319479
11321.888261001
10764.764765421
10231.467529073
9766.2714347721
9427.738181055
9210.9531318335
9067.9127708961
8923.2939778123
6048.862912329
9228.1204990885
6290.7294030576
9427.5658160739
6715.6165617589
6950.6018189086
7374.5565849108
7452.3666214541
7713.5527849044
7967.8707979023
8206.214585576
8462.5117475096
8677.8262800747
13325.330970702
9043.3220130607
9147.0742231531
13879.266219103
13946.733037634
13875.530378771
13725.511221614
22001.710024671
28954.100852822
26811.769878645
23857.014644766
15894.794461111
12359.91422134
8935.5344128716
6177.9846744567
6229.0689380499
6325.9145702649
6476.6141841225
3285.2787624897
6724.3360441308
6876.8171650422
3514.3563016267
7165.7963950341
7308.630325861
7499.9853965365
3808.5972723866
7807.894759079
3987.9716967056
8153.3546489273
4157.0460459413
8463.359238944
4306.3835420625
8746.3421253441
8908.628530076
9017.9734713011
9096.2797957995
12995.053057433
18025.064944399
47206.894733358
68550.544131015
34713.662313888
11030.65130546
6362.6555337458
6409.7362315795
3265.9752597696
6530.6628305475
3297.415233419
3342.1831376954
6820.0195860289
3471.0862475085
3524.7488863557
3579.939396995
3636.903642489
3690.0592386286
7497.9596998843
3810.8287931634
3877.0397050822
3937.4241326866
4008.1496485441
10768.72132643
10260.279926175
9788.0893439563
12438.034843907
8972.2804873431
8754.2954073083
8633.549602159
8601.5085241248
8652.4478930703
8785.5722996609
5990.177194765
9221.8418847373
6343.5508620942
6563.0681312658
6789.3140881427
10618.110904679
7368.2925544996
7601.7123640049
7830.3325271729
8014.1066214809
12376.261954777
8455.0302839748
8590.8958539252
13045.836627455
13170.233075637
13213.638581357
13155.279700963
17363.418544594
16580.219342843
24223.865034768
25746.616406831
26462.205080909
18240.402902428
8859.2938066929
8757.8920015751
5849.5046323946
5919.4822502307
9382.5535868852
6118.1498299126
3112.4154763829
6332.3392193924
6488.055960154
3316.2367307137
3355.2709829628
10018.812419366
3506.9766553423
3613.5428754521
7546.4848764689
3770.2804435738
7715.144436303
3930.2736933043
7941.7812145291
4057.4597729084
8503.2353194886
8423.1189305793
8533.0993025865
8630.0094765691
8658.2419129464
13112.074409217
33044.54728586
48956.787821181
79085.293880035
5927.6404072179
8924.3835906559
6032.8718196985
3069.7866114657
6148.2972026133
3107.9035650406
3144.0080185493
3216.1486282711
6540.4843346516
3334.3204022032
3378.9182254812
3434.5576622561
3486.6407319642
0
3600.537415115
3629.8406227197
3715.5122835649
3776.7130622821
10428.340462243
9956.1595742907
12583.236607507
9006.3391445963
8719.8141099901
11325.59853361
8358.8442261216
8322.3111604331
8382.3867301011
8514.5885801557
5799.39439242
8940.917066688
6152.419327441
9564.4581349321
6624.4390797185
6836.540502607
7047.8459849921
10984.267084494
7565.7386494795
7763.8589713495
11931.678850698
8157.0503535482
12449.57531554
8397.822925292
12665.292718406
12723.672583186
16961.860089813
12445.332599109
20528.075360803
23153.260612082
28760.40485995
25745.062487335
17704.167100136
14317.8550507
8557.6490618018
8681.128198366
5747.3577323777
5823.5327774445
5901.4161945326
6013.3563355247
6147.6394672249
6307.3450737312
3213.7693333967
6555.0203016443
3342.2669633318
3387.5649371264
3521.0705429649
3591.6005802885
7324.9671330201
6993.227504907
3818.6003643074
3871.3945044297
7865.3636859196
8005.5123765774
8110.2458046964
11973.542809476
8314.9360241549
12585.587075865
12579.929050185
25664.425254575
72745.644602849
58968.092121684
8667.0009040164
8672.3050855343
7129.5775097485
11696.378372317
5952.8889431749
6052.253868952
3071.8573290548
6254.7764842908
6324.4151425242
3226.6336681639
3267.2992668997
6316.1801451287
3359.195923316
10015.865430396
3494.180729722
0
3601.2171847569
3631.9223442363
10257.539917126
12970.592642154
9226.3418844463
8868.5119037038
11400.018499812
8322.1973345897
8200.2463179031
10874.439564966
8216.2718042044
5550.7508165092
8501.3713405815
8767.6672510646
6028.9273317728
9375.7163384038
9538.7622715002
3367.5342490306
10409.684642268
7110.1470987832
7379.2520283423
7578.4191948033
11667.388452235
7962.9729260863
12123.146349234
12298.020651773
12420.631231268
12381.854342864
12362.744483996
16331.621711973
19988.175978764
22917.84857263
28131.580205794
28462.953625042
17503.829654443
11323.511056982
8426.485246414
8377.99543128
8477.7049256931
5717.5439985555
5809.6816499068
5954.5201307593
6069.0243545378
3088.3298692673
6306.599618544
6449.2315204915
3282.0742453533
6696.971187991
3409.9665170152
3461.1105720679
7159.5469880444
3613.2152612726
7345.0549923154
7550.3811253034
7621.4952376049
3855.5259880969
7857.063842964
11963.304093403
8067.3468844988
8109.9021473476
26823.093382937
18349.999325894
64585.03153758
66304.268343403
12796.150327599
5703.6864705152
11462.142222266
5813.735354693
3355.1685374387
5928.9456298626
2992.9939782834
6138.0694765612
3112.2377027899
3139.4719710186
6413.8064481241
3251.3502525972
3296.4570804566
6463.5054532667
3431.8640387614
3478.7499214919
3521.4645655198
3565.2956966302
10210.650199037
9759.1673208071
12356.313958303
8852.9789368442
11386.750227474
8316.0786960331
8194.5974190882
10866.482903634
8205.7603431722
5544.900301643
8482.1235290074
8748.0720099244
6011.18543988
9330.9336992677
6462.2858615336
6639.3552269245
10354.084993115
7139.8813048488
7362.5135629102
11297.307864648
7728.8005883811
11836.684895209
15197.526253099
12215.845055016
12355.69814125
12375.259511891
12301.966919228
16451.870908931
19908.834052918
19195.517145708
28365.020404699
29929.145048291
26629.270758327
8571.1011773298
8356.5608506529
11227.13495475
5669.0822500032
5035.4754718291
5525.6561544165
2940.2719903919
6008.8975946874
6152.176015569
6267.9599836084
6430.3670588473
0
10027.320617426
6712.3262376128
6948.5023218175
7121.1818593224
3614.2359636568
7341.2686712961
3687.8191820079
7632.7457611177
7684.4197796689
7807.5420949751
7945.677728572
12074.05362173
7426.8082610025
16117.947665034
9670.3460732763
66687.045708032
69119.860750154
16766.803260402
5660.1115932028
5808.672285409
2911.808865126
2949.7522054679
5910.8002509378
2975.9524171866
0
6177.3461976337
3154.779519797
6517.5219968872
6476.8515745522
3303.3346414808
3343.0580122633
3380.8498371188
3419.7690119241
6979.3373630952
3546.8974099572
10255.913347647
9797.9092694439
12399.965678394
8887.5931852818
8617.9145326176
11202.306838445
8261.5844967978
8216.3099108341
8250.3243882243
8365.8094127394
8565.8920241205
8835.0295550782
6075.9694416916
6242.5654513404
9716.14295922
6738.9235063953
6923.4068469766
10794.941214831
7444.0729553454
7618.5854822323
11678.605106698
7972.3458038501
12123.664928885
8219.0644072071
12453.57871281
12499.714486813
12450.226591568
16471.399887061
20116.178502694
22400.820466561
34758.407850136
25631.812235299
17407.761855105
14289.834781732
8472.5368367052
8409.2863465446
5683.3189799185
5723.328522481
5828.8144234838
11781.895625692
3059.8267074266
3086.0076304133
6303.9552726715
6457.4889607813
3289.8417228922
6710.102533554
6887.8953893009
3520.5230830564
7182.6690889453
3622.4466839561
3740.1471120567
7557.574838942
7666.5007055843
7836.6816288014
7876.3881757799
11978.90395866
4041.7593533492
24727.295568686
15445.162756928
16869.319583318
70229.107315948
62593.687353176
22249.040791578
6309.2907423041
9941.6691153598
2901.6295959373
5874.8257642113
2985.6994207325
6041.910613897
3058.7557388682
9531.7207911578
3174.7270332012
3207.3944389911
3248.844436798
6624.0625178134
3374.8759970965
3420.0939546713
3466.1365664289
3493.043835923
7146.5043959868
10462.046402727
9985.4089888724
12629.175663208
9048.2526104711
8765.4884350414
11379.116821426
8045.5828719309
8357.5830997704
8404.9574337842
8537.9390665038
5805.1115968085
8934.791365174
9272.2115713992
6404.9785542454
6605.6878644509
6808.4929512615
10612.192269606
7343.7451371429
7543.8277832431
11681.190262202
7988.8114617424
8141.8694940792
12363.591609182
4175.2951556569
8437.290969375
12812.976640185
17041.440379559
21478.164272913
16493.640830952
23720.227383679
29221.775534411
22850.307591563
24054.553804564
11550.673960565
11400.077564967
5736.5880066925
5754.2899200534
5847.5168919535
5906.3694410842
6012.3519375381
6147.6506431682
6289.5236164239
3203.5154125289
6524.7628656313
6707.3083088855
3422.7867866644
3696.1080344223
7320.2371459677
7296.0048644604
3720.9510438361
7575.0545150972
3850.1902157928
7836.0558252689
11924.813197791
8106.0949400371
4047.156668794
8297.812141767
8397.5932770203
4210.6968318858
19971.199504447
57024.755426874
66329.990462376
30132.712859893
5793.1932818568
17135.55702773
8377.8889080485
5947.9391290677
3010.9675852977
3048.798545349
3119.6047733567
3138.6550311407
3202.8124988232
3247.8159888844
6624.3219241484
3380.2002400746
3425.3901952597
3474.3996110228
3525.744286819
3583.308952978
3624.9577775032
10672.835085133
10182.324499697
9726.574503576
9337.1873020267
11993.610499023
8758.9220954455
8629.7046545244
8580.5939049915
8620.0804290902
8743.4403133317
8958.3543800105
6131.846568006
9498.5351568105
6562.7960709381
6772.159261693
6981.8181370772
10851.176404797
7529.513784472
7751.9971233474
7950.5897058644
12236.882939781
8338.6242098105
8434.3210411115
12888.631993641
13010.60680914
13062.373666138
13065.208535397
17235.339361403
16885.369380664
24344.819441715
22944.82228332
34357.976091698
12876.801128642
8916.7353877019
11736.343503034
8811.9415124077
8810.2988945804
5974.2586875724
6049.991528672
6157.7108766731
6285.006233869
6424.1800946571
6383.870593427
3369.8178825613
6864.0002186375
6804.4927036329
7158.7467517916
0
7447.2774247928
3797.0577364325
7720.2298322662
3947.2086037236
8003.0105719066
8152.7815587746
8291.3868267603
8385.0476904414
8444.818713365
8512.8436487792
18258.405271904
12894.420851075
58261.377553724
67312.639390442
20091.535112187
10104.004836966
10474.024235441
6703.5939824162
3072.5904878875
6164.9921952115
3146.2013638403
6368.9159660122
3229.2862064513
3269.8977478829
6661.4535093302
3397.4439540719
3444.4064923387
3491.8279849658
3543.6547574008
3591.1079770822
7136.1097210252
7439.8373279922
11109.080483346
10585.316403531
13359.010005263
9554.6443158518
9255.8690043504
9030.2727671364
8885.9662719934
8825.7979589911
8838.4067041386
8967.2076670268
6099.9850138347
12036.756264136
3210.3054014524
10069.456199742
6981.9674998913
7215.160583692
7460.9571784828
7687.7713524175
8313.0871332869
12256.743945876
8387.0460862481
8567.5628608496
13099.185270996
8869.3991242158
13792.604994411
13504.560349752
13420.286983761
13393.914608775
21100.900720431
25244.981076581
27340.772860966
38201.896991058
19133.105887728
6149.0713211448
22374.478202395
6012.1932844795
9073.3670006847
6103.5117088341
6200.5235533499
6325.3893342351
6457.5755605136
3279.0342769228
6696.3798775035
6744.4300608828
3518.9979209913
10305.296342504
3675.9718870995
3741.976957247
7644.9342927253
0
7944.8354420014
4050.6914717972
8241.978275441
8416.4596597699
8533.1150887131
4321.3856716385
8675.9910063155
8795.0634927492
11527.955025856
21599.264167606
42003.104950301
69980.993935513
46313.969313162
10750.16518663
9362.4473584266
3074.416885312
6235.5061774626
6320.8423324399
6427.9846344157
3260.055096261
3300.2603482037
6888.2280312543
6817.2210261173
3480.0023680958
0
3581.3424083976
3798.1904197201
3689.5472179955
3742.1067682149
7341.3870722812
11403.048236587
11358.672300597
10322.76304062
9888.6584751622
9517.9736714259
9268.0596881733
9137.2765750183
9092.6727889338
9133.7696787361
9271.3079933357
6309.2992079792
9733.1728673093
6709.1025014683
6898.54741914
7127.6571536555
7371.1313659816
7603.1737958249
11861.794088295
8216.2600917025
8421.5138880003
8607.6167752836
8760.4945546471
13431.148280763
13367.537927509
9210.8231567908
9252.2179393926
18420.423059732
13583.648286646
13427.761954322
22110.120595704
24207.962658508
26469.676320677
19905.619195377
15798.799605732
12816.971757934
3104.1571494499
12602.722551613
3186.8795284085
9430.3179625105
3259.1536266293
6679.8138494133
3406.9194266871
6944.9925918648
3543.8069545349
7236.0505412136
3689.2793128512
7548.7080161144
3814.8004988692
7877.7804671812
4018.6680757884
0
8202.3816688322
4262.8260033998
8789.03174116
8742.5013560426
8867.45052918
4491.8424951987
9299.2192962091
4572.7242369364
9335.1115930171
49896.418854454
79676.903464813
38336.457083102
6312.4009748289
6329.9499026337
3258.9802478378
9778.7372705607
6429.3846264062
6666.0235437682
6815.8596190673
0
6983.6617783051
7099.7823290286
3579.6218728414
7281.6040754542
7393.7443287347
3728.8126268057
3786.5056970811
7732.8110317842
0
7907.8574037379
11360.214437735
10802.561947436
10325.419541942
9928.8291444694
9678.5433772931
9534.1102571832
9510.9591985058
6364.221844381
9666.6017384954
6570.1378306193
10125.690923573
6987.4733600399
7203.714386396
7429.9165729696
7671.1178314452
7922.8339252893
8189.8160954905
8472.8268951066
8742.5737307503
8928.1527599679
13781.207280659
9359.6657894378
9403.8484149424
14283.732931903
14446.346694936
18174.930040379
14060.691483991
18620.780412988
18108.628164007
29796.324419106
34716.002349909
24098.504210323
6563.5639648342
9771.4270630558
9705.9228181412
6510.9750567354
13249.156590688
6673.9753066499
6792.2063410598
6940.0530587921
3530.5780938812
7209.6061991884
3679.6059682184
7510.9339933492
3837.5197978994
7851.4496987966
4022.6002861326
4068.0231908098
4154.2497105044
8599.9390069871
4332.0186569103
4388.8265745653
4504.5867799629
9094.663408511
9110.6420619042
4654.1996576576
9355.023495707
14145.248624618
9456.7655108229
40899.966624725
75858.139594156
54279.964602345
6471.4049536382
13248.519356823
3319.8389744812
10154.465737777
6809.949850406
3475.0024557455
3547.1070761769
7095.8506817418
3658.1397334852
3675.0346331133
3714.9294165123
3778.6636038732
3830.4819496483
3893.108844686
3959.9984133682
3997.3443591888
4084.5433885527
12474.357557248
11837.118775127
7555.3839994006
10891.201563522
10468.306638654
10181.305115723
9996.8944384878
6643.7487323986
10107.837857
10156.231571826
6926.0319486687
6958.1118981867
7287.46879685
7501.4887791235
7762.1659386877
8039.6758445661
8321.9811216807
8599.4803018879
8876.0107134982
9164.2516405946
9414.9105477094
9609.3996217286
9793.9261769554
14927.09050469
10030.476736989
15100.152224555
15118.476060415
14987.015195376
9804.6222840342
23755.70789643
26978.715178693
32083.201947127
22698.029551532
13880.220621187
10187.333847905
10767.299609713
14165.071983131
6941.6930577453
3491.2981169739
7120.6816310365
7236.4433094267
3690.0622066902
11369.861728641
3854.794527032
7874.5079992127
4025.8610241111
4089.234427422
8385.6786676441
4288.2396262537
4364.1957119018
8933.649962639
4569.8789625046
4628.7857227196
9380.0396152513
9503.5347105429
4833.6307145746
9739.4754455554
14777.188333859
19272.190050055
17352.540019017
18271.745399832
68752.043561472
66448.994401367
15334.699715864
10329.016124199
3464.579200769
7011.6621732526
7104.2478910333
7487.3116170363
3647.5607870135
3692.6002078742
3738.6173031123
7642.70299754
3897.1715175763
3953.296200062
8268.9435269305
4076.3656459225
4140.5330415962
4209.3177242807
4281.2326944805
8722.5041465246
12511.815096094
11865.90250744
11353.809875825
7345.3471023219
10738.031837234
10494.508747416
6940.2388401041
10445.097316057
7083.7320379461
7211.0751645238
11123.557791361
7699.1813817544
7985.0080538495
4100.1444579329
8433.7797352098
8713.7880214683
9015.1697635135
9294.9739213934
9579.164704039
9836.6726719121
10057.872427207
10265.824126221
10425.307088052
10481.211779018
15908.257225724
10608.414387503
15753.052999461
20623.195220097
19908.850289105
28214.683181203
21578.090766831
31081.432777918
18563.245280812
10708.8905169
7109.3927031276
10725.488260732
3590.6611106223
3660.1018227901
7435.2277238892
7627.3177203724
3874.2744238994
7907.8868235578
4038.6745483863
4091.3781849827
8364.6215159088
4284.4991635821
4325.9014574253
13234.792599914
4584.3130367353
4609.3450794746
4671.9384129465
9646.8503098902
9772.6573537392
9946.1814411042
5050.4152615011
10200.077552762
10325.749825408
10382.361385084
10391.003124383
23500.26534841
69865.43458201
74082.76324109
8653.9735835836
7302.5452030596
7745.8859698142
3679.0173301336
7474.114751488
7531.4220049722
3825.2383988357
3877.2363165616
3921.0247212436
8418.325672163
4029.2497232332
4093.3634556289
4159.7849322646
4226.8694431984
8414.5999609277
0
4449.3186995037
13822.871838457
8768.5936020312
12546.049636604
8032.2217602952
11616.376804153
11288.949799315
7447.7695050919
11117.053809936
7423.1670954147
7484.9053594466
7618.8885708694
7794.2361085625
8012.0673049403
8277.1125098817
8567.9646218517
8839.2818070095
9248.542598118
4758.0333915225
9834.2023353585
10143.879940274
10406.741183775
10628.363292949
10827.852460655
10975.832459054
11111.736775859
16688.695782649
11167.029615826
16632.76445465
16442.941124075
21308.540592694
30781.521933691
31996.939264595
24817.437286527
11480.602115683
11360.130458292
7547.9723700065
11329.873367627
7628.9288799749
3868.5810291253
7816.6017560328
3972.3289011866
8139.3211992717
4168.9003725058
9425.8392061283
8696.6122774886
4456.706132263
4517.3582781583
4593.6747635389
9414.7554380526
4829.9507965156
4923.454295683
5000.0245915626
10154.581204096
5149.8290368068
5218.0513594488
10652.667577448
10791.456719687
15829.080752154
17751.549273717
5481.0026918627
14612.534516628
68811.305962734
91741.806365985
14757.222450901
7607.326947282
0
3870.9938380649
0
7941.7566433842
4021.1764360185
4077.9254437219
4143.3706249829
4185.6621484041
4252.1896603795
4317.7669016727
4390.6849649182
4449.1591422423
4521.7846960527
4618.1834176628
4682.8888340026
9789.344914669
14012.687448645
8923.2258850517
12848.271926567
4149.4590329939
16775.905331916
7889.6183688414
7841.6051523041
11772.876714915
7340.664946773
8154.9832592327
8376.5643228538
8647.3675907871
4174.0083138139
9114.0329064195
9446.5458868693
9846.4603497665
5064.3172503814
10401.196702306
10721.563698648
5486.2891926199
11181.785727555
11454.334122042
11632.87981407
11770.967417602
11765.198368059
17642.599871655
11759.441327958
23091.858209168
16810.890940452
21250.005107702
34057.673141321
21505.162513426
12469.680994129
8016.9514892289
8004.6484725174
12031.127181541
4059.1835114332
8146.3245245883
8297.7783437037
0
4286.4245771124
4348.842463739
4491.1168191662
4561.3370039465
4635.5257292217
9519.0672031911
4878.0501050726
4973.1414912721
5059.1224792225
5161.8348727833
5220.0571808012
10681.182600656
5448.3389735016
5477.5991724979
11165.405105735
5662.3802600404
11435.171495716
11539.974576931
15011.093821832
24694.140643673
39625.306748644
66381.201036495
24219.998977678
12245.724753141
12153.863531977
7988.5602913478
0
4173.917611683
4212.2829156217
0
4347.3016615187
0
4476.7779778925
0
0
4693.1703682833
4788.0061949884
4855.1032602366
4949.2674231714
37085.045117265
0
0
0
42276.330511145
0
0
0
0
0
0
122850.3527883
0
77933.982515681
0
54866.38691751
100685.29907151
0
152939.79195782
0
0
0
0
0
0
0
0
53501.868937909
0
0
0
0
0
0
0
0
0
0
0
0
0
0
0
0
0
0
0
0
0
247802.22838785
121774.21511044
126508.46154462
0
154768.37606488
140559.00186584
170701.00603725
0
197496.99431229
218899.94474928
206172.1586082
0
0
240503.86408039
279127.50428805
270980.45549893
305236.51305035
243348.77045132
281779.96448875
0
330891.78976292
332742.24868229
0
0
0
443192.32909789
0
0
1404667.7505631
0
0
0
14316.585700132
0
14722.304354194
0
0
16095.613219662
0
16813.522715924
0
0
32142.23273429
33243.056953269
81490.882732011
93635.896455175
67594.965168061
73200.439360695
78896.765929181
39665.915788547
0
39124.88218011
35412.818601309
0
0
0
0
21588.94894653
0
0
0
0
0
0
0
0
0
0
0
0
28807.152360204
0
0
0
0
0
0
0
0
0
0
182790.22609253
53400.692090956
133141.35057773
149459.14758279
104056.97793457
327275.66598657
172757.41848048
164390.46969776
355746.33198121
472008.5821907
424511.65061413
246773.12593107
192516.67646514
223821.31593369
189704.49511997
113430.84488572
339957.55564656
226834.37803521
327552.89695815
197583.86732109
0
120689.84281605
0
0
0
0
283909.35049847
0
261948.89564147
0
9303.4256593333
0
0
0
0
0
10824.696964434
11060.116171976
8238.7282257483
11682.926223114
37764.616966773
18164.951435318
63486.39503558
32209.520526372
23801.684991349
20873.050890113
74748.091759419
62680.058387932
0
10573.864846397
0
0
0
0
0
18294.044356537
0
0
14287.997737756
0
0
0
15950.9951051
16898.840669674
0
17620.641380189
20298.338630313
0
0
0
0
26465.933853251
21331.196576713
0
0
30936.273569469
0
56203.327704051
56829.881312231
30422.932105908
123812.2973842
121254.09524901
72575.102102152
115584.35046019
216224.46873131
360111.80762996
217161.1392759
280612.94573798
270365.37855903
152971.65315726
611483.14109222
202894.99977502
265630.06759568
68376.525771164
320214.36609647
537601.29079326
169530.77129813
95238.496922303
81325.011110758
84593.444492463
87681.885101329
208364.35536479
0
170378.14981129
368719.38711869
0
250183.73188657
0
0
0
7376.1057587996
0
7752.3173191043
5723.8827800662
14068.154984013
8405.4141444663
0
8890.3419112841
9100.0984773504
9371.0901838959
9632.8238743802
31605.95921203
47483.006953218
22431.375151885
18653.73091375
17997.503449277
9846.3663751588
9700.9442617259
0
11065.818624833
0
0
9773.8382188939
0
10085.67411571
0
10618.676812835
10824.479253833
0
11212.907229884
12307.372041354
0
0
0
0
0
0
0
15991.070480698
0
16722.658972832
13459.805696678
0
0
19550.513697627
17067.498373881
71517.540849598
80334.575407033
80447.892067848
67642.208263664
48010.672656096
74494.764824328
81092.889730326
53424.07108065
169318.17330405
29409.209447416
198169.4562935
182733.94463092
195400.92566463
108848.0114733
181433.65191283
262150.5253939
145426.27308555
108603.45968762
87735.103775427
125412.89859131
138190.26357232
0
234065.79385154
0
0
398183.83844785
255068.71333596
346299.49128893
0
0
428239.2010989
139439.28396971
0
0
6432.4035123185
0
6744.310505342
6975.8416353619
0
7297.5350700172
15284.822604216
7744.6826507462
15073.889941337
8119.0689698455
5331.108410958
5770.6030627275
29249.898241409
12757.455980997
24923.035507914
44694.228359218
16152.879908633
34061.591210519
65412.42813852
7730.0171075843
0
7855.362556415
8003.5232334329
0
0
8761.1094840347
0
9139.5356801198
0
0
0
0
22729.222927536
0
0
0
0
0
0
0
0
0
0
14073.585156968
62921.067234467
38083.714447638
33122.223024849
67646.72331654
92900.902213983
88741.827887347
105490.18152979
95650.182445936
147202.9562866
70251.624091446
131583.23745832
192914.31281997
160168.48647766
129700.69810449
315683.86440471
133602.19319986
167459.36904467
216642.73418581
169958.96346991
414369.0704739
52961.819076119
90340.983144648
0
203220.24743814
125103.30666
73811.023779982
55614.970997948
0
0
93008.67404731
0
0
0
0
0
0
5833.0936005293
6026.1762669926
0
6299.9797854988
6482.240766002
6664.1482443979
6855.9073642129
7037.8049036699
17562.448033237
0
17762.900474726
19228.288282175
60602.652916017
19249.647195258
27454.669038037
28986.69830999
62511.369169085
40032.10138008
66927.600792908
0
6737.8696510365
6972.3836084777
7149.1659950646
0
7746.4399805322
7851.8204136897
0
0
0
0
0
0
0
0
10430.253811409
0
11828.477833978
0
12382.8543407
14152.93760685
13392.097397118
13736.420198613
15462.7831512
32366.664808499
16209.747058116
90056.429791533
119376.07573591
130733.42027933
100313.86252125
122015.34337888
49823.609779268
36392.012707106
41321.393196775
64267.557105812
88429.545345178
157388.02237578
135579.05979291
140164.19143011
166731.84391761
28762.638154859
250073.61212307
138048.24445338
0
162261.19917497
219456.39987637
195429.18298079
184446.59509868
0
54190.863929735
0
0
80309.839065429
0
91929.769666938
0
0
0
0
0
0
5475.6158285086
5657.8307477641
5816.567973338
5997.5505566347
5870.7876673326
6287.7317482781
6447.4491734617
4497.6066518534
0
6940.8086157666
10473.309546118
65755.673732128
35106.223923341
20630.342000459
40836.007822204
19086.532003337
51173.10539658
68369.444124029
38628.260717099
23608.071130022
6319.0045782039
6533.4440031087
0
0
0
0
0
8103.2358612989
0
8363.6554371784
8659.4978218292
8785.2104050743
0
9685.7820960297
0
10404.340825734
0
11165.301460568
12468.122713538
11888.267201082
0
13643.991411517
0
29687.110996003
64470.572254919
27753.774015873
47703.854083679
28211.14594231
14296.935698599
62969.420065922
106760.13646339
69094.541737497
74612.477634518
56413.596533257
143926.54757863
135575.17242239
67035.970374606
212442.88489603
81979.19106317
94889.647873129
161497.87355171
199606.5152264
116894.15069899
204387.11438039
0
169751.47668146
121878.98485382
0
169528.59154937
58696.547314028
67487.75016272
0
0
0
63178.665501374
0
93360.118028273
0
0
0
5329.5456875641
5471.3254224844
5608.6741466465
0
5891.5372329327
6045.7783768465
0
10496.922217212
0
11127.949008918
13765.30106088
27556.10078644
38614.110476246
18310.91124345
49679.037693549
39185.260165805
36623.977224238
34586.705871907
54350.82022482
24249.304567301
0
8576.0597759857
0
6620.3055885194
6949.2092770201
7086.5316995915
0
7696.3013078285
7752.0716395945
0
17920.057725055
0
0
0
10393.273385998
0
11356.910157668
0
22630.700467584
23282.264061653
0
24886.345941729
13390.193888622
66862.451941277
61589.435731808
15077.582791285
38773.09789047
40959.30488712
45302.745250437
45555.792260762
32370.862698115
70544.034031134
112963.07963918
60933.640954085
39113.958425521
65543.452376089
185488.01723192
98176.585424751
145310.56634585
78427.651683906
205581.97111613
117804.43405114
191377.3250155
112561.10582085
161186.71918778
164862.57216401
132653.83396238
199360.88626851
117892.74020382
104175.50636712
152690.35821986
63234.398832113
0
94269.033179105
87422.734434201
0
0
0
0
0
5169.2820983296
5340.3709477878
5513.4746777172
5608.8819472776
5709.3709534951
0
6099.6305814525
12791.99111805
6412.5111496828
21456.23821282
16267.567086514
21619.094570449
42120.985496671
40185.24493965
43749.712593344
38264.388316906
12724.210907559
22390.86660699
29079.947069719
7906.7366162877
14826.096363291
0
6438.9737453877
6507.1973518556
6829.4035551179
0
7198.3309422508
7280.4752686334
0
0
0
0
8594.3334984912
10012.284196593
19409.922078112
9646.9440537918
10972.98954735
10101.719586201
11775.725459503
22598.663363171
8726.4484010574
12924.092493619
13110.093210444
13487.590735793
0
26146.32811326
0
12307.290268077
13637.796084546
61920.462206976
77471.000850779
103600.64511436
82246.952450874
111266.77244632
148457.65994778
67094.19477651
71600.237057116
142023.80106874
47951.661530296
110533.47284527
30794.301564426
163844.81329954
62543.98790266
104977.5372295
191654.69050337
125167.98159084
133408.84249756
41224.553148909
196060.09873576
154133.35523809
138398.08678901
64906.741615322
65168.166773219
55624.820971905
116201.13498051
112153.89797179
0
0
0
127483.21504032
5128.6241145415
0
5401.280821676
0
11362.687680847
5873.8767080519
0
12328.287286452
6288.6658011622
6403.8426227159
24882.895060822
4928.879367035
50146.082263937
23380.275963372
25225.737546116
6096.3380441579
33080.225870486
48856.477885936
103087.35495286
19494.303935712
7512.6051860948
6234.7110681179
6351.1657307601
6565.3310069747
0
10807.485755658
0
7988.0089664025
7529.8845868411
8643.8219605777
0
26548.139738136
9273.068919302
8795.8187560476
9913.5585738957
10210.537429925
10836.164727729
0
11262.679434264
0
0
11505.681428957
0
0
38356.235942748
37249.31384986
39892.276801957
24988.006333219
41820.19371835
27839.874990879
63234.560262912
12453.689836474
45801.381012524
24386.094217146
20650.475446297
124992.49437623
39630.396327548
130334.936716
26362.738987745
102572.71762402
128300.24814891
84192.457624064
210867.25289543
66247.481233877
0
71083.521254372
100060.50749678
67974.470852472
0
0
121333.75688161
112231.56923721
0
0
0
0
0
84531.681779601
0
0
5201.2316425487
0
5475.7611402486
5631.4739615695
0
0
12104.657737453
19529.065830353
10711.492284424
6532.8425377157
18037.628906497
23486.038460882
10620.86079388
5546.7065699267
45409.37563862
57966.275375451
27023.410980134
55066.839630915
73646.979832394
30067.157277914
6096.868037988
6443.3649114925
6332.3908003166
7043.1823451337
7255.8465973483
7141.3867645228
14806.88944235
7533.7736179053
8176.2945943172
16379.014298215
8394.3831628091
0
0
28239.866354311
0
10595.923523694
0
0
22155.934608757
0
8805.3462300478
35355.123307752
0
0
0
0
14082.957501285
0
41779.218202759
63944.13512184
58033.273756589
43132.295809766
124278.03832315
69971.847384198
52981.041718917
59295.789558969
27981.015090632
48137.351535622
53051.706728252
28837.340970117
145865.38816849
31033.795809618
0
176712.34237447
0
45761.688366337
143738.04945275
92886.437103658
96867.657023839
67621.682124206
168176.30345174
0
81104.984394679
0
97312.220192226
0
0
0
89134.31640664
0
5266.2599348137
5412.5544215873
5604.062974903
0
5844.2180439074
5999.5073893076
6175.4142545236
0
6479.1194806951
17951.453943072
16208.169492612
14371.379533132
7133.3619489565
29270.041817737
22904.082138082
61002.948803428
66523.064546368
30298.435253266
31398.994200644
30622.249976398
6160.6377913435
6347.2478931879
6851.662048273
21081.651252559
0
15203.065151349
7550.7556356042
0
0
17478.314376289
17558.05578406
0
18005.737580459
0
9958.028587782
29550.714848149
0
21917.272933064
0
0
0
11835.065497084
26377.786911144
22190.62466097
13647.439358387
28432.233961249
15575.62373332
93251.770817504
39672.219878613
46828.383388133
43518.928195235
37945.12625278
14545.898425129
73577.59117564
74317.430266091
111663.00245159
106120.62350647
73574.56032612
55991.798420773
32611.051045396
84792.055089186
32291.853527675
126484.06622149
0
34401.419817883
150610.92879477
228878.89608797
141556.18648733
256322.45546635
254625.7970374
64454.750926997
0
0
187350.21103175
107673.13465775
0
0
0
0
0
0
5539.05899981
0
5886.7572296513
6024.5253712384
6185.4349067662
6310.192697829
6510.3195312159
6675.5445346186
0
6890.4092207335
17373.700354627
34038.855367967
42158.788068916
32922.891785459
59474.000198444
15149.672858524
21862.477255667
47381.437949224
15939.170589491
44098.43053026
15558.53535733
16723.128420464
0
30120.334157771
0
8350.6881715676
24224.674074442
8546.0618223022
16760.133091161
0
18092.125139455
9836.4879565069
0
9862.1873677422
0
21202.875237736
11474.032323245
22850.3042631
0
24886.926870097
0
14372.353121766
0
17699.703683005
16929.895752353
0
33804.192806672
24901.56509674
24687.180346949
71617.420851645
29472.975300372
13338.134908699
48714.027599438
58914.131011977
85130.469820188
73658.223097023
95895.268210618
45028.691216989
76453.972062141
57166.956012014
33313.74565167
66524.263228912
116079.69772498
0
171814.52232553
0
166507.79392692
196947.36461081
97369.932636018
129226.58028258
110024.85765792
242734.64582438
57690.850111807
0
76772.376387126
0
0
0
0
0
5685.5481633248
0
6031.932854989
6110.5899318999
0
17465.152453931
0
15258.433618323
7040.1052711931
25825.903267581
30091.392817641
19904.439748194
47488.998698231
36837.437942596
34482.326955283
52159.395554228
91703.345952387
81651.388474418
23444.497333526
12452.181386253
20691.277485033
0
7317.5080679255
7552.6829523146
7777.9228023573
15923.905410869
0
8494.350942809
17875.59490708
0
0
0
20207.135139025
20609.976712672
0
0
11336.013065586
13677.324281718
0
12803.735146319
12551.695402888
0
29435.813853498
0
11259.270358011
50560.265751235
0
34801.785582944
0
17764.646337992
106224.07242701
40322.859123664
0
93228.137091169
39682.771464689
47076.713213802
19507.410025965
73259.154104907
27042.839846115
125907.61965527
93090.306349238
112492.48088838
134852.76285134
0
212236.43759149
77235.257929038
82395.000977907
107365.02026801
299820.97123245
192830.50875202
0
0
0
0
0
304402.22105804
0
0
0
5685.6097469495
5839.5134197484
6017.1922520201
6196.9982179367
6284.9970666577
6445.5802018673
6685.3091452156
0
0
14472.448903341
7397.691053755
7557.1678238694
40039.999395007
41097.201323556
56455.412595176
75599.965741108
97832.667801257
130411.81935922
75444.130230186
50522.672775891
10386.447818506
23233.099325097
7346.4049575596
25599.74750877
36429.111816253
7934.5941268781
0
8820.2433248362
8884.2889199926
0
0
19794.991302278
9817.7837615886
11193.555235722
10490.843531314
0
11352.652395495
0
0
11671.346275371
0
29013.74338627
0
14596.715277172
15083.353484065
15368.53456493
17033.160917497
11815.976294236
0
0
18891.765470169
35424.696926486
60483.558274035
142349.07072866
100517.46950827
87480.3701265
39424.173549753
42925.338525898
92963.767469103
33639.683933733
30233.099879978
36920.503325844
58883.680233003
182538.60672923
206805.83898025
207778.34587728
94644.354762487
89410.980214907
126455.22437458
78429.256419437
196303.59744142
57338.578315305
0
0
0
0
0
0
0
0
5895.3773312893
6106.9239579411
6106.0953660341
0
0
0
14187.3100235
0
7311.0401439251
7514.4645222383
12783.932563757
29381.751158207
70094.986007158
92234.242246884
47431.555012047
112948.7734464
69189.267320076
26820.382223958
50150.60431937
79283.658495345
17425.161403164
7106.5183578966
7539.298680415
11649.501607189
16288.140156526
8179.6367405372
16668.431293409
0
0
9388.115895389
10271.697175649
0
0
0
11070.662256148
11346.777611678
0
0
12790.223997338
0
0
0
30563.702957123
0
17585.652822534
0
11577.165700733
0
48771.370263737
51337.801939346
15882.229807814
33632.691301941
0
0
22552.60880353
45413.217677852
50206.829872707
181659.60556259
55052.881436222
38948.039317555
59721.372672654
100465.81807971
34754.109045276
81500.889989692
0
227728.92967527
171793.93072597
254406.92927738
150133.27387527
156969.29205214
234365.39353271
97830.774749139
250564.55326692
0
0
0
236493.91918027
0
0
0
6188.771274461
0
6519.0359641343
0
6823.0499136361
7057.7403091303
0
7395.5840945338
7497.7621489886
0
26544.830491986
8273.7043754415
62405.895563345
98684.813820377
108267.7338133
76715.188060068
131437.30851594
73445.987963883
139483.88342714
71292.502516092
33179.202553131
7551.8393675195
7647.8642182204
0
16498.057859466
8291.0526029357
17887.932251093
18823.370798666
0
0
19771.623514038
10563.985078731
10474.899504501
11533.195266996
0
0
0
13412.429865644
14576.560151176
0
13952.446215315
0
0
0
0
17681.733435836
0
41340.478867317
0
16084.535264286
0
22508.890446881
40140.885637359
38683.287652369
20465.092214477
72471.155322454
52527.540616111
56353.456268253
84758.878789483
122818.64728528
121296.70668051
81662.772873146
147136.69495722
0
86851.676509997
41626.202770871
39018.718141827
167046.64633898
48654.801524684
125733.09936965
0
133091.65367576
66918.245371741
0
137579.90032741
0
0
0
0
0
6491.850865556
0
13588.903739392
0
0
7360.9742627139
7623.3662233834
7836.0202648818
16057.657951235
16309.289333944
14223.66009788
35674.145035277
49369.288523865
115224.91825672
53124.033231879
60024.511520236
109644.23203326
75454.613971444
102303.71073866
20228.004443033
10137.724924752
37295.684817827
27448.785679749
8154.2805639372
8668.1511183073
7979.4050055947
9004.6326596476
9103.048026461
9493.9978549226
10196.488938872
0
0
0
22610.085614271
34405.708399081
12150.930505555
0
0
40200.394345518
0
30095.073506816
0
0
0
0
0
0
0
0
69626.208644454
23189.562772586
0
41601.543923222
103883.00551753
141976.94977517
151039.4286669
32118.627252853
131367.30563728
83225.335975647
90328.915649206
33734.990859731
35569.222198015
77484.48028094
74203.156566289
40765.406137029
304830.55977016
43543.084988984
0
360615.03382349
93862.002371387
136668.58369132
154163.9998395
0
0
73170.389650358
0
0
0
0
105965.02793083
0
6941.5650148434
0
7361.6816536997
22328.234099197
7808.9857972133
7923.1904075081
16510.80440744
8554.2129129577
0
32689.9327522
24324.527379399
9052.4428520454
36321.556656872
69783.797622625
85534.757001427
102076.07535672
87042.997541139
76157.54160456
108731.92930064
37784.124459356
11983.757104901
19568.462418787
8782.0660311809
8826.7043663601
9115.495197769
9284.0650450777
9593.659611654
0
0
0
22841.751243053
0
0
13215.625340003
12719.937118584
12353.274874149
0
16075.649479949
0
0
0
16550.824840915
36525.305529218
0
0
21866.994966013
20414.428188019
20004.471129527
22130.349539279
0
25330.730863357
49390.609589015
20831.79488704
0
56768.494405196
25889.267259223
27749.78886661
177052.31590433
108740.79554708
33061.968331139
74080.124070769
0
80604.215780844
84487.850063484
30861.676783014
0
38863.578442995
64878.754437314
0
171115.57745694
81861.888973257
67262.071838398
0
0
0
0
0
0
0
0
14794.080512271
15641.553209981
7668.1629740688
7891.3487666632
8143.5923142145
16743.091496348
0
17530.497611124
17953.613775919
15273.587861647
18355.021088022
30181.639150922
69062.652771902
84606.036074435
56716.134707103
40624.172122728
95860.777493668
100296.6097601
95691.652172671
22265.022440913
54933.739751421
40999.277991066
17263.930516137
34633.61124711
9578.7749311271
0
18967.010186517
10390.322476112
10748.876054835
11352.235499108
11695.670896539
0
12381.155579765
0
0
12174.585788112
14506.643268094
0
15896.726839446
15679.818493584
0
17611.630457806
0
0
20275.621378972
0
0
0
0
49440.75452081
0
0
28999.971247089
46861.488311567
0
86152.881464101
88052.967657737
0
0
64633.033453199
67947.830320017
0
39377.861139186
38855.875385216
98613.16543219
197600.17428147
121909.91781267
224087.71474108
63149.075684535
0
80217.211959944
0
0
0
87807.546461575
0
0
0
0
0
1492653.3696396
0
0
0
0
0
0
0
0
0
0
0
0
0
0
0
0
0
5660802.4051178
0
0
0
0
0
0
590459.62060443
0
917880.5783578
0
0
540759.11364292
0
0
0
0
0
0
0
0
401809.69662371
312291.83628477
0
0
875931.10548188
0
0
0
0
0
0
0
390824.32713156
0
657984.16970772
1049441.1325915
0
687802.00131877
0
0
0
0
322163.79469668
0
0
0
464380.79871188
0
0
0
0
0
0
0
0
0
0
0
0
0
0
0
0
0
0
0
0
0
0
0
0
0
0
0
0
0
0
0
386236.35692161
0
0
0
517718.67344306
0
0
0
0
0
368438.07144875
0
0
0
0
0
0
0
252212.10117154
0
0
0
0
0
0
254535.93688194
0
327475.40728312
0
0
243177.37190624
0
0
0
0
0
618274.8397064
0
0
0
317655.98457763
0
0
0
0
0
0
346346.79124007
0
0
489381.19740956
0
0
0
0
389606.7641615
0
0
0
0
0
0
0
0
0
0
0
0
0
244328.36730823
0
0
328838.37412211
0
0
0
216613.84717544
0
0
0
0
359580.42534232
0
0
261453.46480507
0
0
0
0
0
0
0
0
0
0
0
0
0
0
0
0
0
0
364335.70503317
352789.04993967
161239.97231566
351842.05616528
294969.4432858
0
0
0
0
0
0
0
0
425150.05636736
0
0
0
0
0
0
0
0
0
0
0
0
0
0
0
0
0
0
0
0
0
0
0
0
0
174781.47626951
163250.69333336
0
0
0
0
0
0
0
0
0
0
0
0
0
0
0
0
0
0
0
0
223024.84357891
0
0
187521.61093683
0
0
0
0
274397.46348815
0
0
0
0
0
0
0
0
0
0
0
0
0
0
0
0
0
0
0
0
0
0
0
0
0
0
0
0
0
0
0
0
0
0
0
0
0
0
0
0
0
0
0
0
0
0
0
0
0
0
0
0
0
0
0
0
0
0
0
0
0
0
0
0
0
0
0
0
0
0
0
0
0
0
0
0
0
0
0
0
0
0
0
0
0
0
0
0
0
0
0
0
0
0
0
0
0
0
0
0
0
0
0
0
0
0
0
0
0
214536.32667341
0
0
0
0
0
0
0
0
0
0
0
0
0
0
0
0
0
0
0
0
990799.53972893
0
994839.37455088
0
1033531.3524224
0
0
1588027.1092992
0
1297885.6293882
2432186.1108099
7385939.0538534
0
4664356.4237676
1552200.6525002
0
1456297.3612482
3026883.296685
0
0
0
2128960.780251
2078832.9494837
1960196.2940133
0
0
0
0
0
0
0
0
0
0
4532625.1892641
0
0
0
0
0
1961552.5557381
0
0
0
0
0
0
0
0
0
0
0
0
0
0
0
0
0
0
0
0
0
0
0
0
0
0
0
0
0
2136575.480656
0
0
0
0
0
0
0
0
0
0
0
0
0
0
0
0
0
0
6748336.7101045
0
2414215.8883539
0
0
0
4078531.9791023
0
0
0
0
0
0
0
3252632.8440007
0
0
0
0
0
0
3302801.5396615
0
0
1284107.9650226
0
0
0
3054041.9497034
0
0
0
0
0
0
0
0
0
0
0
3844120.1671242
3373453.0357311
0
0
0
0
0
0
0
0
0
3574918.255426
0
0
0
0
0
0
0
0
1205496.320409
0
0
0
0
0
0
0
1630541.7762314
0
0
0
0
0
0
0
0
3701738.7561724
0
0
0
0
0
0
0
0
0
0
1163300.3265746
0
1144449.8965903
0
0
0
0
0
0
0
1299404.5397284
0
0
1790601.2778634
0
0
0
1184986.3844077
2513414.3747297
1226656.9359894
0
0
0
0
454705.06498412
0
847431.05864827
477345.99952746
813943.19872278
486628.46360496
0
298110.47794288
311128.2854417
1401927.6433143
0
0
0
0
0
0
0
0
0
0
0
0
0
0
0
847717.62923911
647448.94350315
0
0
0
0
0
0
1505928.1897803
0
0
0
0
0
0
0
789627.07844998
1756285.3128817
0
0
0
930879.02807199
1984873.3417851
0
853385.91864218
0
0
0
0
0
0
0
2278481.3672692
0
711984.62897046
0
932648.71266307
0
1805321.7866123
0
0
0
0
1226141.3688147
0
843739.32421133
992787.16398587
735524.99102794
2236832.5561212
1603915.2666472
897106.13970109
1086588.6703358
0
0
0
0
0
2995616.8677507
650029.0760318
1765580.8752304
1068593.755387
484826.50278528
0
1139708.1009627
0
0
0
0
941739.58890331
0
0
0
0
0
0
0
0
1072195.3036866
747272.88929368
0
0
0
0
501148.61646802
516782.16573008
1471334.7123786
0
1147128.2077358
1115486.6858562
0
0
0
0
0
0
0
488155.85958958
1427466.8615165
0
0
0
695990.30302762
2008643.9614166
0
1064433.5257606
0
600485.69232274
1329116.9608883
1382467.0307994
642316.09925898
0
1393873.1939434
0
0
432186.79806637
0
0
0
0
432869.607212
0
428905.76179869
0
0
1038345.4111948
0
0
579815.25947642
0
501865.20206612
0
0
0
0
744578.25098117
0
992099.60700489
0
0
0
0
0
0
396117.56614233
0
0
1197191.4402194
522184.9363992
390432.35376155
510767.89188531
605469.62599576
510524.89769693
0
432599.62272406
0
881969.26920332
423999.77698834
0
582645.32747704
555686.42314651
1180692.5469446
0
510500.79713992
546040.64069417
403065.48507686
1102311.5376816
985991.96862003
953561.30696236
637937.04969941
458451.29759299
895334.83539588
0
436572.88562123
0
530172.22687503
367750.37959666
0
0
266803.80845122
178533.59763752
0
0
0
826364.95546742
0
792278.54782359
269318.17378288
0
592042.35304272
0
0
0
807390.74951233
783645.64917175
0
884745.65897077
0
0
0
0
518082.19589472
0
739471.96444448
459474.69841987
583722.49441997
279095.50290625
0
0
0
467214.86772159
0
0
0
565021.53448617
1345561.664216
0
1242221.7855368
0
0
653084.00242632
0
0
479630.47388046
694145.88325362
503283.35837501
1984844.6311342
0
413711.93086455
1387663.5962907
1973944.3533221
572259.80333112
539566.71586946
0
0
521848.62001979
331674.34045709
0
1671086.4464711
0
0
498086.99533736
825140.46626057
0
489771.93562081
540472.51740267
0
0
546167.31482831
0
1236854.3330974
545322.85389277
574296.6828887
0
1252649.7411005
266737.72185745
0
0
605812.26138122
0
0
0
465717.42759344
409081.63661806
0
0
0
411468.34943808
585189.81193647
0
0
0
341016.09953191
0
0
0
0
0
0
609356.4884414
0
0
0
0
278308.26203801
0
0
0
0
0
0
0
655777.2298528
381916.33988426
0
0
0
0
0
0
0
0
0
366164.06400915
0
0
0
284785.19406234
0
0
393278.07140413
0
0
0
628109.47372714
369307.82431568
1073340.008535
803792.29185871
0
0
297012.8768176
0
0
0
381407.43059773
0
352767.153425
0
554265.55556427
0
0
366696.31664678
1079361.5764189
0
334974.45555418
0
356431.98477813
642346.54639915
306739.2867398
387638.94294133
263929.98568695
0
264766.58814092
357271.79129223
742383.98509895
0
583937.28694442
1015195.7781082
0
207254.90298331
957176.24022504
917057.75013893
330424.08922418
0
0
0
622122.8406297
325119.77503354
263436.59764454
237767.37825646
0
444012.59456634
264176.68889571
754965.04524542
541446.26840005
0
0
0
418542.08879992
0
0
668553.81910953
860467.89542723
0
0
233352.23671504
297012.88499206
399011.66854453
0
0
343659.31748418
0
0
0
0
165280.5398877
0
0
0
0
250834.46416634
0
0
0
0
0
0
0
0
0
0
631066.32165251
1085649.5581642
0
398348.83741432
0
0
342907.3230886
198246.83191502
0
0
870952.34303405
1256384.3747829
838772.62825879
380177.00016461
427390.97482475
0
0
0
978918.02187162
1041682.7100268
0
707215.66329025
922618.9160734
469363.16067688
0
342478.27967493
0
417394.96009389
863862.40125425
0
438838.6658737
615434.6495741
582330.30825432
354230.13459923
355905.19594034
421738.03028592
0
0
0
0
441087.46073847
0
0
565926.21699669
0
503786.03199743
0
868132.91366904
433369.06453388
433189.96114107
0
0
0
0
220676.57576389
0
219086.89048578
0
0
0
455851.52091542
0
0
0
0
0
0
0
0
250916.26211303
0
475682.7272099
502993.77739291
0
619676.52595912
0
0
0
279135.08288867
0
0
312405.67802934
0
0
594679.94979335
0
0
0
0
184680.79139416
254956.12298942
266073.54227707
0
0
0
346614.72024892
259056.39819871
254658.22744526
332310.27217745
0
0
292892.93909758
0
0
439005.21445691
0
180288.74920668
482302.65606959
490994.71229045
0
0
0
0
0
0
0
0
0
266803.62897772
0
0
0
0
498558.64781205
0
0
0
0
0
0
0
0
0
231744.67457152
0
0
0
0
310702.12228995
0
335435.52061434
0
0
0
0
0
0
231021.29003839
217811.92341638
451919.98260517
0
0
0
0
0
0
0
0
0
0
208493.21878033
0
0
136065.30664887
0
288820.00056515
0
0
218674.23710297
134704.61101595
0
0
0
212305.07208873
217920.53183185
0
0
168550.36828115
260800.58832337
149316.51103413
0
0
0
0
0
0
0
0
0
0
0
0
339882.99457612
0
224160.94040858
0
0
0
1285547.5986118
744810.07435287
0
336798.68949203
0
0
663995.81448809
0
396503.17045501
404500.08871721
354364.94296632
0
405609.34361206
0
282737.88629574
0
308097.09437897
794968.50433695
386473.2129548
508922.66101299
0
0
322051.95621805
0
0
361497.7426359
0
0
634999.38045481
317972.5584102
726540.68269519
0
618544.86839639
0
0
284798.8429714
0
0
233188.84553524
638695.31258628
0
0
0
0
0
368663.7172525
0
195967.48486662
0
0
0
291687.89148651
0
419672.43307718
0
0
0
0
239725.0566555
190418.22792173
291764.13499727
0
0
0
0
0
0
0
0
0
0
0
0
0
0
0
0
0
171997.46726372
0
0
0
0
0
0
224492.18900503
0
0
267220.13936705
0
0
0
0
0
0
194092.83172397
0
0
0
0
0
0
0
0
0
183963.17384761
0
0
0
0
194863.01879851
0
0
0
0
0
0
0
193633.44094533
0
0
0
217066.71939586
0
0
0
0
0
0
0
0
0
188162.56452071
0
0
179245.75407729
0
0
0
0
0
172030.63383747
0
0
0
0
194082.93910315
0
0
0
0
0
0
122057.49178224
0
0
0
0
0
0
0
0
0
0
0
0
0
0
0
0
0
0
0
0
0
130923.60704752
156733.0189999
0
0
0
0
0
0
0
0
0
0
366303.61876882
162987.63286647
0
304892.90197119
281974.43703136
249132.65041919
232985.43618899
0
256136.59816829
301754.85308965
0
0
0
260191.42393866
0
0
0
0
262669.89355142
315908.63640243
0
0
334629.61033884
633224.40783479
270932.08690975
0
345509.61863217
0
0
270818.36713643
216973.67357908
0
509480.18574627
0
826821.85135164
567222.3159632
0
0
333333.14802039
234359.17285829
344408.28634984
694890.91333887
0
0
184780.21343847
0
0
0
259245.23752661
0
320663.19760277
0
0
0
0
0
0
0
0
0
0
0
0
0
0
0
0
0
0
0
0
0
0
0
0
0
0
0
0
170800.91434802
0
0
0
0
0
0
0
0
0
0
0
0
0
0
0
0
0
151967.98016511
0
0
0
0
0
0
0
0
0
0
0
0
0
0
190549.92763264
0
0
0
0
0
0
0
0
0
214933.78729279
0
0
0
0
0
0
0
0
0
0
0
0
0
0
0
0
0
0
0
0
0
0
0
0
0
0
0
0
0
0
0
0
0
0
0
0
0
0
0
0
0
0
0
0
0
0
0
0
0
0
0
0
0
0
0
0
0
0
0
0
0
0
0
0
0
0
153387.61696536
0
0
0
0
0
0
0
0
0
0
169135.79197759
0
0
0
0
230373.24843801
237137.3610182
0
240977.55407943
0
251988.32186456
317054.23420615
0
385023.84573293
0
265522.59188832
0
0
0
234745.67273517
0
255413.83092673
190727.61839466
267172.86750126
0
326380.32489108
270145.64088546
537602.9079361
0
0
0
0
841735.98987167
325980.90181196
0
496195.80741919
237422.32414721
0
0
0
0
0
0
0
0
0
270786.65177126
0
0
0
0
0
0
0
0
0
0
0
0
0
0
0
0
0
0
0
0
0
0
0
0
0
0
0
0
0
0
0
0
0
0
0
0
0
0
0
0
0
0
0
0
0
0
0
0
0
0
0
0
0
0
0
0
0
0
0
0
0
0
0
0
0
0
0
0
0
0
0
0
0
0
0
0
0
0
0
0
0
0
0
0
0
0
0
0
0
0
0
0
0
0
0
0
0
0
0
0
0
0
0
0
0
0
0
0
0
0
0
0
0
0
0
0
0
0
0
0
0
0
0
0
0
0
0
0
0
0
0
0
0
0
0
0
0
0
0
0
0
0
0
0
143015.45978908
0
0
0
0
0
0
0
0
260180.48434068
0
0
186909.35060321
693968.11774576
191080.74494586
0
436801.92719666
0
677042.64594373
0
0
243217.53601955
0
0
0
0
162982.20422023
0
0
0
0
0
215495.36916996
0
0
0
0
0
0
0
0
0
229502.49508337
0
0
0
0
0
0
0
0
0
0
0
0
0
0
0
0
0
0
0
0
0
0
0
0
0
0
0
0
0
0
0
0
0
0
0
0
0
0
0
0
0
0
0
0
0
0
0
0
0
0
0
0
0
0
0
0
0
0
0
0
0
0
0
0
0
0
0
0
0
156991.6980685
0
0
0
0
0
0
0
0
0
0
0
0
0
0
0
0
0
0
0
0
0
0
0
0
0
0
0
0
0
0
0
0
0
0
0
0
0
0
0
0
0
0
0
0
0
0
0
0
0
0
0
0
0
0
0
0
0
0
0
0
0
0
0
0
0
0
173354.32825623
0
0
0
0
0
0
0
0
0
0
0
0
0
0
0
0
0
0
0
0
0
0
0
0
0
0
0
214245.41954353
0
0
0
0
179277.39280635
0
138405.75512115
0
142033.20225137
380355.73300705
0
0
0
243097.81937962
198808.79906842
0
0
0
0
162121.92496621
0
0
0
0
0
0
0
0
0
0
0
0
0
0
0
0
0
0
0
0
0
0
0
0
0
0
0
0
0
0
0
0
0
0
0
0
0
0
0
0
0
0
0
0
0
0
0
0
0
0
0
0
0
0
0
0
0
0
0
0
0
0
0
0
0
0
0
0
0
0
0
0
0
0
0
0
0
0
0
0
0
0
0
0
0
0
0
0
0
0
0
0
0
0
0
0
0
0
0
0
0
0
0
0
0
0
0
0
0
0
0
0
0
0
0
0
0
0
0
0
0
0
0
0
0
0
0
0
0
0
0
0
0
0
0
0
0
0
0
0
0
0
0
0
0
0
0
0
0
0
0
0
0
0
0
0
0
0
0
0
0
0
0
0
0
0
0
0
0
0
0
0
0
0
0
0
0
159119.80103315
116408.90436509
0
119707.36591947
0
0
129297.15644393
0
0
0
0
0
0
0
0
0
0
0
0
0
0
0
0
0
0
0
0
0
0
0
0
0
0
0
0
0
0
0
0
0
0
0
0
0
0
0
0
0
0
0
0
0
0
0
0
0
0
0
0
0
0
0
0
0
0
0
0
0
0
0
0
0
0
0
0
0
0
0
0
0
0
0
0
0
0
0
0
0
0
0
0
0
0
0
0
0
0
0
0
0
0
0
0
0
0
0
0
0
0
0
0
0
0
0
0
0
0
0
0
0
0
0
0
0
0
0
0
0
0
0
0
0
0
0
0
0
0
0
0
0
0
0
0
0
0
0
0
0
0
0
0
0
0
0
0
0
0
0
0
0
0
0
0
0
0
0
0
0
0
0
0
0
0
0
0
0
0
0
0
0
0
0
0
0
0
0
0
0
0
0
0
0
0
0
0
0
0
0
0
135989.8649229
0
0
0
0
0
0
0
0
139464.52783166
0
0
0
0
161600.33507349
0
0
0
0
0
0
0
0
0
0
0
0
0
0
0
0
0
0
0
0
0
0
0
0
0
0
0
0
0
0
0
0
0
0
0
0
0
0
0
0
0
0
0
0
0
0
0
0
0
0
0
0
0
0
0
0
0
0
0
0
0
0
0
0
0
0
0
0
0
0
0
0
0
0
0
0
0
0
0
0
0
0
0
0
0
0
0
0
0
0
0
0
0
0
0
0
0
0
0
0
0
0
0
0
0
0
0
0
0
0
0
0
0
0
0
0
0
0
0
0
0
0
0
0
0
0
0
0
0
0
0
0
0
0
0
0
0
0
0
0
0
0
0
0
0
0
0
0
0
0
0
0
0
0
0
0
0
0
0
0
0
0
0
0
0
0
0
0
0
0
0
0
0
0
0
0
0
0
0
114866.63672018
0
301198.5365608
0
0
0
105938.21002272
119340.53469288
0
0
0
0
0
0
0
0
0
0
0
0
0
0
0
0
0
0
0
0
0
0
0
0
0
0
0
0
0
0
0
0
0
0
0
0
0
0
0
0
0
0
0
0
0
0
0
0
0
0
0
0
0
0
0
0
0
0
0
0
0
0
0
0
0
0
0
0
0
0
0
0
0
0
0
0
0
0
0
0
0
0
0
0
0
0
0
0
0
0
0
0
0
0
0
0
0
0
0
0
0
0
0
0
0
0
0
0
0
0
0
0
0
0
0
0
0
0
0
0
0
0
0
0
0
0
0
0
0
0
0
0
0
0
0
0
0
0
0
0
0
0
0
0
0
0
0
0
0
0
0
0
0
0
0
0
0
0
0
0
0
0
0
0
0
0
0
0
0
0
0
0
0
0
0
0
0
0
0
0
0
0
0
0
0
0
0
0
0
0
0
0
0
105411.91990332
0
0
0
0
0
0
0
0
0
0
0
0
0
0
0
0
0
0
0
0
0
0
0
0
0
0
0
0
0
0
0
0
0
0
0
0
0
0
0
0
0
0
0
0
0
0
0
0
0
0
0
0
0
0
0
0
0
0
0
0
0
0
0
0
0
0
0
0
0
0
0
0
0
0
0
0
0
0
0
0
0
0
0
0
0
0
0
0
0
0
0
0
0
0
0
0
0
0
0
0
0
0
0
0
0
0
0
0
0
0
0
0
0
0
0
0
0
0
0
0
0
0
0
0
0
0
0
0
0
0
0
0
0
0
0
0
0
0
0
0
0
0
0
0
0
0
0
0
0
0
0
0
0
0
0
0
0
0
0
0
0
0
0
0
0
0
0
0
0
0
0
0
0
0
0
0
0
0
0
0
0
0
0
0
0
0
0
0
0
0
0
0
0
0
0
0
0
0
0
0
0
0
0
0
0
0
0
0
0
0
0
0
0
0
0
0
0
0
0
0
0
0
0
0
0
0
0
0
0
0
0
0
0
0
0
0
0
0
0
0
0
0
0
0
0
0
0
0
0
0
0
0
0
0
0
0
0
0
0
0
0
0
0
0
0
0
0
0
0
0
0
0
0
0
0
0
0
0
0
0
0
0
0
0
0
0
0
0
0
0
0
0
0
0
0
0
0
0
0
0
0
0
0
0
0
0
0
0
0
0
0
0
0
0
0
0
0
0
0
0
0
0
0
0
0
0
0
0
0
0
0
0
0
0
0
0
0
0
0
0
0
0
0
0
0
0
0
0
0
0
0
0
0
0
0
0
0
0
0
0
0
0
0
0
0
0
0
0
0
0
0
0
0
0
0
0
0
0
0
0
0
0
0
0
0
0
0
0
0
0
0
0
0
0
0
0
0
0
0
0
0
0
0
0
0
0
0
0
0
0
0
0
0
0
0
0
0
0
0
0
0
0
0
0
0
0
0
0
0
0
0
0
0
0
0
0
0
0
0
0
0
0
0
0
0
0
0
0
0
0
0
0
0
0
0
0
0
0
0
0
0
0
0
0
0
0
0
0
0
0
0
0
0
0
0
0
0
0
0
0
0
0
0
0
0
0
0
0
0
0
0
0
0
0
0
0
0
0
0
0
0
0
0
0
0
0
0
0
0
0
0
0
0
0
0
0
0
0
0
0
0
0
0
0
0
0
0
0
0
0
0
0
0
0
0
0
0
0
0
0
0
0
0
0
0
0
0
0
0
0
0
0
0
0
0
0
0
0
0
0
0
0
0
0
0
0
0
0
0
0
0
0
0
0
0
0
0
0
0
0
0
0
0
0
0
0
0
0
0
0
0
0
0
0
0
0
0
0
0
0
0
0
0
0
0
0
0
0
0
0
0
0
0
0
0
0
0
0
0
0
0
0
0
0
0
0
0
0
0
0
0
0
0
0
0
0
0
0
0
0
0
0
0
0
0
0
0
0
0
0
0
0
0
0
0
0
0
0
0
0
0
0
0
0
0
0
0
0
0
0
0
0
0
0
0
0
0
0
0
0
0
0
0
0
0
0
0
0
0
0
0
0
0
0
0
0
0
0
0
0
0
0
0
0
0
0
0
0
0
0
0
0
0
0
0
0
0
0
0
0
0
0
0
0
0
0
0
0
0
0
0
0
0
0
0
0
0
0
0
0
0
0
0
0
0
0
0
0
0
0
0
0
0
0
0
0
0
0
0
0
0
0
0
0
0
0
0
0
0
0
0
0
0
0
0
0
0
0
0
0
0
0
0
0
0
0
0
0
0
0
0
0
0
0
0
0
0
0
0
0
0
0
0
0
0
0
0
0
0
0
0
0
0
0
0
0
0
0
0
0
0
0
0
0
0
0
0
0
0
0
0
0
0
0
0
0
0
0
0
0
0
0
0
0
0
0
0
0
0
0
0
0
0
0
0
0
0
0
0
0
0
0
0
0
0
0
0
0
0
0
0
0
0
0
0
0
0
0
0
0
0
0
0
0
0
0
0
0
0
0
0
0
0
0
0
0
0
0
0
0
0
0
0
0
0
0
0
0
0
0
0
0
0
0
0
0
0
0
0
0
0
0
0
0
0
0
0
0
0
0
0
0
0
0
0
0
0
0
0
0
0
0
0
0
0
0
0
0
0
0
0
0
0
0
0
0
0
0
0
0
0
0
0
0
0
0
0
0
0
0
0
0
0
0
0
0
0
0
0
0
0
0
0
0
0
0
0
0
0
0
0
0
0
0
0
0
0
0
0
0
0
0
0
0
0
0
0
0
0
0
0
0
0
0
0
0
0
0
0
0
0
0
0
0
0
0
0
0
0
0
0
0
0
0
0
0
0
0
0
0
0
0
0
0
0
0
0
0
0
0
0
0
0
0
0
0
0
0
0
0
0
0
0
0
0
0
0
0
0
0
0
0
0
0
0
0
0
0
0
0
0
0
0
0
0
0
0
0
0
0
0
0
0
0
0
0
0
0
0
0
0
0
0
0
0
0
0
0
0
0
0
0
0
0
0
0
0
0
0
0
0
0
0
0
0
0
0
0
0
0
0
0
0
0
0
0
0
0
0
0
0
0
0
0
0
0
0
0
0
0
0
0
0
0
0
0
0
0
0
0
0
0
0
0
0
0
0
0
0
0
0
0
0
0
0
0
0
0
0
0
0
0
0
0
0
0
0
0
0
0
0
0
0
0
0
0
0
0
0
0
0
0
0
0
0
0
0
0
0
0
0
0
0
0
0
0
0
0
0
0
0
0
0
0
0
0
0
0
0
0
0
0
0
0
0
0
0
0
0
0
0
0
0
0
0
0
0
0
0
0
0
0
0
0
0
0
0
0
0
0
0
0
0
0
0
0
0
0
0
0
0
0
0
0
0
0
0
0
0
0
0
0
0
0
0
0
0
0
0
0
0
0
0
0
0
0
0
0
0
0
0
0
0
0
0
0
0
0
0
0
0
0
0
0
0
0
0
0
0
0
0
0
0
0
0
0
0
0
0
0
0
0
0
0
0
0
0
0
0
0
0
0
0
0
0
0
0
0
0
0
0
0
0
0
0
0
0
0
0
0
0
0
0
0
0
0
0
0
0
0
0
0
0
0
0
0
0
0
0
0
0
0
0
0
0
0
0
0
0
0
0
0
0
0
0
0
0
0
0
0
0
0
0
0
0
0
0
0
0
0
0
0
0
0
0
0
0
0
0
0
0
0
0
0
0
0
0
0
0
0
0
0
0
0
0
0
0
0
0
0
0
0
0
0
0
0
0
0
0
0
0
0
0
0
0
0
0
0
0
0
0
0
0
0
0
0
0
0
0
0
0
0
0
0
0
0
0
0
0
0
0
0
0
0
0
0
0
0
0
0
0
0
0
0
0
0
0
0
0
0
0
0
0
0
0
0
0
0
0
0
0
0
0
0
0
0
0
0
0
0
0
0
0
0
0
0
0
0
0
0
0
0
0
0
0
0
0
0
0
0
0
0
0
0
0
0
0
0
0
0
0
0
0
0
0
0
0
0
0
0
0
0
0
0
0
0
0
0
0
0
0
0
0
0
0
0
0
0
0
0
0
0
0
0
0
0
0
0
0
0
0
0
0
0
0
0
0
)
;

boundaryField
{
    inlet
    {
        type            calculated;
        value           uniform 0;
    }
    outlet
    {
        type            calculated;
        value           uniform 0;
    }
    wall
    {
        type            calculated;
        value           uniform 0;
    }
    wedgeBack
    {
        type            wedge;
    }
    wedgeFront
    {
        type            wedge;
    }
    defaultFaces
    {
        type            empty;
    }
}


// ************************************************************************* //
