/*--------------------------------*- C++ -*----------------------------------*\
  =========                 |
  \\      /  F ield         | OpenFOAM: The Open Source CFD Toolbox
   \\    /   O peration     | Website:  https://openfoam.org
    \\  /    A nd           | Version:  10
     \\/     M anipulation  |
\*---------------------------------------------------------------------------*/
FoamFile
{
    format      ascii;
    class       volVectorField;
    location    "0.00021";
    object      U;
}
// * * * * * * * * * * * * * * * * * * * * * * * * * * * * * * * * * * * * * //

dimensions      [0 1 -1 0 0 0 0];

internalField   nonuniform List<vector> 
100
(
(0.91064672044311 -7.6277662459323e-23 -7.6277662459323e-23)
(0.91063005221964 1.6432748810978e-22 1.6432748810978e-22)
(0.91062715336195 2.1725356355737e-22 2.1725356355737e-22)
(0.91061509278774 2.4410724003671e-22 2.4410724003671e-22)
(0.9105989463723 2.6352858078737e-22 2.6352858078737e-22)
(0.91058338919218 6.3150592366127e-23 6.3150592366127e-23)
(0.91057469574286 -3.5400522636569e-23 -3.5400522636569e-23)
(0.91057079519068 -2.5510931787971e-22 -2.5510931787971e-22)
(0.91056933139302 -2.0927722066036e-22 -2.0927722066036e-22)
(0.9105688577279 1.8754637943081e-22 1.8754637943081e-22)
(0.91056872288373 2.7512601130793e-22 2.7512601130793e-22)
(0.91056868858878 -7.0439040595867e-23 -7.0439040595867e-23)
(0.91056868070188 -2.4863990728029e-22 -2.4863990728029e-22)
(0.91056867904583 7.5018400713713e-23 7.5018400713713e-23)
(0.9105686787258 2.4489592357843e-22 2.4489592357843e-22)
(0.91056867866847 1.6938224497872e-22 1.6938224497872e-22)
(0.91056867865889 1.4852609930237e-22 1.4852609930237e-22)
(0.91056867865737 -1.1898072158567e-22 -1.1898072158567e-22)
(0.91056867865718 -1.0643715677785e-22 -1.0643715677785e-22)
(0.91056867865717 -7.8320600692363e-23 -7.8320600692363e-23)
(0.91056867865717 -1.3222982868386e-22 -1.3222982868386e-22)
(0.91056867865717 -4.2345075298385e-23 -4.2345075298385e-23)
(0.91056867865717 2.0708605266496e-22 2.0708605266496e-22)
(0.91056867865717 1.907814375114e-22 1.907814375114e-22)
(0.91056867865717 -4.1918832880684e-22 -4.1918832880684e-22)
(0.91056867865717 -3.2861681782647e-22 -3.2861681782647e-22)
(0.91056867865717 1.8804175584517e-22 1.8804175584517e-22)
(0.91056867865717 1.4836255403735e-22 1.4836255403735e-22)
(0.91056867865714 -6.092093930846e-23 -6.092093930846e-23)
(0.91056867865716 -7.0054997815089e-23 -7.0054997815089e-23)
(0.91056867865716 1.1122673837121e-22 1.1122673837121e-22)
(0.91056867865717 5.2085893632844e-23 5.2085893632844e-23)
(0.91056867865717 3.2366606653836e-23 3.2366606653836e-23)
(0.91056867865718 -2.8258630707958e-23 -2.8258630707958e-23)
(0.91056867865715 -2.4813610707083e-22 -2.4813610707083e-22)
(0.91056867865717 -9.3068151512069e-23 -9.3068151512069e-23)
(0.91056867865716 3.815486997944e-22 3.815486997944e-22)
(0.91056867865717 2.8149673376861e-22 2.8149673376861e-22)
(0.91056867865716 -2.1728924773335e-22 -2.1728924773335e-22)
(0.91056867865718 1.65479786369e-22 1.65479786369e-22)
(0.91056867865716 3.354731238939e-22 3.354731238939e-22)
(0.91056867865716 -3.4917312279349e-22 -3.4917312279349e-22)
(0.91056867865717 -2.8311666020316e-22 -2.8311666020316e-22)
(0.91056867865717 1.9483374084656e-23 1.9483374084656e-23)
(0.91056867865716 5.3931639612172e-23 5.3931639612172e-23)
(0.91056867865717 -1.2456802397068e-22 -1.2456802397068e-22)
(0.91056867865716 -1.682465863543e-22 -1.682465863543e-22)
(0.91056867865716 5.3431421602636e-23 5.3431421602636e-23)
(0.91056867865717 2.3673128977354e-22 2.3673128977354e-22)
(0.91056867865717 -3.5973406783503e-23 -3.5973406783503e-23)
(0.91056867865717 -2.2115450405006e-22 -2.2115450405006e-22)
(0.91056867865717 3.9484078778258e-23 3.9484078778258e-23)
(0.91056867865717 3.0383718858176e-22 3.0383718858176e-22)
(0.91056867865717 4.0685292338621e-22 4.0685292338621e-22)
(0.91056867865716 2.0013974485503e-22 2.0013974485503e-22)
(0.91056867865717 -9.9197839908336e-23 -9.9197839908336e-23)
(0.91056867865716 -5.4951064399167e-22 -5.4951064399167e-22)
(0.91056867865717 -4.6252727136068e-22 -4.6252727136068e-22)
(0.91056867865715 -3.941163242214e-23 -3.941163242214e-23)
(0.91056867865716 9.9210930098579e-23 9.9210930098579e-23)
(0.91056867865715 2.0259611288585e-22 2.0259611288585e-22)
(0.91056867865716 1.561792389449e-23 1.561792389449e-23)
(0.91056867865715 1.0321308193926e-23 1.0321308193926e-23)
(0.91056867865716 1.5664354109213e-22 1.5664354109213e-22)
(0.91056867865715 -9.2373816103097e-23 -9.2373816103097e-23)
(0.91056867865716 -3.0749660591745e-22 -3.0749660591745e-22)
(0.91056867865715 -1.8323529634781e-22 -1.8323529634781e-22)
(0.91056867865716 -2.8127514386998e-22 -2.8127514386998e-22)
(0.91056867865715 -1.3692028458157e-22 -1.3692028458157e-22)
(0.91056867865716 5.5016140431755e-22 5.5016140431755e-22)
(0.91056867865714 3.3585798323822e-22 3.3585798323822e-22)
(0.91056867865716 8.1601035926794e-24 8.1601035926794e-24)
(0.91056867865717 6.894917408312e-23 6.894917408312e-23)
(0.91056867865716 -4.2464653766089e-23 -4.2464653766089e-23)
(0.91056867865715 6.3680315827927e-23 6.3680315827927e-23)
(0.91056867865716 2.1853149463983e-22 2.1853149463983e-22)
(0.91056867865717 1.4831088995513e-23 1.4831088995513e-23)
(0.91056867865716 -1.371965863742e-22 -1.371965863742e-22)
(0.91056867865715 3.7828343350644e-23 3.7828343350644e-23)
(0.91056867865716 -1.726907743473e-23 -1.726907743473e-23)
(0.91056867865716 -4.7902678080744e-23 -4.7902678080744e-23)
(0.91056867865704 -5.1138376736512e-23 -5.1138376736512e-23)
(0.91056867865595 -2.1966260711192e-22 -2.1966260711192e-22)
(0.91056867864853 -1.9971128898058e-22 -1.9971128898058e-22)
(0.91056867860055 2.2774704525703e-23 2.2774704525703e-23)
(0.91056867830921 5.874176527705e-23 5.874176527705e-23)
(0.91056867666069 -2.4135913067043e-23 -2.4135913067043e-23)
(0.91056866801621 1.2261540175513e-22 1.2261540175513e-22)
(0.91056862628606 -1.4490554775304e-23 -1.4490554775304e-23)
(0.91056844226207 -1.3057506297776e-22 -1.3057506297776e-22)
(0.91056770780682 -1.0253078101555e-22 -1.0253078101555e-22)
(0.91056508422465 4.3445563740899e-23 4.3445563740899e-23)
(0.91055680648836 1.3590269764821e-22 1.3590269764821e-22)
(0.91053408782155 3.8170186976532e-23 3.8170186976532e-23)
(0.91048086274254 1.1282093106827e-23 1.1282093106827e-23)
(0.91037503420419 4.9334893982576e-23 4.9334893982576e-23)
(0.91020409867444 3.2855170225384e-23 3.2855170225384e-23)
(0.90996267175181 -2.0021306720308e-22 -2.0021306720308e-22)
(0.90982603021508 -2.5271697594606e-22 -2.5271697594606e-22)
(0.90922542103412 -1.5901294284413e-22 -1.5901294284413e-22)
)
;

boundaryField
{
    left
    {
        type            zeroGradient;
    }
    right
    {
        type            zeroGradient;
    }
    sides
    {
        type            empty;
    }
}


// ************************************************************************* //
