/*--------------------------------*- C++ -*----------------------------------*\
  =========                 |
  \\      /  F ield         | OpenFOAM: The Open Source CFD Toolbox
   \\    /   O peration     | Website:  https://openfoam.org
    \\  /    A nd           | Version:  10
     \\/     M anipulation  |
\*---------------------------------------------------------------------------*/
FoamFile
{
    format      ascii;
    class       volVectorField;
    location    "0.00021";
    object      Us;
}
// * * * * * * * * * * * * * * * * * * * * * * * * * * * * * * * * * * * * * //

dimensions      [0 1 -1 0 0 0 0];

internalField   nonuniform List<vector> 
100
(
(0.8951826803556 -5.8587563257302e-23 -5.8587563257302e-23)
(0.89516078265205 3.8875994652758e-23 3.8875994652758e-23)
(0.89515543940662 1.5858270975622e-22 1.5858270975622e-22)
(0.89514247407576 2.2700300131669e-22 2.2700300131669e-22)
(0.89513125002149 2.2250415476226e-22 2.2250415476226e-22)
(0.89512410176818 2.8141165438001e-23 2.8141165438001e-23)
(0.89512082904761 -4.5563687336732e-23 -4.5563687336732e-23)
(0.89511957031198 -1.4269815614475e-22 -1.4269815614475e-22)
(0.8951191546586 -1.656464170839e-22 -1.656464170839e-22)
(0.89511903416792 1.0613857610734e-22 1.0613857610734e-22)
(0.89511900302314 1.3165006220991e-22 1.3165006220991e-22)
(0.89511899575535 -1.3288648015571e-22 -1.3288648015571e-22)
(0.89511899420884 -1.290134571834e-22 -1.290134571834e-22)
(0.89511899390631 1.2921985881636e-22 1.2921985881636e-22)
(0.89511899385151 1.3750911708265e-22 1.3750911708265e-22)
(0.89511899384228 1.5545645288355e-22 1.5545645288355e-22)
(0.89511899384081 1.1496400373152e-22 1.1496400373152e-22)
(0.8951189938406 -3.276266427294e-23 -3.276266427294e-23)
(0.89511899384058 -1.5236626180669e-22 -1.5236626180669e-22)
(0.89511899384058 -1.9391778581475e-22 -1.9391778581475e-22)
(0.89511899384059 3.0902630384639e-23 3.0902630384639e-23)
(0.89511899384058 1.2795932233621e-22 1.2795932233621e-22)
(0.89511899384058 -1.958773288608e-23 -1.958773288608e-23)
(0.89511899384059 8.1837243849452e-24 8.1837243849452e-24)
(0.89511899384058 -1.169385701109e-23 -1.169385701109e-23)
(0.89511899384058 -1.6591707041945e-22 -1.6591707041945e-22)
(0.89511899384058 1.7998106484259e-23 1.7998106484259e-23)
(0.89511899384059 5.7609761519482e-23 5.7609761519482e-23)
(0.89511899384057 -9.2486297074536e-23 -9.2486297074536e-23)
(0.89511899384058 5.6474511309577e-23 5.6474511309577e-23)
(0.89511899384058 1.5254768871091e-22 1.5254768871091e-22)
(0.89511899384058 5.5154545494269e-24 5.5154545494269e-24)
(0.89511899384058 -6.8088508352661e-23 -6.8088508352661e-23)
(0.89511899384059 -8.6080931852406e-23 -8.6080931852406e-23)
(0.89511899384057 -2.0914041079393e-22 -2.0914041079393e-22)
(0.89511899384058 -1.1029705660544e-22 -1.1029705660544e-22)
(0.89511899384058 2.5626783113232e-22 2.5626783113232e-22)
(0.89511899384059 2.2135346274689e-22 2.2135346274689e-22)
(0.89511899384058 6.1496475159123e-23 6.1496475159123e-23)
(0.89511899384059 2.4909978351985e-22 2.4909978351985e-22)
(0.89511899384057 1.6488507592134e-22 1.6488507592134e-22)
(0.89511899384058 -2.2807530731166e-22 -2.2807530731166e-22)
(0.89511899384058 -2.1843798108307e-22 -2.1843798108307e-22)
(0.89511899384058 -1.5615475736639e-22 -1.5615475736639e-22)
(0.89511899384058 -2.0988771536338e-23 -2.0988771536338e-23)
(0.89511899384059 -2.7057413074467e-23 -2.7057413074467e-23)
(0.89511899384057 -2.2624316380567e-23 -2.2624316380567e-23)
(0.89511899384058 1.7983375347929e-22 1.7983375347929e-22)
(0.89511899384058 7.9111758500946e-23 7.9111758500946e-23)
(0.89511899384058 -3.3446490963304e-23 -3.3446490963304e-23)
(0.89511899384058 5.8039087577845e-24 5.8039087577845e-24)
(0.89511899384058 3.6812422483803e-23 3.6812422483803e-23)
(0.89511899384058 9.3433055074235e-23 9.3433055074235e-23)
(0.89511899384058 1.8900932243447e-22 1.8900932243447e-22)
(0.89511899384058 6.8298448599339e-23 6.8298448599339e-23)
(0.89511899384058 -6.8602134256842e-23 -6.8602134256842e-23)
(0.89511899384058 -2.2379182204835e-22 -2.2379182204835e-22)
(0.89511899384058 -3.2708797156636e-22 -3.2708797156636e-22)
(0.89511899384057 -2.0206908073999e-22 -2.0206908073999e-22)
(0.89511899384058 1.5223433931708e-23 1.5223433931708e-23)
(0.89511899384057 1.111904471735e-22 1.111904471735e-22)
(0.89511899384058 -4.3750582923402e-23 -4.3750582923402e-23)
(0.89511899384057 -3.5609614789239e-23 -3.5609614789239e-23)
(0.89511899384058 3.2810276817588e-23 3.2810276817588e-23)
(0.89511899384057 -3.1436589252049e-23 -3.1436589252049e-23)
(0.89511899384058 -1.5137689743791e-22 -1.5137689743791e-22)
(0.89511899384057 -1.5499431800476e-22 -1.5499431800476e-22)
(0.89511899384058 -1.082230921578e-22 -1.082230921578e-22)
(0.89511899384057 -6.1491402555621e-23 -6.1491402555621e-23)
(0.89511899384058 2.2816246401812e-22 2.2816246401812e-22)
(0.89511899384057 3.1078529114657e-22 3.1078529114657e-22)
(0.89511899384058 9.7744607813611e-23 9.7744607813611e-23)
(0.89511899384058 -2.1017978142764e-23 -2.1017978142764e-23)
(0.89511899384058 2.2811680352184e-23 2.2811680352184e-23)
(0.89511899384057 1.774010976583e-22 1.774010976583e-22)
(0.89511899384058 1.0753845568566e-22 1.0753845568566e-22)
(0.89511899384058 -7.6911131790518e-23 -7.6911131790518e-23)
(0.89511899384058 -3.5432002107596e-23 -3.5432002107596e-23)
(0.89511899384057 1.2371413944862e-22 1.2371413944862e-22)
(0.89511899384058 7.1738426508841e-23 7.1738426508841e-23)
(0.89511899384058 -8.906047673471e-23 -8.906047673471e-23)
(0.89511899384057 -1.2014735160393e-22 -1.2014735160393e-22)
(0.89511899384043 -1.3940435539549e-22 -1.3940435539549e-22)
(0.89511899383936 -1.4384089089856e-22 -1.4384089089856e-22)
(0.89511899383211 -1.1559930041217e-22 -1.1559930041217e-22)
(0.89511899378555 -4.2803439858752e-24 -4.2803439858752e-24)
(0.89511899350586 7.9291091392583e-24 7.9291091392583e-24)
(0.89511899194124 4.0032438810599e-23 4.0032438810599e-23)
(0.89511898383897 5.0429632872867e-23 5.0429632872867e-23)
(0.89511894525008 -6.1961964682514e-23 -6.1961964682514e-23)
(0.8951187775808 -7.9541089751903e-23 -7.9541089751903e-23)
(0.89511811921816 6.7168175093502e-23 6.7168175093502e-23)
(0.89511580938924 -1.9604862376486e-23 -1.9604862376486e-23)
(0.89510866335944 -1.3486096781961e-22 -1.3486096781961e-22)
(0.89508949567712 1.210698240965e-22 1.210698240965e-22)
(0.89504524850519 2.7659183665901e-22 2.7659183665901e-22)
(0.89496106169358 2.9901451286027e-23 2.9901451286027e-23)
(0.89481645826747 -2.136285249286e-22 -2.136285249286e-22)
(0.8947210979932 -1.7700956103182e-22 -1.7700956103182e-22)
(0.88305876742676 -1.8186573077877e-22 -1.8186573077877e-22)
)
;

boundaryField
{
    left
    {
        type            zeroGradient;
    }
    right
    {
        type            zeroGradient;
    }
    sides
    {
        type            empty;
    }
}


// ************************************************************************* //
