/*--------------------------------*- C++ -*----------------------------------*\
  =========                 |
  \\      /  F ield         | OpenFOAM: The Open Source CFD Toolbox
   \\    /   O peration     | Website:  https://openfoam.org
    \\  /    A nd           | Version:  10
     \\/     M anipulation  |
\*---------------------------------------------------------------------------*/
FoamFile
{
    format      ascii;
    class       volVectorField;
    location    "0.00029";
    object      U;
}
// * * * * * * * * * * * * * * * * * * * * * * * * * * * * * * * * * * * * * //

dimensions      [0 1 -1 0 0 0 0];

internalField   nonuniform List<vector> 
100
(
(0.90953311151684 -1.3062082336745e-23 -1.3062082336745e-23)
(0.90952735874235 1.1284556778748e-22 1.1284556778748e-22)
(0.90952640550386 3.5300720972674e-22 3.5300720972674e-22)
(0.90952191778762 4.918530022393e-22 4.918530022393e-22)
(0.90951601759468 3.3820627866727e-22 3.3820627866727e-22)
(0.90950689515572 -7.2351375435333e-23 -7.2351375435333e-23)
(0.9094933971675 -3.6994316332133e-22 -3.6994316332133e-22)
(0.90947720661815 -1.2369855720749e-22 -1.2369855720749e-22)
(0.90946522217242 2.1622811992142e-22 2.1622811992142e-22)
(0.90945836879227 1.275403357481e-22 1.275403357481e-22)
(0.90945500919474 -7.5845628867373e-23 -7.5845628867373e-23)
(0.90945356550998 -1.9201345081308e-22 -1.9201345081308e-22)
(0.90945301225879 -4.3629837628717e-23 -4.3629837628717e-23)
(0.90945282069583 9.5103636089155e-23 9.5103636089155e-23)
(0.90945276015213 2.2631601431661e-22 2.2631601431661e-22)
(0.90945274253778 1.7221937160477e-22 1.7221937160477e-22)
(0.90945273778809 -1.1469519526801e-22 -1.1469519526801e-22)
(0.90945273659407 8.9025590958841e-23 8.9025590958841e-23)
(0.90945273631295 1.4750309398952e-22 1.4750309398952e-22)
(0.90945273625075 -1.9825963894337e-22 -1.9825963894337e-22)
(0.90945273623767 -2.0551011334873e-22 -2.0551011334873e-22)
(0.90945273623508 2.2856697904508e-23 2.2856697904508e-23)
(0.9094527362346 2.6893222875573e-24 2.6893222875573e-24)
(0.90945273623454 2.4486454308048e-22 2.4486454308048e-22)
(0.90945273623454 2.4141746622066e-22 2.4141746622066e-22)
(0.90945273623453 -3.6311282716991e-22 -3.6311282716991e-22)
(0.90945273623454 -3.0690798238472e-22 -3.0690798238472e-22)
(0.90945273623454 -1.8544072044798e-23 -1.8544072044798e-23)
(0.90945273623451 -1.3854447828518e-22 -1.3854447828518e-22)
(0.90945273623453 -1.7733268384062e-22 -1.7733268384062e-22)
(0.90945273623453 5.6606024186157e-23 5.6606024186157e-23)
(0.90945273623454 1.4911912566392e-22 1.4911912566392e-22)
(0.90945273623453 1.8976893695065e-22 1.8976893695065e-22)
(0.90945273623454 -2.2336702736331e-23 -2.2336702736331e-23)
(0.90945273623451 -1.897718085239e-22 -1.897718085239e-22)
(0.90945273623454 1.4228654017644e-22 1.4228654017644e-22)
(0.90945273623453 2.8410318205849e-22 2.8410318205849e-22)
(0.90945273623454 5.9513780242048e-23 5.9513780242048e-23)
(0.90945273623452 -7.534104131914e-23 -7.534104131914e-23)
(0.90945273623455 2.3908675939217e-23 2.3908675939217e-23)
(0.90945273623452 3.6257617536084e-23 3.6257617536084e-23)
(0.90945273623453 1.0951553230683e-22 1.0951553230683e-22)
(0.90945273623453 -2.0446850140582e-23 -2.0446850140582e-23)
(0.90945273623453 -2.2545267866013e-22 -2.2545267866013e-22)
(0.90945273623453 -3.2863123312086e-22 -3.2863123312086e-22)
(0.90945273623455 -3.3701772716324e-22 -3.3701772716324e-22)
(0.90945273623452 1.3402739586918e-22 1.3402739586918e-22)
(0.90945273623453 2.4898257226836e-22 2.4898257226836e-22)
(0.90945273623453 3.0684661395773e-22 3.0684661395773e-22)
(0.90945273623454 3.4544691448525e-22 3.4544691448525e-22)
(0.90945273623454 8.5179928108886e-23 8.5179928108886e-23)
(0.90945273623454 1.6878573713978e-23 1.6878573713978e-23)
(0.90945273623454 -1.9549772957969e-22 -1.9549772957969e-22)
(0.90945273623453 -1.153952792928e-22 -1.153952792928e-22)
(0.90945273623453 1.2956000095497e-22 1.2956000095497e-22)
(0.90945273623454 -6.9652207896519e-23 -6.9652207896519e-23)
(0.90945273623453 -2.716032886637e-22 -2.716032886637e-22)
(0.90945273623453 -3.831300602514e-22 -3.831300602514e-22)
(0.90945273623451 -1.8758828950661e-23 -1.8758828950661e-23)
(0.90945273623453 2.0123301972301e-22 2.0123301972301e-22)
(0.90945273623451 -1.0908088713973e-22 -1.0908088713973e-22)
(0.90945273623452 -1.6955871607389e-22 -1.6955871607389e-22)
(0.90945273623451 1.7230047807415e-22 1.7230047807415e-22)
(0.90945273623452 3.2872200152696e-22 3.2872200152696e-22)
(0.90945273623451 -1.8544588842175e-22 -1.8544588842175e-22)
(0.90945273623452 -5.3885286706207e-22 -5.3885286706207e-22)
(0.90945273623451 -1.1032567869265e-23 -1.1032567869265e-23)
(0.90945273623452 2.8395596086402e-22 2.8395596086402e-22)
(0.90945273623451 8.3347952802313e-23 8.3347952802313e-23)
(0.90945273623453 3.432070025014e-22 3.432070025014e-22)
(0.9094527362345 2.1054051806455e-22 2.1054051806455e-22)
(0.90945273623453 -3.8487209480201e-22 -3.8487209480201e-22)
(0.90945273623454 -2.7281652307141e-22 -2.7281652307141e-22)
(0.90945273623453 9.2368227391519e-23 9.2368227391519e-23)
(0.90945273623451 3.5907374211384e-22 3.5907374211384e-22)
(0.90945273623453 3.3157562437803e-22 3.3157562437803e-22)
(0.90945273623448 8.4711302652192e-24 8.4711302652192e-24)
(0.90945273623408 -7.6481935186464e-23 -7.6481935186464e-23)
(0.90945273623164 -9.8719715335345e-23 -9.8719715335345e-23)
(0.90945273621877 -1.9204377647974e-22 -1.9204377647974e-22)
(0.90945273615297 -2.3654058055666e-22 -2.3654058055666e-22)
(0.90945273583494 -8.793099484039e-23 -8.793099484039e-23)
(0.90945273438281 8.0454569683349e-23 8.0454569683349e-23)
(0.90945272814314 -1.0455356544943e-22 -1.0455356544943e-22)
(0.90945270300371 -2.1950408670857e-22 -2.1950408670857e-22)
(0.90945260848052 -5.4675727073029e-23 -5.4675727073029e-23)
(0.90945227849695 1.8671469911993e-22 1.8671469911993e-22)
(0.90945121514305 2.1074016658846e-22 2.1074016658846e-22)
(0.9094480733885 8.1299112609422e-23 8.1299112609422e-23)
(0.90943962751123 5.3999995608624e-23 5.3999995608624e-23)
(0.90941914328934 -1.6644583145305e-22 -1.6644583145305e-22)
(0.90937474364121 -1.4930855169078e-22 -1.4930855169078e-22)
(0.90928961611018 -3.9607192934299e-23 -3.9607192934299e-23)
(0.90914648174432 -6.8067918088435e-23 -6.8067918088435e-23)
(0.90893682089317 2.4487825462251e-22 2.4487825462251e-22)
(0.90866448355174 2.0025235660724e-22 2.0025235660724e-22)
(0.90834754947484 -6.9040457509785e-23 -6.9040457509785e-23)
(0.90796026068671 -1.3895832367156e-22 -1.3895832367156e-22)
(0.90774295816388 -2.4741798628508e-22 -2.4741798628508e-22)
(0.9068236861369 -3.4067933999633e-22 -3.4067933999633e-22)
)
;

boundaryField
{
    left
    {
        type            zeroGradient;
    }
    right
    {
        type            zeroGradient;
    }
    sides
    {
        type            empty;
    }
}


// ************************************************************************* //
