/*--------------------------------*- C++ -*----------------------------------*\
  =========                 |
  \\      /  F ield         | OpenFOAM: The Open Source CFD Toolbox
   \\    /   O peration     | Website:  https://openfoam.org
    \\  /    A nd           | Version:  10
     \\/     M anipulation  |
\*---------------------------------------------------------------------------*/
FoamFile
{
    format      ascii;
    class       volVectorField;
    location    "0.00029";
    object      Us;
}
// * * * * * * * * * * * * * * * * * * * * * * * * * * * * * * * * * * * * * //

dimensions      [0 1 -1 0 0 0 0];

internalField   nonuniform List<vector> 
100
(
(0.90636436496 -1.0434338383749e-22 -1.0434338383749e-22)
(0.9063524496249 8.4178699740517e-23 8.4178699740517e-23)
(0.90634983427401 3.1758201253073e-22 3.1758201253073e-22)
(0.90634159865881 3.9235462496668e-22 3.9235462496668e-22)
(0.90633206767571 2.8015558576762e-22 2.8015558576762e-22)
(0.90632033562895 -5.1523507548681e-23 -5.1523507548681e-23)
(0.90630828687456 -1.763350798598e-22 -1.763350798598e-22)
(0.90629875755739 -1.305888444394e-22 -1.305888444394e-22)
(0.9062931536962 -8.1977007061899e-25 -8.1977007061899e-25)
(0.90629036551117 1.2528526811392e-22 1.2528526811392e-22)
(0.90628914964537 8.0927440311457e-23 8.0927440311457e-23)
(0.90628867708638 -1.1869858297809e-22 -1.1869858297809e-22)
(0.90628851127477 -9.8011320908246e-23 -9.8011320908246e-23)
(0.90628845821253 1.1088374273822e-22 1.1088374273822e-22)
(0.90628844259459 1.7128279641507e-22 1.7128279641507e-22)
(0.90628843833727 1.9749786563126e-22 1.9749786563126e-22)
(0.90628843725614 3.4738795586773e-23 3.4738795586773e-23)
(0.90628843699904 -7.1301768886783e-23 -7.1301768886783e-23)
(0.9062884369416 -2.9070102059936e-23 -2.9070102059936e-23)
(0.90628843692951 -1.5249798353579e-22 -1.5249798353579e-22)
(0.90628843692707 -1.2185693278849e-22 -1.2185693278849e-22)
(0.90628843692661 4.318751646197e-23 4.318751646197e-23)
(0.90628843692654 3.8619851790234e-23 3.8619851790234e-23)
(0.90628843692654 1.0771081860123e-22 1.0771081860123e-22)
(0.90628843692654 -1.9555995076996e-23 -1.9555995076996e-23)
(0.90628843692654 -2.3809993486292e-22 -2.3809993486292e-22)
(0.90628843692654 -1.6628565046287e-22 -1.6628565046287e-22)
(0.90628843692654 -4.6035375081142e-23 -4.6035375081142e-23)
(0.90628843692651 1.3428378296549e-23 1.3428378296549e-23)
(0.90628843692653 1.9391024395057e-23 1.9391024395057e-23)
(0.90628843692653 9.0355794739741e-23 9.0355794739741e-23)
(0.90628843692654 -2.1705638198786e-24 -2.1705638198786e-24)
(0.90628843692653 8.2211212126765e-23 8.2211212126765e-23)
(0.90628843692654 7.3006629741257e-23 7.3006629741257e-23)
(0.90628843692652 -2.3454442206944e-22 -2.3454442206944e-22)
(0.90628843692654 -1.887846366873e-23 -1.887846366873e-23)
(0.90628843692653 2.6469051267295e-22 2.6469051267295e-22)
(0.90628843692654 5.2180649776601e-23 5.2180649776601e-23)
(0.90628843692653 -2.8705311513734e-23 -2.8705311513734e-23)
(0.90628843692655 1.9039115815763e-22 1.9039115815763e-22)
(0.90628843692653 2.0284888191732e-22 2.0284888191732e-22)
(0.90628843692653 -1.5022006860883e-22 -1.5022006860883e-22)
(0.90628843692654 -2.0219794072735e-22 -2.0219794072735e-22)
(0.90628843692654 -9.7052763530356e-23 -9.7052763530356e-23)
(0.90628843692653 -1.5922565059266e-22 -1.5922565059266e-22)
(0.90628843692654 -1.9150831291675e-22 -1.9150831291675e-22)
(0.90628843692653 5.2567804279231e-23 5.2567804279231e-23)
(0.90628843692653 1.5407004629959e-22 1.5407004629959e-22)
(0.90628843692654 1.7653589355376e-22 1.7653589355376e-22)
(0.90628843692654 1.5754086926142e-22 1.5754086926142e-22)
(0.90628843692654 -1.6119815044697e-23 -1.6119815044697e-23)
(0.90628843692654 3.4789453676651e-23 3.4789453676651e-23)
(0.90628843692654 9.4051836962403e-23 9.4051836962403e-23)
(0.90628843692654 1.3691788257058e-22 1.3691788257058e-22)
(0.90628843692654 1.0126720977108e-22 1.0126720977108e-22)
(0.90628843692654 -1.3941261498111e-22 -1.3941261498111e-22)
(0.90628843692653 -3.5686724028489e-22 -3.5686724028489e-22)
(0.90628843692653 -3.5519446151809e-22 -3.5519446151809e-22)
(0.90628843692652 -4.3550788471046e-23 -4.3550788471046e-23)
(0.90628843692653 1.3746913482618e-22 1.3746913482618e-22)
(0.90628843692652 2.5942609028997e-23 2.5942609028997e-23)
(0.90628843692653 -9.8003278806281e-23 -9.8003278806281e-23)
(0.90628843692652 5.71171959754e-24 5.71171959754e-24)
(0.90628843692653 1.7693420223937e-22 1.7693420223937e-22)
(0.90628843692652 -2.9992656824391e-23 -2.9992656824391e-23)
(0.90628843692653 -2.9457665407986e-22 -2.9457665407986e-22)
(0.90628843692651 -1.2228705697871e-22 -1.2228705697871e-22)
(0.90628843692653 -3.1709930333923e-23 -3.1709930333923e-23)
(0.90628843692651 -6.8773750375362e-23 -6.8773750375362e-23)
(0.90628843692653 3.7148339775279e-22 3.7148339775279e-22)
(0.90628843692651 3.5950920582105e-22 3.5950920582105e-22)
(0.90628843692653 -1.3487560772706e-22 -1.3487560772706e-22)
(0.90628843692654 -1.2282831638109e-22 -1.2282831638109e-22)
(0.90628843692653 -6.6023753372288e-24 -6.6023753372288e-24)
(0.90628843692652 1.8144138340214e-22 1.8144138340214e-22)
(0.90628843692653 3.3296979041021e-22 3.3296979041021e-22)
(0.90628843692653 2.4604024946451e-23 2.4604024946451e-23)
(0.90628843692647 -1.3046526187107e-22 -1.3046526187107e-22)
(0.90628843692606 -1.0828078484466e-23 -1.0828078484466e-23)
(0.9062884369238 -7.8838310405692e-23 -7.8838310405692e-23)
(0.90628843691164 -1.3035768450046e-22 -1.3035768450046e-22)
(0.90628843685007 -7.1233999496119e-23 -7.1233999496119e-23)
(0.90628843655492 -9.9217270509575e-23 -9.9217270509575e-23)
(0.90628843522015 -1.804137903453e-22 -1.804137903453e-22)
(0.90628842953849 -9.8718208062939e-23 -9.8718208062939e-23)
(0.90628840687988 -5.4718993901484e-24 -5.4718993901484e-24)
(0.90628832259967 8.6393028725664e-23 8.6393028725664e-23)
(0.90628803173256 1.3910366785682e-22 1.3910366785682e-22)
(0.90628710574595 1.1818863314053e-23 1.1818863314053e-23)
(0.90628440471941 -3.33802712712e-23 -3.33802712712e-23)
(0.90627723897944 -1.2669256228779e-22 -1.2669256228779e-22)
(0.90626008900442 -9.2562427749325e-24 -9.2562427749325e-24)
(0.90622339145389 8.1025067021884e-23 8.1025067021884e-23)
(0.90615373883148 2.2376422558635e-23 2.2376422558635e-23)
(0.90603751774115 1.530794783244e-22 1.530794783244e-22)
(0.90586561757511 1.2081778015082e-22 1.2081778015082e-22)
(0.90564359209365 -2.6916159381195e-23 -2.6916159381195e-23)
(0.90535732320782 -1.5654342915994e-22 -1.5654342915994e-22)
(0.90519219432581 -2.8863469320176e-22 -2.8863469320176e-22)
(0.88581199409463 -3.5651272301789e-22 -3.5651272301789e-22)
)
;

boundaryField
{
    left
    {
        type            zeroGradient;
    }
    right
    {
        type            zeroGradient;
    }
    sides
    {
        type            empty;
    }
}


// ************************************************************************* //
