/*--------------------------------*- C++ -*----------------------------------*\
  =========                 |
  \\      /  F ield         | OpenFOAM: The Open Source CFD Toolbox
   \\    /   O peration     | Website:  https://openfoam.org
    \\  /    A nd           | Version:  10
     \\/     M anipulation  |
\*---------------------------------------------------------------------------*/
FoamFile
{
    format      ascii;
    class       volScalarField;
    location    "0.11500001";
    object      rhoDs;
}
// * * * * * * * * * * * * * * * * * * * * * * * * * * * * * * * * * * * * * //

dimensions      [1 -2 0 0 0 0 0];

internalField   nonuniform List<scalar> 
7600
(
0
0.0012094108584536
0
0.0021238778600009
0
0.0013955005897181
0
0
0.0012515134213019
0
0.0023145910152415
0
0
0.0029140787964822
0
0
0.0024709613132917
0
0
0.0028128835603391
0
0
0.0030153468540098
0
0
0.0015453562807346
0
0.0023364325516541
0
0.0021078495628189
0.0041533271504421
0.0011135177055684
0
0.0013955005897181
0
0.0012515134213019
0
0
0.0030156577066265
0
0
0
0.0018860277166359
0
0
0
0
0.0026330487325109
0
0
0
0.0029140787964822
0
0
0
0.0023886820138708
0
0
0.0019524294991704
0.0017403508715841
0.007663035673372
0.0042264225120159
0.002403412565705
0
0
0
0.0021360142570452
0
0
0
0
0.0018860277166359
0
0
0
0
0
0.0016875007444517
0
0
0.00046848550692989
0.00017356830058902
0.00044495359981537
0.00055488920285208
0.00030613986596692
0.00031851423829004
0.00030613986596692
0.00061090283989183
0.00025564838197203
0.00017321268082003
0.00017034944105618
0.00026392489776896
0.00018040746943465
0.00023879644302084
0
0.00014097263135239
0.00025627754831255
0.00016555746429318
0.00028475503067525
0.00038076883973827
0.00025888040139269
0.0003287039471689
0.00025888040139269
0.00031984285309295
0.00025290917196344
0.00046814168619136
0.00031296854937253
0.00032423877445621
0.00012025647636614
0.00064628915291191
0.00080834054894702
0.00059265609394089
0.00065382161735901
0.00063401032618184
0.00033077544588294
0.00026985835344955
0.00025888944536398
0.00021185921218907
0
0.00024946303414061
0.00023283758042283
0
0.0004518839377228
0.00025506998591282
0
0.00017440442362939
0
0.0001879930279826
0.00021237301423749
0
0.00051360114806388
0
0.00020983568648103
0.00037769578276051
0
0.00038884262921494
0
0.00022042155065394
0.00051952634144617
0.00076464062540466
0.0025522527875582
0.00092954734052264
0.00023830700146156
0.0007092297512699
0
0.00031832847911959
0.00022411375696914
0
0.00038008922150343
0
0.00038008922150342
0
0.00031718894563588
0
0.00017895902076697
0
0.00021740916373612
0
0.00021740916373612
0
0.00060297276875385
0.00038301737817507
0.00046637714557098
0.00068057790670482
0.00027518870259797
0.00050558530127866
0.00035944670139793
0.00061248917355925
0.00076238471056707
0.00019380608700964
0.00061531125449148
0.00024373224671084
0.00071362870308709
0.00022002945040735
0.00018248430687369
0.00040210328037004
0.00062185773420274
0.00032667307904815
0.00024471234848454
0.00047341269833246
0.00031855705096302
0.0002424607100248
0.00042822011854845
0.0003066948829304
0.00061948284361759
0.00058864526494936
0.00067981470436757
0.0007645462527045
0.00068364209823998
0.00083044463556607
0.0020257975203489
0.0017048475769497
0.00076058818981898
0.0011686468148631
0.00078182521672611
0
0.00081037130000228
0
0.00040480028929189
0.00019380608700963
0.0004036714661705
0.00032341760951148
0.00029743319759688
0.00025478529626575
0.00027767623530272
0.00026038514174069
0
0.00027767623530272
0.00026063573667401
0.00028112834095894
0.00017527465632611
0.00023695300648341
0.00026148765653888
0.00025896114015202
0.00036504846966689
0.0003357463768532
0.00064559805282168
0.0002008048791819
0.00048076817273022
0.002460823163881
0.002506736368595
0.0020994994881545
0.00069079569152959
0.00037893235074439
0.00016939184705825
0.00022270066177963
0.00050249422503809
0.0003936996346576
0.00017705202648069
0
0.00016531920852651
0.00015635801078354
0.00030148638437692
0
0.00025478529626575
0.00079374132902709
0
0.00025010588863819
0.00031891127363075
0
0.00061698388598011
0.00096293455364686
0.0006976332584573
0.00059841442135753
0.00080541767381379
0.00080947735680676
0.00031290364725435
0.00069707157449056
0.00047922116036375
0.0008490178650287
0.00058909857142056
0.00038689533470447
0.00063726933879377
0.0006708157273951
0.0001831060904875
0.00062404144512965
0.00062604673360654
0
0.00050064103174282
0.00072104144560512
0.00030038635691832
0.00063888863177647
0.0005868932568141
0.0008485265230009
0.00059871223119847
0.0005599998580766
0.00079492902818692
0.00084068578088024
0.00086960339218092
0.0012270588928761
0.001655665929684
0.0010037116837752
0.0013802831739545
0.00095901081845171
0.00073033735714208
0.0006961664156491
0.00055974772597308
0.00058730917875756
0.00046314351399071
0.00026170868627114
0.00037062705452959
0.00033789145822975
0.0005040067763478
0.00023514076200788
0.0003227970944003
0.0003227970944003
0.00035887558140355
0.00017494608321007
0.00040212857678589
0.00018182576692256
0.0003817049133658
0.00032762729382076
0.00032762729382076
0.00027059077895711
0.00043224449603535
0.00081998906531913
0.00073607402038251
0.00069969396892195
0.00054379559415473
0.0020796831209159
0.0028331850999182
0.0040165714773493
0.00086119720760475
0.00051160187137905
0.00025121662148578
0.00030904863267189
0.00061817995294913
0.00020680718228909
0.00038806753536944
0.00037191295757968
0
0.00027502968523518
0.00050095743530475
0
0.00018634146464105
0.00019338058675516
0.00025982640153694
0
0.00046882122714961
0.00027346398983993
0.0010375670797172
0.00057802034105853
0.00046190256403187
0.00069499663285465
0.00073947485685445
0.00079300640391653
0.0004675668174891
0.00076153691898241
0.00052473724158419
0.00077775488564041
0.00047043612835149
0.00073657435008401
0.00063570537228411
0.00057929080733895
0.00056362973756941
0.000567505416968
0.00021784507954126
0.00055378392522612
0.00045671109931789
0.00048879067462372
0.00070902050025516
0.00068798905963198
0.0006677662903192
0.0005027710145458
0.00073946400931822
0.00044373869763393
0.00064493258301541
0.00090198365802345
0.0012229364304431
0.0018328627365054
0.002357894008503
0.0017569804009531
0.0015412844891203
0.00047135474947849
0.00078989928922517
0.00047915185910828
0.00043387328486765
0.00043482463400368
0.00026950920410108
0.00068975760796124
0.00022072984628945
0.00058325529508509
0.00034895523830863
0.00021934775884348
0.00055333331346355
0.0002966167686357
0.00018091055616558
0.00021837007373226
0.00040131902857674
0.0002534017492763
0.0002534017492763
0.00046591119211173
0.00040028279858438
0.00031625505559976
0.00049195628797411
0.00056258344935891
0.00063560396456157
0.00043680602826082
0.00051755501330206
0.002354057149483
0.0056636412305598
0.0030898382055229
0.00055666774143126
0.00090099250818946
0.00059319591490428
0.00019902000490424
0.00026200938838779
0.00042872655413859
0.00015733322706799
0.00033408799723985
0.00015733322706799
0.00028211286537967
0.00030146592256103
0.00028096585951092
0.00029661676863569
0.00028530989397296
0.00029658059007148
0.00050843278483222
0.00050843278483223
0.00029658059007148
0.0012176896948242
0.00096138607232138
0.0010792626341532
0.00099849471438451
0.0010278782855236
0.00085301686549044
0.00097901539584232
0.0010991598896603
0.00054099505837049
0.00089388834802015
0.00077398026901736
0.00089159948787869
0.000360013031154
0.00046650943450664
0.00058945942250044
0.00059503949753348
0.00060670998543676
0.00071576611089759
0.00056062850766401
0.00065145974958631
0.00062156615863934
0.00097730360899885
0.00062488616421216
0.0006564937301169
0.0011628112625146
0.00108530176289
0.0010681080655416
0.00108384349228
0.0015303952686311
0.0020144150734971
0.0022930549010214
0.0026684719542386
0.0012634301406828
0.0011847783699452
0.00094138099220738
0.00053555729118587
0.00056478182059942
0.00061897065204845
0.00056755124706949
0.00043099443821391
0.00037381021129195
0.00087255413772492
0.00031025004732159
0.0005250377210498
0.00062663728709455
0.0004987969127394
0.00025406739441259
0.00075819374394735
0.00024086284516482
0.00063900861984204
0.00033799861813662
0.0006819135400192
0.00029711786119386
0.00056704024714876
0.00071119209032012
0.00071837301651327
0.00068086260328708
0.0011316591187441
0.0013344409151224
0.0041490599227573
0.0053774451377393
0.0032815286009622
0.00093463881556483
0.00043795361909217
0.0004230189396526
0.00017920547810401
0.00044217485719619
0.00035665244087206
0.00030339828631906
0.00054205624969679
0.00041647349522907
0.00046290800267172
0.00039727491836416
0.00029483761353365
0.00023703254028884
0.00038893543896754
0.00021063850669347
0.00046290800267173
0.00026055801682787
0.00035873959715919
0.00099486495735901
0.00091524655995254
0.00089395795539973
0.0014990761083392
0.0011100661192496
0.0011824319514997
0.00084253499930361
0.0010380089436392
0.0010814278433364
0.00090901334702992
0.00068275431039489
0.00071324158722851
0.00047907743211365
0.00073356220603322
0.00058103860318352
0.0010298725544838
0.00050756995121371
0.0005650451092879
0.0006905700897457
0.00059974751780014
0.00081188740767913
0.0005576303871476
0.00065758808234918
0.00078269677618871
0.00089080491690099
0.00077555068252198
0.00072197702088181
0.001033125601024
0.0013418276218916
0.0016044392965225
0.0022851965900609
0.0026201561840247
0.0020315957755374
0.00084358312231565
0.0010180401390424
0.00075240809552897
0.00056873802334478
0.0010517314216344
0.00076448178538052
0.00037885808930594
0.00044810874025709
0.00061066069312901
0.00030955815549472
0.00043572609897412
0.00074926401298393
0.00042599007985273
0.0003837067214345
0.00078581810678844
0.00027625043535974
0.00056767871019862
0.0002959198396899
0.00028255264306448
0.00018167159745786
0.0005212273406729
0.00072192916896549
0.00069042905393256
0.00076182596813177
0.00060940047459475
0.00098588144379469
0.0032354047249782
0.0046859886071161
0.0071018172891926
0.00063300040189251
0.0010087207555994
0.00051181742863508
0.00017059605238508
0.00070287647119256
0.00036582094615167
0.00035304813491841
0.00027809843671859
0.0005361313783061
0.00029832659261096
0.00043572609897412
0.0002876681063794
0.00038355122134723
0
0.00031493713695658
0.00016233494180314
0.00034190216073998
0.0002994809179845
0.00084384713493297
0.00052359082510876
0.00094025862701301
0.00063452777722228
0.00084941924063262
0.00089914951864322
0.00063280333267003
0.00061898443089072
0.00069679522892101
0.00064684842356207
0.00043399123762699
0.00067124371162583
0.00057378214902996
0.00065534480848214
0.0005023241629665
0.00064709604182425
0.00037803807166386
0.00069959455033971
0.00035270741156982
0.00041404518021829
0.00053894639549546
0.00061346044900335
0.00076528805954904
0.00044475273706846
0.00053541672229652
0.00059391104392523
0.00083851279857316
0.00077274249486811
0.00115141352191
0.0014693381809725
0.001788194069068
0.0016626403866545
0.0014046931517848
0.0012801195012318
0.00042999674327581
0.00065364823253409
0.00045905765638536
0.00035666374245112
0.00047287809042242
0.00059882907588359
0.00069070059334067
0.00052900889574807
0.00026418101548829
0.00044127138520177
0.00017761376711601
0.0001684198438285
0.00011177333133131
0.00037801076511358
0.00056605617865188
0.00047942877887938
0.0001880454135383
0.00025191145485884
0.00053961864768777
0.00052499913283475
0.00042350104039631
0.0003840192638694
0.00054571562068585
0.00088577538659461
0.00076029080483321
0.0015393154005355
0.005025480057459
0.0039040470412437
0.00059611351233489
0.00081594149527513
0.00040190778011976
0.0011056560673782
0.00053475110012639
0.00058726062864019
0.00026489309177441
0.00050431679812003
0.00059882907588359
0.00025141982331503
0.00028418773477846
0.00040241465986974
0.00017761376711601
0.00070887680809298
0.00012539864150289
0
0.00022927375190682
0.00012539864150289
0.0004050383556193
0.0005091314564252
0.00046166160463051
0.00046050312965721
0.0005469288645486
0.00041673617854202
0.00059307218622066
0.00058772555756473
0.00042328246987052
0.00032979292706057
0.00037346510331603
0.00038404138903022
0.00029306776499797
0.00053224066083492
0.00032324912492281
0.00013262682213702
0.00039268345807605
0.00034124415325571
0.0002344855511675
0.00031557904161985
0.0004999952667941
0.00036501403438383
0.0004726258708158
0.00047491591563997
0.00049471264507634
0.00053333148630415
0.00035969112294178
0.00051159866234485
0.00078308562771325
0.0010629932607749
0.00088488637639585
0.0015649653245513
0.00094659780227977
0.0005145331791866
0.00038067530033555
0.00055993911977728
0.00050317888699634
0.0003800731486677
0.00038681490854264
0.00023870909778521
0.00026289738139381
0.00012071868731857
0.00016937684126219
0.00020713056499802
0.0001217305038068
0.00032512908803069
0.00010166336212769
0.00013988805965949
0.0003508436373918
9.2458247845941e-05
0.00022820000159269
0.00028570702790141
0.0001901259782701
9.6285084597132e-05
0.00026510601108156
0.00033394791351815
0.00027026009949804
0.00030132451833227
0.0009515322365566
0.00068475575780474
0.0032454344804652
0.0028618216824652
0.00067688712318192
0.00030540231065029
0.00060012750475182
0.00031228478525265
0.00018924445770375
0.00034971298751609
0.00022269766846385
0.00023139433669887
0.00012060937386834
0.00013752461495332
0.0002250593872787
0.00017455595273468
0.00014783695863964
0.00037542865725173
0.00016067941008364
0.00015663770686227
0.00013988805965949
0.00013646534080909
0.00054962727004577
0.00036452482634961
0.00053967689334483
0.00038989480796742
0.00050176208983257
0.00039470994521604
0.00045190318848059
0.00053925042791923
0.00038879634264266
0.00020758934754111
0.00049644975466358
0.00034434506097452
0.00026299076303184
0.0003232661369206
0.00032464266501604
0.00022127625165508
0.00039264385782648
0.00022066616026838
0.00033633244689381
0.00030819775644229
0.00020508899056085
0.00033470878488066
0.00074796799998342
0.00037981502482101
0.00041318104268347
0.00036501799258213
0.00035525885584655
0.00060728812507832
0.00058674357078566
0.00068090604848725
0.0010930522312281
0.0012229191959152
0.0012051997724412
0.00038194634164262
0.00044064395667246
0.00069946767517218
0.00020795031559865
0.00021455103596398
0.00028049384965566
9.4856506274505e-05
0.00021000878595403
0.0002312982317902
0.00026459467973214
0.00019858099988893
0
0.00038249144977047
0.00024171299383222
0.00027271107346874
0.00026896897867609
0.00010881444667079
0.00024619998629756
7.5160053843198e-05
0.00034101221071528
0.00027850579889096
0.00023078732174878
0.00033955657903655
0.0004930384942226
0.00037636595547631
0.00051158885280511
0.00035423047498231
0.0028587032476085
0.002887448815322
0.00072452916204114
0.00035600021949415
0.0001623832743319
0.00011114915056187
0.0001049085038306
0.00031122080468246
0.0001908165451611
0
0.00032363471075368
0.00011344867369393
0.00038912772389818
0.00035565863045366
0.00011479931030848
9.7404524916929e-05
8.6210682319157e-05
8.6210682319158e-05
0.00021681797099814
0.00010009578727019
0.00037770213571205
0.00051030584218691
0.00068094197049584
0.0004090959566588
0.00037778209839266
0.00039703859971643
0.00052562536930333
0.00051233677127797
0.00059227251651551
0.00054854311226327
0.00042743280102123
0.00039830094943183
0.00033402881725035
0.00022092442150365
0.00035600795432342
0.00037353934811082
0.00023392360067141
0.00048708422700078
0.00033326615854108
0.00032138708706954
0.00037358336095595
0.00027798754019212
0.00037428283950845
0.00028862082729706
0.00048483748343277
0.00044082250154114
0.00047206981610034
0.00060653395945962
0.0006741101105154
0.00083771586097827
0.0014764938616542
0.0012596787822817
0.00096412768327985
0.00077920052286716
0.00047093222602243
0.00065804277329199
0.00033723086682597
0.00051387308839064
0.00040454385584739
0.00064224864448302
0.00013664854352665
0.0002089297058768
0.00024927892491379
0.00024830719358649
0.00013134512851796
0.00029708452591643
0.0002728065343192
0.00017463585749998
0.00036596127551069
9.1450357838818e-05
0.00011682981964945
0.00027530310694515
0.00021605538716966
0.00039027136119329
0.00031973254712302
0.00037088217825228
0.00013582830536603
0.0011563925262593
0.00060346167806614
0.00078034623354648
0.0032722634586749
0.0029309618101259
0.0013149658659468
0.00035355940978543
0.00045888491387067
0.00022466492379804
0.00040627443285552
0.00015115062235468
0.00033404193460639
0.0001912428136801
0.0007015756529355
0.00012853569727048
0.00014547841833065
0.00012423596356737
0.00038921760576408
0.00019963771839794
0.00017463585749998
0.00017463585749999
9.9269737479778e-05
0.0002809974022551
0.00065637904700697
0.00054532053213477
0.0010607939373224
0.00062693752449219
0.00081403873226548
0.0008618770557497
0.00067623638793268
0.00080204755515984
0.00059773584230352
0.00050277559116111
0.00042018250249442
0.00063862490799696
0.00054277583547155
0.00051370149530652
0.00058510532165882
0.00040073976400341
0.00062508792540327
0.00048863587953856
0.00055896245995274
0.00093456892984672
0.00051748439853858
0.00051895607648906
0.00043157734306036
0.00016500912777517
0.00027796769640195
0.00084825065137056
0.00094399773588586
0.0010356431170698
0.00094840804575105
0.0014117946930041
0.0021986550743744
0.0015213987007485
0.0018384988296277
0.00084075867601351
0.00090623617541117
0.00034063017147551
0.00040524319417199
0.00030509972335769
0.00038827451442265
0.00053461000501904
0.00032313667158004
0.00036111455372457
0.00016121319742568
0.00051031651461258
0.00046323829722946
0.00017816005342614
0.00017603164916021
0.00053024074804283
0.00067806145619173
0.00029195149843593
0.0006075995278778
0.00022110961516801
0.00050618881541502
0.00058439055258509
0.00045482383089436
0.00012860921259476
0.00047066491912518
0.00054387841728506
0.0002684166710443
0.0011393307023885
0.0034765428338319
0.0043800350156741
0.0015429838818657
0.00043376754021959
0.00073760836371431
0.00058347949496645
0.00055621298509616
0.00025156228526705
0.00018096083708708
0.00013694072616806
0.00018693912311362
0.00030611713142494
0.0002249767666359
0.00044413116085737
0.00034519596813031
0.00014063421952908
0.00019188050265406
0.00022214893742959
0.00037180345773517
0.00023451665106571
0.00071296230633744
0.00048276123414718
0.00059195855642579
0.00069956348435752
0.0007325441792048
0.00059320875696437
0.0006404728859943
0.00055473346222299
0.00056306201420461
0.00063791077664397
0.00073099473229212
0.00022409423048632
0.00065335456425191
0.00035880920693756
0.00049826630368391
0.00032453424450693
0.00035017111275229
0.00038002816953582
0.0004426275505655
0.00045052391204356
0.00060185393909894
0.00038536673767278
0.00030077480364506
0.00071341935261479
0.00063552905135731
0.00056205525069149
0.00068572235304151
0.0007880021510564
0.00072384465388337
0.0013834190101697
0.0012817297629982
0.0019890123219749
0.00065309282230218
0.00072989921498807
0.00068694850748363
0.00047166739700694
0.00044397534304141
0.00028690165647156
0.00032193742480501
0.00033134247646596
0.00042444546060596
0.00051093959069099
0.00029158215393528
8.6734728528385e-05
0.0003421037797395
0.00031948322189412
0.0004994363269158
0
0.00041173371829418
0.00019751035763597
0.00032160073532574
0.00025538335495806
0.00043484000131693
0.00042791387632597
0.000438574033803
0.00043729235591355
0.00035192511892268
0.00036976415943627
0.0010940950888106
0.00065758361301508
0.0035199279686398
0.0041774956737313
0.0012766867750258
0.00079819838796571
0.00059545772174791
0.0005204299544482
0.00014786527903636
0.00050769012862113
0.00015291970494857
0.00035877495214703
0.00021903014462801
0.00020518121621394
0.00042839821423189
0.0002095974293274
0.00020821656205718
0.00017728195663903
0.00025159693719613
0.00020586685914709
0.00036495078755726
0.00048656791191155
0.00098681241883269
0.00083484767995895
0.00091229853797829
0.00091376760995456
0.00078508141116161
0.00075549870092529
0.00057063511626832
0.00083292030808458
0.00089126228138349
0.00085555004408426
0.00062253316641309
0.0014063785391641
0.00028309456532431
0.00075133856021027
0.00048376478122922
0.00049694262223759
0.00086362411486648
0.00055972686800709
0.00039510468992826
0.00071194574384748
0.00035059180295101
0.00054797826709667
0.00075602930410142
0.00063769528139315
0.00072854790052794
0.0009987320912997
0.00065883983904252
0.0011471271149771
0.0014033223913506
0.0016160613907341
0.0020430655296106
0.0028295413705842
0.0017443401647348
0.0006347396348738
0.0015200130832805
0.00046246765129996
0.00071847449482741
0.00056847296480687
0.00064242243136844
0.00058315553902479
0.00064255304356268
0.0004373728193148
0.00064511851876151
0.0005594770042506
0.00028309456532431
0.0010516152611368
0.00025435578457327
0.0004373728193148
0.00054367487079928
0
0.00044783752789278
0.00024151093536102
0.00054119739099816
0.00059951161307604
0.00053491994071702
0.00026257245945816
0.000353838526004
0.0004124527646296
0.00097732927257781
0.0010663105078801
0.0029091340013896
0.0049894100755272
0.0032918350796719
0.00069475254679141
0.00078467890055041
0.00036247662845906
0.00060419994479942
0.0005542834323235
0.00057563058458974
0.0003388726311489
0.00033887263114889
0.00054359603041654
0.00058185136598615
0.0002208126333233
0
0.0001911599537292
0.00024020257199073
0.00030652457902115
0.00030144063442593
0.00045790615194079
0.00052444433788463
0.00050076169830532
0.00049881065913276
0.00056449346798345
0.00066771602230069
0.00064745184740048
0.00060212466284075
0.00061146263329641
0.00036391262997815
0.00045276334322654
0.00033867563532485
0.00069837742383842
0.00032444559804467
0.0001518513750937
0.00026490187348161
0.0004443504374641
0.00033322175892734
0.00053626046939995
0.00037383548261031
0.00029013535052542
0.00028375179970725
0.00030134051114082
0.00049526821790003
0.00060646626333606
0.00043111500878202
0.00046721292869738
0.00071011465030592
0.00038727319293245
0.00054829439142834
0.00089328188074752
0.0010229895447821
0.0011727951964397
0.0011538081204632
0.00068451432781752
0.00077489193401099
0.00018898228114429
0.00086196712656034
0.0001305658464141
0.00054567298685622
0.00014289839796143
0.00041614815284456
0.00016585925044381
0.00035322206505232
0.00014348056891077
0.0002538008682285
0.000100485768898
0.00041346547920632
7.5857245375055e-05
0.00041287282801362
0.00018042635856496
0
0.00026345793677052
0.00017071564547741
0.0003077870764478
0.00040361477993074
0.00038706569237346
0.00019873013317096
0.00039435327547857
0.00027536866509565
0.00035692765379418
0.0025858518254584
0.004103771862541
0.0022504835914035
0.00043106600269196
0.0004560231924617
0.00010029054341959
0.00040796067389602
0.00040054700605672
0.00036244995039413
0.00048966651284593
0
0.00022155386316203
0.00056195701717867
0.00020211521991229
0.00044506377501449
0.00049219721231237
0.00014637496997311
0.00019379090457098
0.00041498294281207
0
0.00062775261972195
0.00096628239501299
0.00052432649315235
0.00085502813534835
0.00060558847456424
0.00064616616930111
0.00070676937458574
0.00057378572151039
0.00049623148304743
0.00060152344464236
0.00052285552953575
0.00064084700676339
0.00060565886559695
0.00037942773290956
0.00039775010102757
0.00047099870741803
0.00044536229882467
0.00040158603747867
0.0005769282782288
0.0006482501267608
0.00038586121128193
0.00069436429787752
0.00040849899942637
0.00026326127976109
0.00045481292385896
0.00065821952011141
0.00096042556281772
0.00068091999289271
0.00083347099599454
0.0011803005177636
0.0017536772747679
0.0019634994927936
0.0013764813304231
0.00052047835713425
0.0005653964441061
0.0008570805455155
0.0004382305305824
0.00094751818841141
0.00040834317233748
0.00056578855891029
0.00052467869447067
0.00038166640026211
0.00040532558283467
0.00014207391672735
0.00050136376285413
0.00013075217947567
0.00048439229347522
0.00025839964371548
0.00015676136300857
0.00033867781671999
0.00061471642848396
0.00024683861204661
0.00026615868954197
0.00019350714509978
0.00036742714468273
0.00023859516953469
0.00017480337962602
0.00036742714468273
0.00058317407228654
0.00042091472557077
0.002509627182798
0.0043156124359924
0.0026708964282291
0.00049910684907153
0.00071710270543985
0.00026818702356627
0.00091162505028494
0.00055019175028219
0.00015409028986488
0.00032739987730866
0.00046947192123901
0.00032739987730866
0.00014207391672735
0.00030107965637753
8.9446077282721e-05
0.00026616414926701
0.00032862539945501
0.00046816189476747
0.00015676136300857
0.00046816189476747
0.00089335332726917
0.00071055607196373
0.00053889071300714
0.00064489593322721
0.00091500462684826
0.00063821214626277
0.00095334538895452
0.00029205668923913
0.00070369465917177
0.0010150896346785
0.00073291653545119
0.00044722045341668
0.00070206866331548
0.0003718374263049
0.00064933446830861
0.00052732342987641
0.00052257187157178
0.00064844716333412
0.00046865723175188
0.00060696459703474
0.00058798241853341
0.00048054111185279
0.00061920961882725
0.00084038407771023
0.00042722125139674
0.00065970110904498
0.00084615345877943
0.00094906511116695
0.00048894594768228
0.0012787339943037
0.0016075139204933
0.0023322919543775
0.001791886878006
0.0013234646092055
0.0011433733355216
0.00058875005296908
0.0012221419272114
0.00031326436379229
0.00020219672233101
0.00027152556059503
0.00059623751106907
0.00042148544783812
0.00096001122444739
0.00020168729049175
0.00058702181711756
0.00026540925386647
0.00026540925386647
0.00064221007763929
0.0002383501632184
0.00033571560768075
0.00074688323981539
0.00045236185299385
0.00045125862727137
0.00053089857106837
0.00038632673069771
0.00027125903327422
0.00048366526583106
0.00072277514552681
0.0011891060255574
0.00094763642965695
0.0010410757677587
0.0046834355143603
0.003979554341946
0.001281786399302
0.0007957783039763
0.00032780768359127
0.00056405513042016
0.00077295005608077
0.00044141193398773
0.00030324241606984
0.00030324241606984
0.0004083088853075
0.00042382815645585
0.00021301321470111
0.00030572715350351
0.00075933193873897
0.00022987425163445
0.0002383501632184
0.00024541278139801
0.00029083376234794
0.00049624646687109
0.00074714000366081
0.00056700214592924
0.00080669123253794
0.00029264363390242
0.00060795201962053
0.00078487376872362
0.00051431419791688
0.00081497338844365
0.00031633704714207
0.00033123741322324
0.00051692670744317
0.00050447260801077
0.00078186987780628
0.00017022976634561
0.00036652269193746
0.0003097865668984
0.00054138228439556
0.00038823361343345
0.00050863492750311
0.00056845945410781
0.00040726181286041
0.00057205901953592
0.0007938277589622
0.00051816356685889
0.00094882429779878
0.00049090364554602
0.00066425445887589
0.0009538525650492
0.00089898959795362
0.0014168341869255
0.0012137975921796
0.0020633238905433
0.0011414673595949
0.00087637711240944
0.00056012089234588
0.00071820694563888
0.000325767257756
0.00024915568308286
0.00052481665998225
0.00040255687116744
0.00017220239927426
0.00061986788696941
0.00017066188807327
0.00015840475406301
0.00045980953718297
0.00024236487495992
0.0001043122862469
0.00068090195506358
0.00023503777209777
0.00013058723719043
0.00013519370327809
0.00058947747442825
0.00042299515957799
0.00046788598197425
0.00024216996331838
0.00043236650122613
0.00044451155909989
0.00043763429106079
0.0004170533527344
0.001375108385255
0.0042074835666047
0.0037850929301803
0.00049539155729621
0.00039951964787807
0.00043524228732615
0.00025987191546729
0.00035599647651001
0.0005474876886489
0.00024915568308286
0.00020935859174695
0.00024915568308286
0.00053502325476975
0.00040418999373997
0.00025047578208377
0.00017542393625492
0.0001710651497051
0.00062246865858547
0
0.00029354461026664
0.00098819208647742
0.0009960968313947
0.0010861397433872
0.00045971326124075
0.00070360914963507
0.0011021388305779
0.00045429244292357
0.00076677999313221
0.00079839304866785
0.00051276496220322
0.00069016316092594
0.0008759882508806
0.00066580687901454
0.00055110805964319
0.00048162206596504
0.00051397785881746
0.00046189238290013
0.0001577477476454
0.00084190277009448
0.00059694555343525
0.00053761935918399
0.00053761935918399
0.00054631865959012
0.00058848958112155
0.00078836496721184
0.00085928478040869
0.00078855559755112
0.00081117450020498
0.00078424949756648
0.0012523934895459
0.0016827008598643
0.0022614560091373
0.0018708563876365
0.0009088385026152
0.00093020148427981
0.00049598701868268
0.00082054331590092
0.00054721387702229
0.00019611621264373
0.00075951635293182
0.00046333705483125
0.0005810149481535
0.0004181893413153
0.00061342066583405
0.00068501940936793
0.00027313686199921
0.00018339767790017
0.00024770731321681
0.00056802198572181
0.00027810347928537
0.00045098769398126
0.00045098769398126
0.00053927208979603
0.00021449709219689
0.00024619290564153
0.00086291262669044
0.00070055971336935
0.00057199081178548
0.0012650272342179
0.0001977906615774
0.00097118454233066
0.004826685081964
0.0050792364278388
0.00099690095731343
0.00078432988678595
0
0.00025245896234411
0
0.00056493638239375
0.00046333705483125
0.00030775728704827
0.00019611621264373
0.00046333705483125
0.00030100072312865
0.00042076980546144
0.0004028098105392
0.00016679534916723
0.00019165394246039
0.00038400359107041
0.00027300458035782
0.00060159304682676
0.00084380190759694
0.00065062189198717
0.00073284407528264
0.00025188998425588
0.0012761095220734
0.00057935304008598
0.00040365947707752
0.00088049558564535
0.00041872074697607
0.00053888139426942
0.00046128466423149
0.00055877660546172
0.00035967805379735
0.0005924131555465
0.0005397522783115
0.00066927652365996
0.00026066113760784
0.00059615905440164
0.00052611772247492
0.00033536923908597
0.00060468947107208
0.00068367867257601
0.0006135883049352
0.00063031741993265
0.00040486029252939
0.00063188826686898
0.00056453070228885
0.00091367825495552
0.00078360124587133
0.00090604752506988
0.0019259157258258
0.0016572465919092
0.00098921000687153
0.00064681300215748
0.00057236227328389
0.00093268827801799
0.00018456158413709
0.00064449991724201
0.00059694133643698
0
0.0002809357799042
0.00034537962158685
0.00020453343739477
0.00019561148213531
0.00026717335314643
0.00070022668804673
0.00019788944087444
0.00021299107524718
0.00020278521842176
0.000265193819243
0.00019441129398337
0.00042352012870753
0.00022407477759171
0.00018338287916679
0.00047159488511245
0.00027179405986805
0.00054276733661208
0.0005554015128042
0.001030585239678
0.0012894921107086
0.0023382862446973
0.0039494319218226
0.0013561246441647
0.00090773547140609
0.00091955657971618
0.00055961807859789
0
0.00029837885099067
0.00033980043707683
0
0.00018456158413709
0
0.00022390174844206
0
0
0.00019788944087444
0.00028799731607921
0.00020278521842176
0.00035081271513205
0.0016303694033577
0
0
0
0.00378523696064
0
0
0
0
0
0
0.014417833968054
0
0.0087850313285504
0
0.0038597538977197
0.0066613722557754
0
0.01278273156511
0
0
0
0
0
0
0
0
0.0050766338098472
0
0
0
0
0
0
0
0
0
0
0
0
0
0
0
0
0
0
0
0
0
0.013241198767588
0.0070338214778931
0.00722565945479
0
0.0047822558053956
0.0056471550224957
0.0073281049854138
0
0.0077666372155569
0.0049533415833912
0.0095205785922622
0
0
0.011977028244794
0.008298958800852
0.0075569790375599
0.0068371053104047
0.011932270469711
0.012132114928518
0
0.013250400474287
0.01635630460462
0
0
0
0.020250731407825
0
0
0.034943264332312
0
0
0
0.00062903740724254
0
0.00024380783199554
0
0
0.00035720008147685
0
0.00034395211006283
0
0
0.0011339832201176
0.0010174124783156
0.0027960426317735
0.0028557202297514
0.0018114454295911
0.0022380105068229
0.0021241890076389
0.002388088438054
0
0.0023505408133361
0.0012980113717219
0
0
0
0
0.0004354451785649
0
0
0
0
0
0
0
0
0
0
0
0
0.0032496136582625
0
0
0
0
0
0
0
0
0
0
0.0094379636571785
0.0024332485984795
0.0088847522790162
0.01239062516462
0.0068511456483772
0.011676601785234
0.010753253838241
0.010849596015599
0.017291177397306
0.01688557805888
0.012872124774821
0.0085187918298412
0.0053479401011651
0.0047442402643552
0.0070342150946579
0.0036653581568136
0.010331905463596
0.0075190420508404
0.01617522026504
0.0017812349592001
0
0.0075100465004268
0
0
0
0
0.0038167700707614
0
0.0072821300876485
0
0.00052891643425894
0
0
0
0
0
0.00045087932257841
0.00030982552083191
0.00054467204530366
0.0004360503592567
0.0027144478547648
0.0014814427060023
0.0035856317743094
0.0018043488074199
0.00086005748828341
0.0014062753750622
0.003242983246482
0.0027614620716586
0
0.00064606420043914
0
0
0
0
0
0.00082700450512391
0
0
0.00050971796505543
0
0
0
0.00074678549796233
0.00058922398348292
0
0.00081276840743296
0.00045173129357805
0
0
0
0
0.00041636234009056
0.00089048120279669
0
0
0.00050996125488911
0
0.0034116587937708
0.0028765937917418
0.0017074875446867
0.0045994021183889
0.0055221398786302
0.0028045254138364
0.0044682737368439
0.010152619249628
0.015242072644398
0.0084330285560359
0.0097723096046996
0.011892550129677
0.0060326601387303
0.020514567782238
0.0048643361461908
0.0066134943752948
0.0014361841511867
0.0066442635394385
0.0054430774853264
0.0039961635366522
0.0018265175674089
0.0025713356898616
0.0028898130830781
0.0034589388014048
0.00089231407224213
0
0.0016219600541829
0.00069479552376631
0
0.0015813874431894
0
0
0
0.00025118416873146
0
0.00025943086047619
0.00031358295522463
0.00070108263544805
0.00030943710438267
0
0.00056472951979685
0.00044294083815704
0.00045755179650982
0.00058571150324368
0.0017351955073426
0.0029491773667694
0.0015739908771838
0.001185858330168
0.0013334052456895
0.00055601197979857
0.00037614399348522
0
0.00037223869641428
0
0
0.00026301710644073
0
0.000334312972378
0
0.0003987760714547
0.00055509120920246
0
0.0010736035975306
0.0007892469684161
0
0
0
0
0
0
0
0.00066324323597258
0
0.00078647425864922
0.00093487923048399
0
0
0.0008452436416337
0.0011628471998331
0.0042038993211152
0.0040502645727811
0.0045767477327774
0.0038893416023259
0.0027180318328543
0.0049841635189085
0.00324474715606
0.0032210088121163
0.0090100496754927
0.00099784719672032
0.008447736033874
0.007000570696949
0.0070022392241933
0.0042773371376631
0.0055452214345793
0.01185606628319
0.0051102574338338
0.0031192690676099
0.0050507630499339
0.00232811512487
0.0026297069310703
0
0.0049551308453055
0
0
0.0070109560430922
0.0025391222426405
0.0018320286939359
0
0
0.0024920105686281
0.0031637291783508
0
0
0.000313531486043
0
0.00032382511852458
0.00036605024562244
0
0.00038795676451371
0.00058851384844399
0.00064503364698989
0.00097211224370342
0.00054975273431817
0.00059658803154629
0.00060711643158413
0.0018418061240824
0.0011677723665227
0.0012999924216566
0.0026071429299335
0.0010007460846548
0.0024258703205577
0.003360321956191
0.00086632251108401
0
0.00035890403511493
0.00046159782193444
0
0
0.0004825806672255
0
0.00072626991226107
0
0
0
0
0.00081203707917317
0
0
0
0
0
0
0
0
0
0
0.00080601401770754
0.0045611032129507
0.0019249108009214
0.0017311272777509
0.0036696999962287
0.0056787181575642
0.0053731512358716
0.0061213365958025
0.0036888965619632
0.0097791383416428
0.0037356653856024
0.0046966831167275
0.0072556853707923
0.0072447522114952
0.0040770819911357
0.0094157158712182
0.0057745535868454
0.0074947659795166
0.0050216938301545
0.0053384559957191
0.014209811415359
0.00096214335014459
0.0032429679505511
0
0.0035107625472655
0.002793519404585
0.0012623191011834
0.0027772125068437
0
0
0.001761601782892
0
0
0
0
0
0
0.00039679366739926
0.00067541249454682
0
0.00054075097968819
0.00052626337451997
0.00052663612082738
0.00072649818925105
0.00073888211865053
0.0015824746131458
0
0.0015370158993967
0.00093464694884226
0.0038224538956152
0.001055663714038
0.0015850479474039
0.00145989181593
0.0034666893094202
0.0021114858965165
0.0040660292974938
0
0.00055880209492052
0.00053305053070113
0.00067223555084227
0
0.00040748563590947
0.00059793926793325
0
0
0
0
0
0
0
0
0.00074814533286937
0
0.00044383259946552
0
0.000583493398338
0.00076076140772091
0.00085494607697238
0.00067809660196446
0.00075689166344874
0.0017713295967892
0.0012384692660541
0.0048803383353939
0.0080923266396565
0.007193012724987
0.0052913309633892
0.0062567198332773
0.0033921401377684
0.0027759457104394
0.0018761754179652
0.0032020171190324
0.0060827158955536
0.0051799834983646
0.0041822069088643
0.006240034882704
0.008113621052454
0.0013082779517939
0.0074493350586077
0.0054689613546208
0
0.0059417105737207
0.0057520431434347
0.0050005818498215
0.0026503821043597
0
0.001584687680915
0
0
0.0010889340114984
0
0.00142326230837
0
0
0
0
0
0
0.00028149815199794
0.00049885720260491
0.00040629996536168
0.0004392883483613
0.00066771430996781
0.00067890544574427
0.00046174957776492
0.00050033258001565
0
0.00046637267925385
0.00075481051144696
0.0058294546495294
0.0030476840907997
0.0014918667086331
0.0030448161861368
0.0013855879677788
0.0043049503528616
0.0050911721489882
0.0026491695141425
0.001653575204436
0.00059455138929153
0.00055173721801712
0
0
0
0
0
0.00036243599317375
0
0.00061079593067475
0.00056101647424515
0.00098876872947406
0
0.00050558248881969
0
0.00052185561697994
0
0.00055268361576215
0.00061948937173794
0.00064807352178444
0
0.00091513690011355
0
0.0014655315334526
0.0035797525186658
0.0023004427091653
0.0029966986518517
0.0020186132254904
0.0008270084242302
0.0030580285922057
0.0055491561233793
0.0038274906041117
0.0051066230469185
0.0029924272235567
0.0074695866311143
0.0064375061459478
0.0039330425784579
0.0072339907488067
0.003275909252589
0.0024096154744449
0.0054121534566151
0.0062583244988025
0.002855083287877
0.0052951136821353
0
0.0054704935528534
0.0019443933205993
0
0.0034047694771051
0.0012204307929812
0.0012491584879601
0
0
0
0.0032185180937442
0
0.0022085026356717
0
0
0
0.00054274047217488
0.00033452512338445
0.00024753988758598
0
0.00039254754505256
0.00034050265148921
0
0.00073647096531295
0
0.0011015751496225
0.00096466465730561
0.0024603474893528
0.0037606959594696
0.0012516857492499
0.0037236029391952
0.0030942694534318
0.0024994281601287
0.0028136854286025
0.0044433381645615
0.0020501017622559
0
0.00026580747201404
0
0.00055282502579473
0.00041742886673549
0.00058137894514592
0
0.00039661806545677
0.0007413384270558
0
0.00080812300390871
0
0
0
0.00059791370413455
0
0.00047702391983714
0
0.0016844032618706
0.0013331810098994
0
0.0015968425269955
0.0010487580451831
0.0049970036238563
0.0034669644321223
0.00054545074455142
0.0031282341572241
0.0031072055302713
0.0022687722890551
0.0029310248508189
0.0018554568514279
0.0025550314716507
0.005106896329505
0.0031193608391961
0.0019110614727881
0.0034853281874212
0.0088648752404187
0.0032190849894432
0.0042452385751988
0.0030092685112354
0.0073643548958422
0.0046379310424001
0.0066849199492525
0.002868374834069
0.0047958050052089
0.0044490470055507
0.0045041573169613
0.0046455538631283
0.002048104646563
0.0026226530630526
0.0021155336828647
0.0014734714945514
0
0.0010813847364503
0.0013860405685211
0
0
0
0
0
0.00016848211566488
0.00022854447043762
0.00032314380083693
0.00017688205128125
0.00013868830876574
0
0.00039807993345113
0.00076275710571914
0.00040499238082512
0.0020384619935369
0.0018774607869756
0.0018495170974949
0.0021178401636575
0.0023600661482593
0.0027270162560503
0.0023938640184955
0.0012572164306224
0.0018239062896601
0.0022617462446527
0.00080436384007248
0.00093315781370144
0
0.00036677049807942
0.00063133856571271
0.00043330301630261
0
0.00047629508862262
0.00094129967711774
0
0
0
0
0.00080585646668719
0.00037983788005824
0.0017098226454023
0.00070275136323687
0.00053965144760426
0.0011945466045982
0.00048775613690089
0.002196983824187
0.0012805332545812
0.00068911888117488
0.00090793615132123
0.0011800650177149
0
0.0018952510533347
0
0.0008257128882628
0.00074576213729483
0.0034935771884255
0.0047986841268807
0.0053223794813994
0.0026583937554913
0.0048874063540253
0.0049439132266501
0.0032871760715508
0.0023080822338724
0.0055253500225604
0.0030120206449502
0.0035064833016036
0.00077698581519983
0.0050641344208912
0.0025892598286243
0.0038202158300071
0.0058548988616453
0.0039494188290717
0.004007366675951
0.0016976239883157
0.0066965494330151
0.0051341138652025
0.002288913198032
0.0011524293581211
0.001538676025933
0.0021722865635578
0.00086050372341741
0.0011570725154223
0
0
0
0.0020472364461517
0.00012377961356304
0
0.00012784345374322
0
0.00032903000181179
0.0001817685985137
0
0.00045771351737301
0.0001650448782281
0.000150039487173
0.0012471831104643
0.00037528919362813
0.0031192344080421
0.0011727271292155
0.0016983578210815
0.00051710140019599
0.0021227199111085
0.0026582681230524
0.0048594752615312
0.0010023232376009
0.0004537066360236
0.00040626072442143
0.00054224490738711
0.00052136225946961
0
0.00053408994559529
0
0.00049288552330197
0.00086006973337324
0.00036168921644406
0
0.0018926872751155
0.00094924854471496
0.00068311166807823
0.00069050706441881
0.0005385034995433
0.00052127076924738
0
0.00085043177330815
0
0
0.0013036126274796
0
0
0.0024590935753529
0.0026255072258092
0.0027497894891625
0.001579810805768
0.003162204377148
0.0018363205909128
0.002908909068376
0.0011728689149706
0.002974957655659
0.00047998234126195
0.0007798210378462
0.0066150661548868
0.0025724807824678
0.0046892191916624
0.00096855069945879
0.0040818537310386
0.0060791943201935
0.0039335437402404
0.0049487948156888
0.0022847378765978
0
0.0035847351052085
0.0016585325181117
0.00057265606460282
0
0
0.0024885481831385
0.0037802579653147
0
0
0
0
0
0.0025271713663901
0
0
0.00016102130779922
0
0.00025110641840551
0.00026323971978432
0
0
0.00040321509637459
0.00083067300177316
0.0004280169110904
0.00026547984506171
0.00072071980023861
0.00075537377880348
0.00050610130562054
0.00019119319465309
0.0015875791062043
0.0022245718977572
0.0012647132707122
0.0020175529451378
0.0031194912971283
0.0011618220814867
0.00065480767367539
0.0002216508279318
0.00027858237410685
0.00048318460873038
0.00054991230331159
0.00033760853311168
0.0012793376606985
0.00045189448907562
0.00045650848775019
0.001212008415614
0.000408538873302
0
0
0.0015235910444912
0
0.00042305662541556
0
0
0.0015299483106052
0
0.0005312602632118
0.0016350208729962
0
0
0
0
0.0012858147132751
0
0.0027639798384412
0.0039664735530432
0.0038770777939483
0.0044503139773067
0.0060419080680574
0.0037468147172788
0.0029779532980879
0.0026222714638657
0.00056565172014495
0.001853832351354
0.001856953869192
0.00072906580491784
0.0053425989414095
0.0010529378387925
0
0.0054945475777761
0
0.00084898087177937
0.0030161119175626
0.002855805966361
0.0024701782668183
0.00082653749053561
0.0043942443593769
0
0.00092074157575144
0
0.0012122514734915
0
0
0
0.0030607030673464
0
0.00027549827735826
0.00025770909574577
0.00052526338187189
0
0.00022408797056893
0.00022784376682347
0.00026924947315551
0
0.00026331112246917
0.00084785955743754
0.00078511565933592
0.001087454533585
0.00025008747064642
0.0010878902806735
0.001292382712048
0.0022337599996188
0.002615490503109
0.001165832738453
0.0010178002286263
0.0013928398598952
0.00072429298679129
0.00035108909740638
0.00051515363423382
0.00089833762925614
0
0.00074864948331458
0.00028095153120778
0
0
0.00094338550532722
0.0011376511023414
0
0.0015965912545681
0
0.00033776710528114
0.001675828468335
0
0.0012601524709333
0
0
0
0.0013278855825479
0.0017493990012522
0.0018121137937205
0.00096148473329022
0.0013507479889942
0.0007149844683178
0.0043073571248237
0.0025362334364451
0.0023793796926976
0.0030658105938113
0.0020055657371874
0.0013296341396248
0.0036610331569695
0.0042127188832848
0.0049423732136572
0.0045072197969636
0.0025173839542904
0.0017357237384515
0.00064703382340684
0.0033489434017488
0.00091102051872391
0.0051019239575572
0
0.0010480182809577
0.0061994964881239
0.0054627500049473
0.0040028339397936
0.006807032613084
0.0042698187131623
0.0012387941415756
0
0
0.0021606904240463
0.00091681126321143
0
0
0
0
0
0
0.00035942721385772
0
0.0005721916061084
0.00035075496758948
0.0003517332350518
0.00025956281262552
0.00036377523503296
0.00037071136829604
0
0.0002783572820955
0.0008672568380746
0.0020655203191977
0.0023753207282771
0.0016996801597536
0.0024653044712828
0.00066098093517849
0.0010517269178303
0.0021365647442464
0.00073953907210564
0.0022031108596972
0.00081580771372908
0.00086994077375178
0
0.0010944755562726
0
0.00019998914125084
0.001185229767673
0.00026465303827871
0.0011614877385152
0
0.0011181735037096
0.00037019727666943
0
0.00060887188070811
0
0.001336432045273
0.00054358545150846
0.0010788721274355
0
0.0012264774766893
0
0.00049140373902936
0
0.00028637078765957
0.00040413254698901
0
0.0014005339200476
0.0018582067653176
0.0025530595652404
0.004292935681842
0.0019908907015296
0.0014896360190559
0.0033754002971731
0.0027072929509032
0.0038288651099426
0.0024180003218344
0.003559206013504
0.0034274969496665
0.0037274499997692
0.0029834601303388
0.00086711308607572
0.0017096343940579
0.0030989614218581
0
0.0044447847635186
0
0.0034170434961459
0.0058998065782586
0.0040788176914897
0.0027583435198561
0.0039968866852298
0.0038892956204587
0.002585879018512
0
0.0020683277152552
0
0
0
0
0
0.00044723903963989
0
0.00043458995894231
0.00019340397798231
0
0.00091938154611378
0
0.0010481020613523
0.00044414886125658
0.001674251041418
0.0020738085242527
0.001814699509925
0.0030072039178568
0.0029190330515157
0.0018917717384733
0.0027105576023939
0.0045870262441149
0.0036287743903156
0.00087328053605611
0.00097557900536457
0.0010032340671151
0
0.00042064055907497
0.0004816497007605
0.00025831389276457
0.001301630486367
0
0.00031103514775054
0.00084158996884465
0
0
0
0.00082869192562315
0.0010520655460146
0
0
0.00088953294517863
0.00022051417047835
0
0.00082916931150147
0.0010928813844226
0
0.0011113566245632
0
0.00092428578759613
0.0019095621660369
0
0.0015481424617742
0
0.0013527654838663
0.0093798548223604
0.0019204579092739
0
0.0054778288542918
0.0025694567025547
0.0017244939483381
0.0014579028272047
0.0039307993307835
0.0009411674774569
0.0045841233944283
0.0033630390999468
0.0027292775719848
0.0022716484735281
0
0.0067302160403124
0.0034586937623095
0.0053010315680267
0.0025213651587879
0.0063877389169693
0.0053028193815046
0
0
0
0
0
0.0060317258635039
0
0
0
0.00037448524003797
0.00028275337112708
0.00030272377728518
0.00032944386893569
0.00018040539917322
0.00018342905957231
0.00025054393881806
0
0
0.00077353241043198
0.00030555997267392
0.00029794892578898
0.0022128837734406
0.0028826607174273
0.0028135931385358
0.0037014495566559
0.0063945359463623
0.0075803173199639
0.0046565585679723
0.0025378096172141
0.00045241340615535
0.00090775538724865
0.00024101220611653
0.0012953389505993
0.0012616331086146
0.0006637048891378
0
0.00029479409898361
0.00041304826778897
0
0
0.00070739995819095
0.00067717789517524
0.00022765731653608
0.00085864773797151
0
0.00070693285065554
0
0
0.00078053389850979
0
0.00089831502931148
0
0.00085443971200022
0.00099507377929002
0.00081980687892044
0.0006066288527167
0.0011132280263382
0
0
0.0011455344650183
0.0023908561831646
0.0052900043294606
0.0055491684283263
0.0047383096237741
0.0057145293798157
0.002829066731841
0.0028426992352501
0.0026121679422252
0.00079535731979786
0.0012923694415053
0.00070922059682537
0.0042486398084563
0.0098302002036142
0.0062465004895683
0.0042305160449741
0.0032568638072716
0.0035236930981171
0.0018935745304579
0.00078396431261383
0.0046670066706508
0.0034864134528294
0
0
0
0
0
0
0
0
0.00023979682180114
0.00036859256796382
0.00011663583858186
0
0
0
0.00064948863890844
0
0.00042139424399836
0.00043108858948258
0.00091331094741869
0.0017708603871538
0.0043512925209457
0.0054964065977556
0.0025166105676808
0.00612842345756
0.0034978322842653
0.0012790871369672
0.0033461387146392
0.0057464594477927
0.00099119464082852
0.00052407566730109
0.00042869549607259
0.00038860519260495
0.00082601859525929
0.00059752820812136
0.0010199546791257
0
0
0.00032334001851843
0.00025921663160475
0
0
0
0.00041547303651171
0.00050770818781693
0
0
0.00062011613562889
0
0
0
0.0010135164898708
0
0.00037479330013724
0
0.0016855833195966
0
0.0028839119210827
0.0028856914150998
0.0010577176011234
0.0017757922745487
0
0
0.00081228188042908
0.0017634571532074
0.0022817024634088
0.0082090134859335
0.0021249476778432
0.00050154834064127
0.0023852132409245
0.003274888223541
0.0017537139047037
0.0024107875210013
0
0.008784444608433
0.0092676811900658
0.0078814646824017
0.0060123200769899
0.0061387163685148
0.0034000702660717
0.00084876525174613
0.0014314759362522
0
0
0
0.003579075439912
0
0
0
0.00023703351441685
0
0.00029746136974225
0
0.00030739037934459
0.00040292632996523
0
0.00039011644262575
0.00021027744647634
0
0.0013633745015623
0.00043442621669688
0.0060215043253734
0.0071621153964624
0.0073274814562319
0.0046507404651782
0.0079472728468785
0.004328150197135
0.0072352877578388
0.0037427840895476
0.0023445365478045
0.00048129766360681
0.0010309482043312
0
0.0007549523461681
0.00053742577884288
0.001102541490857
0.00094399385489563
0
0
0.0015992002522485
0.00035922203421271
0.00046495784523268
0.00085215785483572
0
0
0
0.0004077849766914
0.00029029433396073
0
0.00094288525349545
0
0
0
0
0.00058207028063686
0
0.0010666289537878
0
0.00087598200174993
0
0.00080518688293954
0.0016597873642096
0.0020168834438829
0.001592209438403
0.0025730176300548
0.0024737972636082
0.0020250522847471
0.0033897813550267
0.0050860269376662
0.0075460031923939
0.0018097470704151
0.0050732238752298
0
0.0023663341203106
0.0018335120307267
0.0029649877743863
0.0052942001173632
0.0025823402297115
0.0033204825447527
0
0.0039362385019947
0.0029569494954007
0
0.0010314801832455
0
0
0
0
0
0.00042146561707754
0
0.00070366735110171
0
0
0.00044645618468419
0.00063061611801363
0.00031972502134449
0.00085893645995264
0.0010284968956158
0.0010139163199055
0.0018634977566934
0.002401875224765
0.0062484468938313
0.0022451376188818
0.0039263961304342
0.0064545793724824
0.0048685092239023
0.0064575204363081
0.00077631451513027
0.00051653829573366
0.0017504314128195
0.0012226491090421
0.00056404091084235
0.00037469135646833
0.00033013482600247
0.00050343344199628
0.00098434164305106
0.0010776711612416
0.00037100282761074
0
0
0
0.0010939742824284
0.002081525878346
0.00045197117110094
0
0
0.0021453477412205
0
0.001151051321032
0
0
0
0
0
0
0
0
0.0031105239411927
0.00063962119809171
0
0.0025626599953406
0.003238147881207
0.0059217824345733
0.0064308146602542
0.00077371187809012
0.0062618452608743
0.0038245404667319
0.0041965776861678
0.00081606536542163
0.0019063436075746
0.0025974899380849
0.0046902816426162
0.0018520649306571
0.0086919309063995
0.0026252684746673
0
0.013010020090781
0.00075092905802315
0.0036549885392921
0.0036063465465087
0
0
0.0030110172206616
0
0
0
0
0.0054196561167718
0
0.00042802572694161
0
0.00044933508013976
0.00086525976351537
0.00028628748986758
0.0004498117985143
0.0015852547770888
0.00077976170329182
0
0.001504278963586
0.0013217120825759
0.0004002048428617
0.0029085386862296
0.003897118093348
0.0041043850031858
0.006155138553351
0.0049107910549641
0.0040598744869018
0.008153674631712
0.0023854801111206
0.0004625801673979
0.00092310966326914
0.00038469458209054
0.00058466847122315
0.00059644075102968
0.0008889249511582
0.0010190303337884
0
0
0
0.0011336927234905
0
0
0.00061183938811591
0.00077595771719227
0.00078725984813699
0
0.00036140320759536
0
0
0
0.00070526536775043
0.0011293549651134
0
0
0.00040329985812685
0.00086627855981501
0.0013602200078485
0.00089011871852332
0
0.00074886790662876
0.0018549464266923
0.0012791956245342
0
0.0019217303153989
0.0011274352014698
0.0012329044468772
0.0044005869360035
0.0033918965684108
0.0012864325155669
0.002480798042259
0
0.0040596129118991
0.0048794150835465
0.0029789858464432
0
0.003519206041428
0.0013391484320842
0
0.0025650362142607
0.001561904323483
0.0026565790931735
0
0
0
0
0
0
0
0
0.00056035683283965
0.00082696455193922
0.00024293626870781
0.00047193577769387
0.00047984559374388
0.00096806145725234
0
0.0010383048897737
0.0011758522282655
0.0013128827518418
0.0014194425163544
0.0017592239578749
0.0047116434329765
0.0052132787673345
0.0033484780595178
0.0027023260828183
0.0041814449344
0.0046545611285969
0.0042286462170518
0.0010883893720979
0.0029353723059854
0.0027697920402733
0.0018448849029099
0.0013981181838354
0.00065170808274638
0
0.0011851438984538
0.00074605214761751
0.00083644297751357
0.00057931251381059
0.00093129346180112
0
0.00068267253621339
0
0
0.0015858290758674
0.00066091588694278
0
0.00059554658692531
0.0010975070015973
0
0.0011511490575689
0
0
0.00066993895418507
0
0
0
0
0.0014967353467227
0
0
0.00082526709360779
0.0021923021458541
0
0.0026055208203807
0.0039060728206237
0
0
0.0034777529553588
0.0045530129348552
0
0.0020360601997287
0.0033818256070202
0.0043676012671006
0.010113302514884
0.004838548946175
0.011304570186395
0.0024083966135784
0
0.002247463185859
0
0
0
0.0036923558771313
0
0
0
0
0
0.019046750469491
0
0
0
0
0
0
0
0
0
0
0
0
0
0
0
0
0
0.0081668171907457
0
0
0
0
0
0
0.0091781531758112
0
0.0056471533032376
0
0
0.013900535466725
0
0
0
0
0
0
0
0
0.0041534495657678
0.006263911691248
0
0
0.0016103682447606
0
0
0
0
0
0
0
0.0088142976912869
0
0.0047154473782566
0.0025047432646405
0
0.0051928081103709
0
0
0
0
0.0037488334764663
0
0
0
0.0028849660897463
0
0
0
0
0
0
0
0
0
0
0
0
0
0
0
0
0
0
0
0
0
0
0
0
0
0
0
0
0
0
0
0.0051782604911211
0
0
0
0.0060045781922651
0
0
0
0
0
0.0023603139246536
0
0
0
0
0
0
0
0.0069664898652052
0
0
0
0
0
0
0.0027281132407909
0
0.002157929444602
0
0
0.0042830202413184
0
0
0
0
0
0.0015794022537961
0
0
0
0.004539336964084
0
0
0
0
0
0
0.001806280199384
0
0
0.0013481852665846
0
0
0
0
0.002630009906982
0
0
0
0
0
0
0
0
0
0
0
0
0
0.0034187611357319
0
0
0.0027126558905778
0
0
0
0.0061983191459933
0
0
0
0
0.0035660247967581
0
0
0.0020575819029821
0
0
0
0
0
0
0
0
0
0
0
0
0
0
0
0
0
0
0.0012356017628079
0.0013896678247427
0.0052187653212006
0.0016656168189863
0.0023815612878594
0
0
0
0
0
0
0
0
0.0021893476492848
0
0
0
0
0
0
0
0
0
0
0
0
0
0
0
0
0
0
0
0
0
0
0
0
0
0.0038368979404303
0.0045936647027238
0
0
0
0
0
0
0
0
0
0
0
0
0
0
0
0
0
0
0
0
0.0032634261380823
0
0
0.005648947898679
0
0
0
0
0.0038986075007422
0
0
0
0
0
0
0
0
0
0
0
0
0
0
0
0
0
0
0
0
0
0
0
0
0
0
0
0
0
0
0
0
0
0
0
0
0
0
0
0
0
0
0
0
0
0
0
0
0
0
0
0
0
0
0
0
0
0
0
0
0
0
0
0
0
0
0
0
0
0
0
0
0
0
0
0
0
0
0
0
0
0
0
0
0
0
0
0
0
0
0
0
0
0
0
0
0
0
0
0
0
0
0
0
0
0
0
0
0
0.0052575554234809
0
0
0
0
0
0
0
0
0
0
0
0
0
0
0
0
0
0
0
0
0.0057402330799652
0
0.0068698684934172
0
0.0073495335457794
0
0
0.021733868391158
0
0.0062686880855374
0.013645578057071
0.028557313869109
0
0.019378541666905
0.0050646314595574
0
0.0054771022367739
0.010689505403387
0
0
0
0.003308196538236
0.0033894290223763
0.0037602703412957
0
0
0
0
0
0
0
0
0
0
0.0010905099847849
0
0
0
0
0
0.0023190034135079
0
0
0
0
0
0
0
0
0
0
0
0
0
0
0
0
0
0
0
0
0
0
0
0
0
0
0
0
0
0.0018232620295084
0
0
0
0
0
0
0
0
0
0
0
0
0
0
0
0
0
0
0.0014679789055225
0
0.0011255374834243
0
0
0
0.00054111930695957
0
0
0
0
0
0
0
0.00067983274391662
0
0
0
0
0
0
0.00061885024388193
0
0
0.0021729615656727
0
0
0
0.00062678066219015
0
0
0
0
0
0
0
0
0
0
0
0.00041845231730595
0.00046713348206019
0
0
0
0
0
0
0
0
0
0.0003863919932527
0
0
0
0
0
0
0
0
0.0014231161713448
0
0
0
0
0
0
0
0.0008755076644956
0
0
0
0
0
0
0
0
0.0017219320176903
0
0
0
0
0
0
0
0
0
0
0.001015224487999
0
0.0010014503102117
0
0
0
0
0
0
0
0.00076489994302652
0
0
0.00050616940661882
0
0
0
0.00075685555764673
0.0014121447310536
0.00072124435848085
0
0
0
0
0.0017168927686096
0
0.0053998726650183
0.0018196722666594
0.0055923400740865
0.0020077527507146
0
0.0039697116978539
0.0039058481932677
0.002653444238246
0
0
0
0
0
0
0
0
0
0
0
0
0
0
0
0.00078597958561304
0.0013450504968608
0
0
0
0
0
0
0.0022328876589892
0
0
0
0
0
0
0
0.0011543801153527
0.00032572448282713
0
0
0
0.00068429700854897
0.0032796881343772
0
0.00078024089882728
0
0
0
0
0
0
0
0.00091945602443012
0
0.00085778350259361
0
0.00056833025466213
0
0.0011638285331475
0
0
0
0
0.00036199344307421
0
0.00057690809557173
0.00045402884409498
0.00069274905890876
0.0008379948661464
0.00024007447774443
0.00050101072386162
0.00037574017815018
0
0
0
0
0
0.0012737260432108
0.00075539301819528
0.0015427432723892
0.00035586141516411
0.0011313176476234
0
0.00031007553595306
0
0
0
0
0.00038336064986342
0
0
0
0
0
0
0
0
0.00028991748935355
0.00047385334719527
0
0
0
0
0.00075186788568166
0.00076028691078232
0.00017533241777955
0
0.00023829105541998
0.00024844782712448
0
0
0
0
0
0
0
0.00068543169986676
0.00016149609162522
0
0
0
0.00039445029055544
0.00053513272661636
0
0.001078056244264
0
0.00043800103802959
0.00015283622225572
0.00014405761886821
0.00039703647709126
0
0.00013677795991931
0
0
0.00062079150766289
0
0
0
0
0.00055585738017495
0
0.00056058274750475
0
0
0.00090424298064696
0
0
0.00034639766147749
0
0.00041288577434805
0
0
0
0
0.00023853236967261
0
0.00075589786419447
0
0
0
0
0
0
0.00044788384658816
0
0
0.00054100261472212
0.00030573346993737
0.00042019208468323
0.00031399171152628
0.00024799242311421
0.00029176275404089
0
0.0003551763020612
0
0.00065944102276505
0.00035173631330672
0
0.00023489151357505
0.00024211375426634
0.00044579846809787
0
0.00025480025642788
0.00022970483065007
0.0003400584577761
0.00046751758237087
0.00051365086909894
0.00052452774739188
0.0001834879841441
0.00027500549367163
0.00053967028962899
0
0.00026952121565467
0
0.0026509696070283
0.0047713825676062
0
0
0.0016555322535788
0.0027827668341605
0
0
0
0.0027568618159035
0
0.00044126223165452
0.001815239404172
0
0.003181165748179
0
0
0
0.00047901950930651
0.0004721906725503
0
0.00037867524969383
0
0
0
0
0.00076034580227496
0
0.00046847248169156
0.00086879165494861
0.00062152212896598
0.0016265027132705
0
0
0
0.00082558349202604
0
0
0
0.00062523728039637
0.0026191837842326
0
0.0027521834003233
0
0
0.00046314113493245
0
0
0.00071706593401421
0.00042930850638658
0.00060122732575166
0.0013332677710133
0
0.00077791062863457
0.00075999770482761
0.0012412106128852
0.00050815933771552
0.00054134807992533
0
0
0.00051871365216398
0.00094376611258357
0
0.0013793079633618
0
0
0.0005534132037595
0.00024685436167859
0
0.00052816887186698
0.00043961627831525
0
0
0.00042568441723479
0
0.00013635933417148
0.00040813725812008
0.00038801455315263
0
0.00064770245457012
0.0010405023689578
0
0
0.00033407250923273
0
0
0
0.00044802920971963
0.00053258919250734
0
0
0
0.00051187483560575
0.00030457624874496
0
0
0
0.00062137607834877
0
0
0
0
0
0
0.00025448275776526
0
0
0
0
0.00068023626804698
0
0
0
0
0
0
0
0.00098358763188912
0.00039453051325498
0
0
0
0
0
0
0
0
0
0.00036384913705181
0
0
0
0.00048035703026825
0
0
0.00029829564360606
0
0
0
0.00080502703127469
0.00030086193837691
0.0010665703897598
0.00052407261106993
0
0
0.00037708014319651
0
0
0
0.00025639113040232
0
0.00027141548331106
0
0.00073946869352298
0
0
0.00024540263530055
0.00078281495457986
0
0.00026082863834115
0
0.00023763676709452
0.00055126422577781
0.00027763955379763
0.00020317183235531
0.00032700249155053
0
0.00031521118948169
0.00021592637344216
0.00041250282103987
0
0.00052828738637298
0.00072582924921648
0
0.00039610529050905
0.00071879464712032
0.00073056143662356
0.00020208864236672
0
0
0
0.00042438361982798
0.00020482859413916
0.00025827473483246
0.0002901008157188
0
0.00068256035709747
0.00023522588796542
0.00031361598706242
0.0005549818637628
0
0
0
0.00012595148878495
0
0
0.00033666866196287
0.00059638875816677
0
0
0.00081745864908999
0.00065603929634241
0.00050487422282274
0
0
0.0037084605069493
0
0
0
0
0.0020094260130757
0
0
0
0
0.0012578263909566
0
0
0
0
0
0
0
0
0
0
0.0019296990520144
0.0025009184834767
0
0.00067287268915951
0
0
0.00078524492560113
0.0014535754238147
0
0
0.0011280716508671
0.0017818812813805
0.0011848177579376
0.00066635302256392
0.0005773000397888
0
0
0
0.00089495018314107
0.0022225044120942
0
0.0013174950394923
0.00096623491532657
0.00043925582125422
0
0.00066456629718409
0
0.00048960017763012
0.00095046272127716
0
0.00045233380063357
0.00027116709018632
0.0015078427020539
0.00058329828521062
0.00055431092878498
0.00044605827836526
0
0
0
0
0.00038294316148413
0
0
0.0014808095972167
0
0.00030348289616779
0
0.00072285748184274
0.00035529419749336
0.00035156050146185
0
0
0
0
0.00083681955083296
0
0.00081989884761311
0
0
0
0.0002724002136926
0
0
0
0
0
0
0
0
0.00054691332068942
0
0.0012044825871955
0.001080841349608
0
0.00081564280907373
0
0
0
0.00041723099319508
0
0
0.00035712740614436
0
0
0.00073985694201696
0
0
0
0
0.00060134092080103
0.00041658268425247
0.00038635397014766
0
0
0
0.000254100119046
0.00037117410055089
0.00037607237683402
0.00025308842002734
0
0
0.00029166151476116
0
0
0.00086266270542632
0
0.00052135642955024
0.00066652003395922
0.00070507817741906
0
0
0
0
0
0
0
0
0
0.00025430829819936
0
0
0
0
0.00052748322455475
0
0
0
0
0
0
0
0
0
0.00025276797854727
0
0
0
0
0.00016477482415988
0
0.00014476549869724
0
0
0
0
0
0
0.0002115866926319
0.00022053062880268
0.00042010980560004
0
0
0
0
0
0
0
0
0
0
0.00020125624498515
0
0
0.00033212633396816
0
0.00012867462898239
0
0
0.00016954489485764
0.00033088252622922
0
0
0
0.00067546208033377
0.0006527369642154
0
0
0.0012201143242851
0.00068304214082085
0.0015883417632158
0
0
0
0
0
0
0
0
0
0
0
0
0.00063016787344406
0
0.0010049783019827
0
0
0
0.0027405087565485
0.0011258090389643
0
0.00063687896023048
0
0
0.0013809656628508
0
0.00049930235299535
0.00047614862924748
0.00054949507615057
0
0.000467960326187
0
0.00072643163791362
0
0.00063992481350117
0.00092021425283644
0.00045568542387754
0.0015036698785399
0
0
0.00055381707507926
0
0
0.00044838310502159
0
0
0.0010918785505616
0.00051846856516458
0.00085652767347098
0
0.0010574625019453
0
0
0.00057511037650166
0
0
0.00070201276014901
0.00098805617695092
0
0
0
0
0
0.0003494947644943
0
0.00079630882436178
0
0
0
0.00044601950861052
0
0.00025268997787095
0
0
0
0
0.00052562333908999
0.00070262728910486
0.00039152089054879
0
0
0
0
0
0
0
0
0
0
0
0
0
0
0
0
0
0.00058481775147626
0
0
0
0
0
0
0.00039303881318494
0
0
0.00029568434294006
0
0
0
0
0
0
0.00041189098275812
0
0
0
0
0
0
0
0
0
0.00038079768941053
0
0
0
0
0.00032888125222124
0
0
0
0
0
0
0
0.00029371493101516
0
0
0
0.00024081624911515
0
0
0
0
0
0
0
0
0
0.00025418661964227
0
0
0.00023633274576111
0
0
0
0
0
0.00025079149888469
0
0
0
0
0.00019839891462258
0
0
0
0
0
0
0.00032287174505731
0
0
0
0
0
0
0
0
0
0
0
0
0
0
0
0
0
0
0
0
0
0.00096847045425959
0.00083104271066565
0
0
0
0
0
0
0
0
0
0
0.0022361296668932
0.001319128786457
0
0.00060398953912564
0.00067277063963963
0.00080105796405286
0.00084810436889014
0
0.0007822073090468
0.00061062528841862
0
0
0
0.00072462596667706
0
0
0
0
0.0007212908320413
0.00056127185916491
0
0
0.00051175555768463
0.0011253034256778
0.00066032006554785
0
0.00046954668187914
0
0
0.00061860753993284
0.00082304746946392
0
0.0012993105021873
0
0.0017379264733391
0.0011782791277504
0
0
0.00042904839606683
0.00067501366999859
0.0003965762840573
0.00079259992316526
0
0
0.00086806350025405
0
0
0
0.00052773689036695
0
0.00038679526354995
0
0
0
0
0
0
0
0
0
0
0
0
0
0
0
0
0
0
0
0
0
0
0
0
0
0
0
0
0.00059673467894418
0
0
0
0
0
0
0
0
0
0
0
0
0
0
0
0
0
0.0005042157408676
0
0
0
0
0
0
0
0
0
0
0
0
0
0
0.00032132871616437
0
0
0
0
0
0
0
0
0
0.00023713433329247
0
0
0
0
0
0
0
0
0
0
0
0
0
0
0
0
0
0
0
0
0
0
0
0
0
0
0
0
0
0
0
0
0
0
0
0
0
0
0
0
0
0
0
0
0
0
0
0
0
0
0
0
0
0
0
0
0
0
0
0
0
0
0
0
0
0
0.00078725209166655
0
0
0
0
0
0
0
0
0
0
0.0010963456088521
0
0
0
0
0.00077043326994825
0.00074263056697611
0
0.00072059798800517
0
0.00069812168318107
0.00050858556640552
0
0.00039457525859004
0
0.00063363568996585
0
0
0
0.00073639787718357
0
0.00065706129431404
0.00093096524508804
0.00059012194826917
0
0.00045305090321646
0.00057443255349718
0.0011450868430578
0
0
0
0
0.0016573519981165
0.00040987004117131
0
0.001197407419456
0.00060560110198848
0
0
0
0
0
0
0
0
0
0.00044612621639521
0
0
0
0
0
0
0
0
0
0
0
0
0
0
0
0
0
0
0
0
0
0
0
0
0
0
0
0
0
0
0
0
0
0
0
0
0
0
0
0
0
0
0
0
0
0
0
0
0
0
0
0
0
0
0
0
0
0
0
0
0
0
0
0
0
0
0
0
0
0
0
0
0
0
0
0
0
0
0
0
0
0
0
0
0
0
0
0
0
0
0
0
0
0
0
0
0
0
0
0
0
0
0
0
0
0
0
0
0
0
0
0
0
0
0
0
0
0
0
0
0
0
0
0
0
0
0
0
0
0
0
0
0
0
0
0
0
0
0
0
0
0
0
0
0.00088760014660653
0
0
0
0
0
0
0
0
0.00057382844398833
0
0
0.00091372965304536
0.002258091100023
0.0008860039652373
0
0.0015446947675722
0
0.0022180972257535
0
0
0.00065342312030211
0
0
0
0
0.0011133562361336
0
0
0
0
0
0.00073427447936097
0
0
0
0
0
0
0
0
0
0.00061240284195175
0
0
0
0
0
0
0
0
0
0
0
0
0
0
0
0
0
0
0
0
0
0
0
0
0
0
0
0
0
0
0
0
0
0
0
0
0
0
0
0
0
0
0
0
0
0
0
0
0
0
0
0
0
0
0
0
0
0
0
0
0
0
0
0
0
0
0
0
0
0.00038482317754134
0
0
0
0
0
0
0
0
0
0
0
0
0
0
0
0
0
0
0
0
0
0
0
0
0
0
0
0
0
0
0
0
0
0
0
0
0
0
0
0
0
0
0
0
0
0
0
0
0
0
0
0
0
0
0
0
0
0
0
0
0
0
0
0
0
0
0.00012438504187568
0
0
0
0
0
0
0
0
0
0
0
0
0
0
0
0
0
0
0
0
0
0
0
0
0
0
0
0.00068463689574316
0
0
0
0
0.00091035237984565
0
0.0013015059398648
0
0.001262603963372
0.0018989147736203
0
0
0
0.00062970428424713
0.00082767289241929
0
0
0
0
0.0010768464873739
0
0
0
0
0
0
0
0
0
0
0
0
0
0
0
0
0
0
0
0
0
0
0
0
0
0
0
0
0
0
0
0
0
0
0
0
0
0
0
0
0
0
0
0
0
0
0
0
0
0
0
0
0
0
0
0
0
0
0
0
0
0
0
0
0
0
0
0
0
0
0
0
0
0
0
0
0
0
0
0
0
0
0
0
0
0
0
0
0
0
0
0
0
0
0
0
0
0
0
0
0
0
0
0
0
0
0
0
0
0
0
0
0
0
0
0
0
0
0
0
0
0
0
0
0
0
0
0
0
0
0
0
0
0
0
0
0
0
0
0
0
0
0
0
0
0
0
0
0
0
0
0
0
0
0
0
0
0
0
0
0
0
0
0
0
0
0
0
0
0
0
0
0
0
0
0
0
0.00093925223093322
0.0013793245629601
0
0.0014212960611154
0
0
0.0013553601892486
0
0
0
0
0
0
0
0
0
0
0
0
0
0
0
0
0
0
0
0
0
0
0
0
0
0
0
0
0
0
0
0
0
0
0
0
0
0
0
0
0
0
0
0
0
0
0
0
0
0
0
0
0
0
0
0
0
0
0
0
0
0
0
0
0
0
0
0
0
0
0
0
0
0
0
0
0
0
0
0
0
0
0
0
0
0
0
0
0
0
0
0
0
0
0
0
0
0
0
0
0
0
0
0
0
0
0
0
0
0
0
0
0
0
0
0
0
0
0
0
0
0
0
0
0
0
0
0
0
0
0
0
0
0
0
0
0
0
0
0
0
0
0
0
0
0
0
0
0
0
0
0
0
0
0
0
0
0
0
0
0
0
0
0
0
0
0
0
0
0
0
0
0
0
0
0
0
0
0
0
0
0
0
0
0
0
0
0
0
0
0
0
0.0011165965451107
0
0
0
0
0
0
0
0
0.0013203417939117
0
0
0
0
0.0010931811280973
0
0
0
0
0
0
0
0
0
0
0
0
0
0
0
0
0
0
0
0
0
0
0
0
0
0
0
0
0
0
0
0
0
0
0
0
0
0
0
0
0
0
0
0
0
0
0
0
0
0
0
0
0
0
0
0
0
0
0
0
0
0
0
0
0
0
0
0
0
0
0
0
0
0
0
0
0
0
0
0
0
0
0
0
0
0
0
0
0
0
0
0
0
0
0
0
0
0
0
0
0
0
0
0
0
0
0
0
0
0
0
0
0
0
0
0
0
0
0
0
0
0
0
0
0
0
0
0
0
0
0
0
0
0
0
0
0
0
0
0
0
0
0
0
0
0
0
0
0
0
0
0
0
0
0
0
0
0
0
0
0
0
0
0
0
0
0
0
0
0
0
0
0
0
0
0
0
0
0
0.0010144640168557
0
0.0017983576377073
0
0
0
0.001545212188564
0.0013572424827462
0
0
0
0
0
0
0
0
0
0
0
0
0
0
0
0
0
0
0
0
0
0
0
0
0
0
0
0
0
0
0
0
0
0
0
0
0
0
0
0
0
0
0
0
0
0
0
0
0
0
0
0
0
0
0
0
0
0
0
0
0
0
0
0
0
0
0
0
0
0
0
0
0
0
0
0
0
0
0
0
0
0
0
0
0
0
0
0
0
0
0
0
0
0
0
0
0
0
0
0
0
0
0
0
0
0
0
0
0
0
0
0
0
0
0
0
0
0
0
0
0
0
0
0
0
0
0
0
0
0
0
0
0
0
0
0
0
0
0
0
0
0
0
0
0
0
0
0
0
0
0
0
0
0
0
0
0
0
0
0
0
0
0
0
0
0
0
0
0
0
0
0
0
0
0
0
0
0
0
0
0
0
0
0
0
0
0
0
0
0
0
0
0
0.0013280509801387
0
0
0
0
0
0
0
0
0
0
0
0
0
0
0
0
0
0
0
0
0
0
0
0
0
0
0
0
0
0
0
0
0
0
0
0
0
0
0
0
0
0
0
0
0
0
0
0
0
0
0
0
0
0
0
0
0
0
0
0
0
0
0
0
0
0
0
0
0
0
0
0
0
0
0
0
0
0
0
0
0
0
0
0
0
0
0
0
0
0
0
0
0
0
0
0
0
0
0
0
0
0
0
0
0
0
0
0
0
0
0
0
0
0
0
0
0
0
0
0
0
0
0
0
0
0
0
0
0
0
0
0
0
0
0
0
0
0
0
0
0
0
0
0
0
0
0
0
0
0
0
0
0
0
0
0
0
0
0
0
0
0
0
0
0
0
0
0
0
0
0
0
0
0
0
0
0
0
0
0
0
0
0
0
0
0
0
0
0
0
0
0
0
0
0
0
0
0
0
0
0
0
0
0
0
0
0
0
0
0
0
0
0
0
0
0
0
0
0
0
0
0
0
0
0
0
0
0
0
0
0
0
0
0
0
0
0
0
0
0
0
0
0
0
0
0
0
0
0
0
0
0
0
0
0
0
0
0
0
0
0
0
0
0
0
0
0
0
0
0
0
0
0
0
0
0
0
0
0
0
0
0
0
0
0
0
0
0
0
0
0
0
0
0
0
0
0
0
0
0
0
0
0
0
0
0
0
0
0
0
0
0
0
0
0
0
0
0
0
0
0
0
0
0
0
0
0
0
0
0
0
0
0
0
0
0
0
0
0
0
0
0
0
0
0
0
0
0
0
0
0
0
0
0
0
0
0
0
0
0
0
0
0
0
0
0
0
0
0
0
0
0
0
0
0
0
0
0
0
0
0
0
0
0
0
0
0
0
0
0
0
0
0
0
0
0
0
0
0
0
0
0
0
0
0
0
0
0
0
0
0
0
0
0
0
0
0
0
0
0
0
0
0
0
0
0
0
0
0
0
0
0
0
0
0
0
0
0
0
0
0
0
0
0
0
0
0
0
0
0
0
0
0
0
0
0
0
0
0
0
0
0
0
0
0
0
0
0
0
0
0
0
0
0
0
0
0
0
0
0
0
0
0
0
0
0
0
0
0
0
0
0
0
0
0
0
0
0
0
0
0
0
0
0
0
0
0
0
0
0
0
0
0
0
0
0
0
0
0
0
0
0
0
0
0
0
0
0
0
0
0
0
0
0
0
0
0
0
0
0
0
0
0
0
0
0
0
0
0
0
0
0
0
0
0
0
0
0
0
0
0
0
0
0
0
0
0
0
0
0
0
0
0
0
0
0
0
0
0
0
0
0
0
0
0
0
0
0
0
0
0
0
0
0
0
0
0
0
0
0
0
0
0
0
0
0
0
0
0
0
0
0
0
0
0
0
0
0
0
0
0
0
0
0
0
0
0
0
0
0
0
0
0
0
0
0
0
0
0
0
0
0
0
0
0
0
0
0
0
0
0
0
0
0
0
0
0
0
0
0
0
0
0
0
0
0
0
0
0
0
0
0
0
0
0
0
0
0
0
0
0
0
0
0
0
0
0
0
0
0
0
0
0
0
0
0
0
0
0
0
0
0
0
0
0
0
0
0
0
0
0
0
0
0
0
0
0
0
0
0
0
0
0
0
0
0
0
0
0
0
0
0
0
0
0
0
0
0
0
0
0
0
0
0
0
0
0
0
0
0
0
0
0
0
0
0
0
0
0
0
0
0
0
0
0
0
0
0
0
0
0
0
0
0
0
0
0
0
0
0
0
0
0
0
0
0
0
0
0
0
0
0
0
0
0
0
0
0
0
0
0
0
0
0
0
0
0
0
0
0
0
0
0
0
0
0
0
0
0
0
0
0
0
0
0
0
0
0
0
0
0
0
0
0
0
0
0
0
0
0
0
0
0
0
0
0
0
0
0
0
0
0
0
0
0
0
0
0
0
0
0
0
0
0
0
0
0
0
0
0
0
0
0
0
0
0
0
0
0
0
0
0
0
0
0
0
0
0
0
0
0
0
0
0
0
0
0
0
0
0
0
0
0
0
0
0
0
0
0
0
0
0
0
0
0
0
0
0
0
0
0
0
0
0
0
0
0
0
0
0
0
0
0
0
0
0
0
0
0
0
0
0
0
0
0
0
0
0
0
0
0
0
0
0
0
0
0
0
0
0
0
0
0
0
0
0
0
0
0
0
0
0
0
0
0
0
0
0
0
0
0
0
0
0
0
0
0
0
0
0
0
0
0
0
0
0
0
0
0
0
0
0
0
0
0
0
0
0
0
0
0
0
0
0
0
0
0
0
0
0
0
0
0
0
0
0
0
0
0
0
0
0
0
0
0
0
0
0
0
0
0
0
0
0
0
0
0
0
0
0
0
0
0
0
0
0
0
0
0
0
0
0
0
0
0
0
0
0
0
0
0
0
0
0
0
0
0
0
0
0
0
0
0
0
0
0
0
0
0
0
0
0
0
0
0
0
0
0
0
0
0
0
0
0
0
0
0
0
0
0
0
0
0
0
0
0
0
0
0
0
0
0
0
0
0
0
0
0
0
0
0
0
0
0
0
0
0
0
0
0
0
0
0
0
0
0
0
0
0
0
0
0
0
0
0
0
0
0
0
0
0
0
0
0
0
0
0
0
0
0
0
0
0
0
0
0
0
0
0
0
0
0
0
0
0
0
0
0
0
0
0
0
0
0
0
0
0
0
0
0
0
0
0
0
0
0
0
0
0
0
0
0
0
0
0
0
0
0
0
0
0
0
0
0
0
0
0
0
0
0
0
0
0
0
0
0
0
0
0
0
0
0
0
0
0
0
0
0
0
0
0
0
0
0
0
0
0
0
0
0
0
0
0
0
0
0
0
0
0
0
0
0
0
0
0
0
0
0
0
0
0
0
0
0
0
0
0
0
0
0
0
0
0
0
0
0
0
0
0
0
0
0
0
0
0
0
0
0
0
0
0
0
0
0
0
0
0
0
0
0
0
0
0
0
0
0
0
0
0
0
0
0
0
0
0
0
0
0
0
0
0
0
0
0
0
0
0
0
0
0
0
0
0
0
0
0
0
0
0
0
0
0
0
0
0
0
0
0
0
0
0
0
0
0
0
0
0
0
0
0
0
0
0
0
0
0
0
0
0
0
0
0
0
0
0
0
0
0
0
0
0
0
0
0
0
0
0
0
0
0
0
0
0
0
0
0
0
0
0
0
0
0
0
0
0
0
0
0
0
0
0
0
0
0
0
0
0
0
0
0
0
0
0
0
0
0
0
0
0
0
0
0
0
0
0
0
0
0
0
0
0
0
0
0
0
0
0
0
0
0
0
0
0
0
0
0
0
0
0
0
0
0
0
0
0
0
0
0
0
0
0
0
0
0
0
0
0
0
0
0
0
0
0
0
0
0
0
0
0
0
0
0
0
0
0
0
0
0
0
0
0
0
0
0
0
0
0
0
0
0
0
0
0
0
0
0
0
0
0
0
0
0
0
0
0
0
0
0
0
0
0
0
0
0
0
0
0
0
0
0
0
0
0
0
0
0
0
0
0
0
0
0
0
0
0
0
0
0
0
0
0
0
0
0
0
0
0
0
0
0
0
0
0
0
0
0
0
)
;

boundaryField
{
    inlet
    {
        type            calculated;
        value           uniform 0;
    }
    outlet
    {
        type            calculated;
        value           uniform 0;
    }
    wall
    {
        type            calculated;
        value           uniform 0;
    }
    wedgeBack
    {
        type            wedge;
    }
    wedgeFront
    {
        type            wedge;
    }
    defaultFaces
    {
        type            empty;
    }
}


// ************************************************************************* //
