/*--------------------------------*- C++ -*----------------------------------*\
  =========                 |
  \\      /  F ield         | OpenFOAM: The Open Source CFD Toolbox
   \\    /   O peration     | Website:  https://openfoam.org
    \\  /    A nd           | Version:  10
     \\/     M anipulation  |
\*---------------------------------------------------------------------------*/
FoamFile
{
    format      ascii;
    class       volVectorField;
    location    "0.00017";
    object      U;
}
// * * * * * * * * * * * * * * * * * * * * * * * * * * * * * * * * * * * * * //

dimensions      [0 1 -1 0 0 0 0];

internalField   nonuniform List<vector> 
100
(
(0.91234066324107 -1.0317457916302e-23 -1.0317457916302e-23)
(0.91231509022605 1.0924153889218e-22 1.0924153889218e-22)
(0.91230946364065 2.0664631958071e-22 2.0664631958071e-22)
(0.91229109135234 2.2653567303103e-22 2.2653567303103e-22)
(0.91227712484528 1.8796393067913e-22 1.8796393067913e-22)
(0.91227037234958 3.2266122629139e-23 3.2266122629139e-23)
(0.91226789293063 -7.1410790424535e-23 -7.1410790424535e-23)
(0.91226714128548 -1.770600917926e-22 -1.770600917926e-22)
(0.91226694759201 -1.4486028194992e-22 -1.4486028194992e-22)
(0.91226690412896 1.5185040452652e-22 1.5185040452652e-22)
(0.91226689548489 7.2847372249885e-23 7.2847372249885e-23)
(0.91226689394037 -1.3992463557381e-22 -1.3992463557381e-22)
(0.91226689368966 -6.3684627347396e-23 -6.3684627347396e-23)
(0.91226689365235 9.4680709123264e-23 9.4680709123264e-23)
(0.91226689364722 1.0003138828793e-22 1.0003138828793e-22)
(0.91226689364658 2.7742993096693e-22 2.7742993096693e-22)
(0.91226689364652 6.7800411014023e-23 6.7800411014023e-23)
(0.91226689364651 -4.7703015140343e-23 -4.7703015140343e-23)
(0.91226689364652 -2.4626217753564e-22 -2.4626217753564e-22)
(0.91226689364651 -4.0140839103642e-22 -4.0140839103642e-22)
(0.91226689364652 1.8757794819695e-22 1.8757794819695e-22)
(0.91226689364652 1.3348606414704e-22 1.3348606414704e-22)
(0.91226689364651 -1.1216116267194e-22 -1.1216116267194e-22)
(0.91226689364652 1.0201942177984e-22 1.0201942177984e-22)
(0.91226689364652 1.1593774853373e-22 1.1593774853373e-22)
(0.91226689364652 -1.0477352393932e-22 -1.0477352393932e-22)
(0.91226689364652 2.9269313992623e-23 2.9269313992623e-23)
(0.91226689364652 7.3075036083369e-24 7.3075036083369e-24)
(0.9122668936465 -2.6012856415678e-22 -2.6012856415678e-22)
(0.91226689364651 6.8576804739649e-23 6.8576804739649e-23)
(0.91226689364651 3.7631852577542e-22 3.7631852577542e-22)
(0.91226689364652 1.0138209175994e-22 1.0138209175994e-22)
(0.91226689364651 -1.9014147519649e-22 -1.9014147519649e-22)
(0.91226689364652 -2.4006855753026e-22 -2.4006855753026e-22)
(0.9122668936465 -2.284176824417e-22 -2.284176824417e-22)
(0.91226689364652 4.9610775133748e-24 4.9610775133748e-24)
(0.91226689364651 2.8073524298033e-22 2.8073524298033e-22)
(0.91226689364652 1.8736753306774e-22 1.8736753306774e-22)
(0.91226689364651 1.6741064444518e-22 1.6741064444518e-22)
(0.91226689364653 3.2389119229958e-22 3.2389119229958e-22)
(0.91226689364651 1.3776682105879e-22 1.3776682105879e-22)
(0.91226689364651 -2.7244312475094e-22 -2.7244312475094e-22)
(0.91226689364651 -3.1889038514694e-22 -3.1889038514694e-22)
(0.91226689364652 -2.0224894345863e-22 -2.0224894345863e-22)
(0.91226689364651 8.1021173151976e-23 8.1021173151976e-23)
(0.91226689364652 -5.2900372911245e-23 -5.2900372911245e-23)
(0.91226689364651 -4.1156952945816e-23 -4.1156952945816e-23)
(0.91226689364651 3.8076108691154e-22 3.8076108691154e-22)
(0.91226689364652 2.7092800359722e-23 2.7092800359722e-23)
(0.91226689364652 -1.6123036912482e-22 -1.6123036912482e-22)
(0.91226689364652 4.9310941791155e-23 4.9310941791155e-23)
(0.91226689364652 4.415315540905e-23 4.415315540905e-23)
(0.91226689364652 1.1769165326822e-22 1.1769165326822e-22)
(0.91226689364652 2.2910602506957e-22 2.2910602506957e-22)
(0.91226689364651 4.0115571879978e-24 4.0115571879978e-24)
(0.91226689364652 -1.7419593580531e-22 -1.7419593580531e-22)
(0.91226689364651 -2.293299114535e-22 -2.293299114535e-22)
(0.91226689364651 -2.9296916952384e-22 -2.9296916952384e-22)
(0.9122668936465 -3.1336268127826e-22 -3.1336268127826e-22)
(0.91226689364652 5.4866510326964e-23 5.4866510326964e-23)
(0.9122668936465 3.2241071028092e-22 3.2241071028092e-22)
(0.91226689364651 -1.0829178313102e-22 -1.0829178313102e-22)
(0.9122668936465 -1.7780550358729e-22 -1.7780550358729e-22)
(0.91226689364651 -5.5184324782641e-23 -5.5184324782641e-23)
(0.9122668936465 5.5734867767434e-23 5.5734867767434e-23)
(0.91226689364651 -1.9605660329567e-22 -1.9605660329567e-22)
(0.9122668936465 -3.3085147688916e-22 -3.3085147688916e-22)
(0.91226689364651 8.4444757595515e-23 8.4444757595515e-23)
(0.9122668936465 2.0626168519628e-23 2.0626168519628e-23)
(0.91226689364651 1.1222803439542e-22 1.1222803439542e-22)
(0.9122668936465 3.6997394349285e-22 3.6997394349285e-22)
(0.91226689364651 2.6114645412631e-22 2.6114645412631e-22)
(0.91226689364652 -1.5703033887654e-22 -1.5703033887654e-22)
(0.91226689364652 -8.8860459383384e-23 -8.8860459383384e-23)
(0.9122668936465 3.2092732315614e-22 3.2092732315614e-22)
(0.91226689364651 1.3707073885055e-22 1.3707073885055e-22)
(0.91226689364651 -5.6892926252237e-23 -5.6892926252237e-23)
(0.91226689364651 -2.5325664325189e-23 -2.5325664325189e-23)
(0.91226689364651 1.2675202008554e-22 1.2675202008554e-22)
(0.91226689364651 4.9845621098249e-23 4.9845621098249e-23)
(0.91226689364652 -1.2833370270433e-22 -1.2833370270433e-22)
(0.91226689364651 -1.53044445732e-22 -1.53044445732e-22)
(0.91226689364651 -1.8297289996e-22 -1.8297289996e-22)
(0.91226689364648 -6.5781755564825e-23 -6.5781755564825e-23)
(0.91226689364614 -1.1021594948741e-22 -1.1021594948741e-22)
(0.91226689364295 -1.0404562461188e-22 -1.0404562461188e-22)
(0.91226689361764 3.1175377763762e-23 3.1175377763762e-23)
(0.91226689343024 1.583317450491e-22 1.583317450491e-22)
(0.91226689215184 3.6721943057743e-23 3.6721943057743e-23)
(0.91226688414798 -1.4038855126553e-22 -1.4038855126553e-22)
(0.91226683863395 -2.3203667069493e-23 -2.3203667069493e-23)
(0.91226660602332 1.6065131090661e-22 1.6065131090661e-22)
(0.91226555204268 -3.4874808491265e-23 -3.4874808491265e-23)
(0.91226139170292 -3.1781813597315e-22 -3.1781813597315e-22)
(0.91224741444014 1.5658593376417e-22 1.5658593376417e-22)
(0.91220841691708 4.9158874612711e-22 4.9158874612711e-22)
(0.91212330047719 -2.7633119620901e-23 -2.7633119620901e-23)
(0.91196137623704 -2.4092578805755e-22 -2.4092578805755e-22)
(0.91184172815404 -1.7115726912026e-22 -1.7115726912026e-22)
(0.91139078617164 -3.2867407644257e-22 -3.2867407644257e-22)
)
;

boundaryField
{
    left
    {
        type            zeroGradient;
    }
    right
    {
        type            zeroGradient;
    }
    sides
    {
        type            empty;
    }
}


// ************************************************************************* //
