/*--------------------------------*- C++ -*----------------------------------*\
  =========                 |
  \\      /  F ield         | OpenFOAM: The Open Source CFD Toolbox
   \\    /   O peration     | Website:  https://openfoam.org
    \\  /    A nd           | Version:  10
     \\/     M anipulation  |
\*---------------------------------------------------------------------------*/
FoamFile
{
    format      ascii;
    class       volVectorField;
    location    "0.00017";
    object      Us;
}
// * * * * * * * * * * * * * * * * * * * * * * * * * * * * * * * * * * * * * //

dimensions      [0 1 -1 0 0 0 0];

internalField   nonuniform List<vector> 
100
(
(0.87817280645205 -4.4817650732494e-23 -4.4817650732494e-23)
(0.87814804243438 2.9285903865825e-23 2.9285903865825e-23)
(0.87814112788746 1.1956415184046e-22 1.1956415184046e-22)
(0.87813016982602 1.72069698693e-22 1.72069698693e-22)
(0.8781246300902 1.3396366063582e-22 1.3396366063582e-22)
(0.87812248570407 6.1141840194388e-23 6.1141840194388e-23)
(0.87812181952365 -1.6798478291912e-23 -1.6798478291912e-23)
(0.87812164382895 -1.9482746020235e-22 -1.9482746020235e-22)
(0.8781216036101 -1.1780426218506e-22 -1.1780426218506e-22)
(0.87812159546951 1.378301953492e-22 1.378301953492e-22)
(0.87812159399164 6.0937022164138e-23 6.0937022164138e-23)
(0.87812159374835 -1.570043239103e-22 -1.570043239103e-22)
(0.87812159371167 -5.174912384295e-23 -5.174912384295e-23)
(0.87812159370658 1.1832706910146e-22 1.1832706910146e-22)
(0.87812159370592 1.2076600314525e-22 1.2076600314525e-22)
(0.87812159370585 1.6458730798707e-22 1.6458730798707e-22)
(0.87812159370584 6.4043123228746e-23 6.4043123228746e-23)
(0.87812159370584 -1.3217287394276e-23 -1.3217287394276e-23)
(0.87812159370584 -1.6695088780234e-22 -1.6695088780234e-22)
(0.87812159370584 -1.7561502145549e-22 -1.7561502145549e-22)
(0.87812159370585 1.3996761058664e-22 1.3996761058664e-22)
(0.87812159370584 1.5321406277882e-22 1.5321406277882e-22)
(0.87812159370584 -1.2809134238897e-22 -1.2809134238897e-22)
(0.87812159370585 -3.1850127414998e-23 -3.1850127414998e-23)
(0.87812159370584 1.1833996348416e-22 1.1833996348416e-22)
(0.87812159370584 -8.7194640477549e-23 -8.7194640477549e-23)
(0.87812159370584 -8.0209240405381e-23 -8.0209240405381e-23)
(0.87812159370584 -3.5204076111408e-23 -3.5204076111408e-23)
(0.87812159370583 -2.1982879029655e-23 -2.1982879029655e-23)
(0.87812159370584 1.1294952259423e-22 1.1294952259423e-22)
(0.87812159370584 1.1563146864937e-22 1.1563146864937e-22)
(0.87812159370584 -4.8360601646455e-23 -4.8360601646455e-23)
(0.87812159370584 -6.7162116051603e-23 -6.7162116051603e-23)
(0.87812159370585 -7.1588644011154e-23 -7.1588644011154e-23)
(0.87812159370584 -2.1412025376704e-22 -2.1412025376704e-22)
(0.87812159370584 -1.5347162603303e-22 -1.5347162603303e-22)
(0.87812159370584 1.8666233629852e-22 1.8666233629852e-22)
(0.87812159370585 2.1810695528643e-22 2.1810695528643e-22)
(0.87812159370584 1.2867541807903e-22 1.2867541807903e-22)
(0.87812159370585 1.9934898375277e-22 1.9934898375277e-22)
(0.87812159370584 4.6693069136881e-23 4.6693069136881e-23)
(0.87812159370584 -1.022263886906e-22 -1.022263886906e-22)
(0.87812159370584 -9.9134365284503e-23 -9.9134365284503e-23)
(0.87812159370584 -1.4758227145468e-22 -1.4758227145468e-22)
(0.87812159370584 -5.2354245275189e-23 -5.2354245275189e-23)
(0.87812159370585 -2.4933373133843e-23 -2.4933373133843e-23)
(0.87812159370584 5.3716752740661e-23 5.3716752740661e-23)
(0.87812159370584 1.5050316627615e-22 1.5050316627615e-22)
(0.87812159370584 -5.0111896092971e-24 -5.0111896092971e-24)
(0.87812159370584 8.5111635898535e-24 8.5111635898535e-24)
(0.87812159370584 5.6900023411507e-23 5.6900023411507e-23)
(0.87812159370584 2.1676826542418e-23 2.1676826542418e-23)
(0.87812159370584 1.9898057012585e-23 1.9898057012585e-23)
(0.87812159370584 7.1334678226683e-23 7.1334678226683e-23)
(0.87812159370584 4.092682697046e-23 4.092682697046e-23)
(0.87812159370584 -4.9180438924365e-24 -4.9180438924365e-24)
(0.87812159370584 -1.1089818923187e-22 -1.1089818923187e-22)
(0.87812159370584 -2.7340994788469e-22 -2.7340994788469e-22)
(0.87812159370584 -2.1613095341668e-22 -2.1613095341668e-22)
(0.87812159370584 -3.1429922669307e-23 -3.1429922669307e-23)
(0.87812159370583 4.6812753676899e-23 4.6812753676899e-23)
(0.87812159370584 -4.7301059578481e-23 -4.7301059578481e-23)
(0.87812159370583 -4.06244489008e-23 -4.06244489008e-23)
(0.87812159370584 -6.8242592910602e-23 -6.8242592910602e-23)
(0.87812159370583 1.6530114716211e-24 1.6530114716211e-24)
(0.87812159370584 -1.4720439402087e-23 -1.4720439402087e-23)
(0.87812159370583 -1.2937420940564e-22 -1.2937420940564e-22)
(0.87812159370584 -7.2992790315064e-23 -7.2992790315064e-23)
(0.87812159370583 8.9301715382464e-24 8.9301715382464e-24)
(0.87812159370584 1.2436230643769e-22 1.2436230643769e-22)
(0.87812159370583 2.1836243753066e-22 2.1836243753066e-22)
(0.87812159370584 1.7576481696613e-22 1.7576481696613e-22)
(0.87812159370584 -6.3347440967184e-23 -6.3347440967184e-23)
(0.87812159370584 -5.4773514247165e-24 -5.4773514247165e-24)
(0.87812159370584 1.6173563639141e-22 1.6173563639141e-22)
(0.87812159370584 1.8458109561966e-23 1.8458109561966e-23)
(0.87812159370584 -9.3455403720043e-23 -9.3455403720043e-23)
(0.87812159370584 -3.864209622949e-25 -3.864209622949e-25)
(0.87812159370584 1.3051710408851e-22 1.3051710408851e-22)
(0.87812159370584 1.2478427929529e-22 1.2478427929529e-22)
(0.87812159370584 -2.2769041220345e-23 -2.2769041220345e-23)
(0.87812159370584 -7.8252779842986e-23 -7.8252779842986e-23)
(0.87812159370584 -1.1699382722108e-22 -1.1699382722108e-22)
(0.87812159370583 -1.5056803592216e-22 -1.5056803592216e-22)
(0.8781215937058 -1.1332836067187e-22 -1.1332836067187e-22)
(0.87812159370542 -4.4507403009231e-23 -4.4507403009231e-23)
(0.8781215937022 -5.3896126008995e-23 -5.3896126008995e-23)
(0.87812159367679 1.6186018462692e-24 1.6186018462692e-24)
(0.87812159349151 1.1019010792198e-22 1.1019010792198e-22)
(0.87812159224224 -2.8182571679274e-23 -2.8182571679274e-23)
(0.87812158453424 -9.9482940708522e-23 -9.9482940708522e-23)
(0.87812154139085 3.0574757598175e-23 3.0574757598175e-23)
(0.87812132476272 -5.2698170879754e-23 -5.2698170879754e-23)
(0.87812036271541 -9.6942143073439e-23 -9.6942143073439e-23)
(0.87811665261833 1.2519674799261e-22 1.2519674799261e-22)
(0.87810448928975 2.7637396226572e-22 2.7637396226572e-22)
(0.87807221268978 1.0729871117246e-22 1.0729871117246e-22)
(0.87799796516816 -1.2148206191295e-22 -1.2148206191295e-22)
(0.87793147128512 -1.5842003945206e-22 -1.5842003945206e-22)
(0.87056108717785 -1.9146877951998e-22 -1.9146877951998e-22)
)
;

boundaryField
{
    left
    {
        type            zeroGradient;
    }
    right
    {
        type            zeroGradient;
    }
    sides
    {
        type            empty;
    }
}


// ************************************************************************* //
