/*--------------------------------*- C++ -*----------------------------------*\
  =========                 |
  \\      /  F ield         | OpenFOAM: The Open Source CFD Toolbox
   \\    /   O peration     | Website:  https://openfoam.org
    \\  /    A nd           | Version:  10
     \\/     M anipulation  |
\*---------------------------------------------------------------------------*/
FoamFile
{
    format      ascii;
    class       volVectorField;
    location    "0.00011";
    object      U;
}
// * * * * * * * * * * * * * * * * * * * * * * * * * * * * * * * * * * * * * //

dimensions      [0 1 -1 0 0 0 0];

internalField   nonuniform List<vector> 
100
(
(0.91941678277154 -3.8055420566142e-23 -3.8055420566142e-23)
(0.91938160812087 -1.1412414261652e-22 -1.1412414261652e-22)
(0.91936994332442 6.7780949319631e-23 6.7780949319631e-23)
(0.91936357705577 2.5258065520406e-22 2.5258065520406e-22)
(0.91936213262714 1.4774972676672e-22 1.4774972676672e-22)
(0.91936187675525 -6.4130851356556e-24 -6.4130851356556e-24)
(0.9193618400399 -2.9384082988478e-23 -2.9384082988478e-23)
(0.91936183560387 -6.6842917825122e-23 -6.6842917825122e-23)
(0.91936183514073 -1.0058342842876e-22 -1.0058342842876e-22)
(0.91936183509819 1.0160496694531e-22 1.0160496694531e-22)
(0.91936183509468 1.1195907251482e-22 1.1195907251482e-22)
(0.91936183509442 -2.2115343927462e-22 -2.2115343927462e-22)
(0.91936183509441 -1.0228705986547e-22 -1.0228705986547e-22)
(0.91936183509442 8.7852244152868e-23 8.7852244152868e-23)
(0.91936183509441 1.9329613737918e-22 1.9329613737918e-22)
(0.91936183509441 3.3730020414141e-22 3.3730020414141e-22)
(0.91936183509442 5.2041523410088e-23 5.2041523410088e-23)
(0.91936183509442 -1.2325196168878e-22 -1.2325196168878e-22)
(0.91936183509442 -6.0616794940738e-23 -6.0616794940738e-23)
(0.91936183509442 -1.0959445992139e-22 -1.0959445992139e-22)
(0.91936183509442 3.5429387630719e-23 3.5429387630719e-23)
(0.91936183509442 1.7019010751249e-22 1.7019010751249e-22)
(0.91936183509442 -1.873518677829e-22 -1.873518677829e-22)
(0.91936183509442 -2.005306343857e-23 -2.005306343857e-23)
(0.91936183509442 1.4966563585981e-22 1.4966563585981e-22)
(0.91936183509442 -1.7670093184063e-22 -1.7670093184063e-22)
(0.91936183509441 -9.63572989232e-23 -9.63572989232e-23)
(0.91936183509442 -4.6718029256809e-23 -4.6718029256809e-23)
(0.91936183509441 -2.2760333370578e-24 -2.2760333370578e-24)
(0.91936183509442 1.9252774348587e-22 1.9252774348587e-22)
(0.91936183509441 1.6948392951566e-22 1.6948392951566e-22)
(0.91936183509442 -8.0734650910038e-23 -8.0734650910038e-23)
(0.91936183509441 -2.0896129118387e-22 -2.0896129118387e-22)
(0.91936183509442 -1.2874144116774e-22 -1.2874144116774e-22)
(0.91936183509441 -2.5321082152744e-22 -2.5321082152744e-22)
(0.91936183509442 -1.5824605742976e-22 -1.5824605742976e-22)
(0.91936183509441 2.1508775484154e-22 2.1508775484154e-22)
(0.91936183509442 2.1279647872788e-22 2.1279647872788e-22)
(0.91936183509441 5.9813981149616e-23 5.9813981149616e-23)
(0.91936183509442 1.4877731215839e-22 1.4877731215839e-22)
(0.91936183509441 1.8182707103466e-22 1.8182707103466e-22)
(0.91936183509442 2.9030119965608e-23 2.9030119965608e-23)
(0.91936183509441 1.5897679095176e-23 1.5897679095176e-23)
(0.91936183509442 -1.2595195320735e-22 -1.2595195320735e-22)
(0.91936183509441 -2.9315047773265e-22 -2.9315047773265e-22)
(0.91936183509442 -5.1827644184873e-23 -5.1827644184873e-23)
(0.91936183509441 1.367757718965e-22 1.367757718965e-22)
(0.91936183509442 9.5707508170683e-23 9.5707508170683e-23)
(0.91936183509442 4.9367227704051e-23 4.9367227704051e-23)
(0.91936183509441 8.1003735334924e-23 8.1003735334924e-23)
(0.91936183509442 4.8123430139143e-23 4.8123430139143e-23)
(0.91936183509442 -1.2702089049016e-25 -1.2702089049016e-25)
(0.91936183509442 4.5891800277638e-24 4.5891800277638e-24)
(0.91936183509442 4.9235050044918e-23 4.9235050044918e-23)
(0.91936183509442 1.41893921031e-22 1.41893921031e-22)
(0.91936183509442 -7.6362272964778e-23 -7.6362272964778e-23)
(0.91936183509441 -1.8094101696338e-22 -1.8094101696338e-22)
(0.91936183509442 -1.4042928912527e-22 -1.4042928912527e-22)
(0.91936183509441 -2.7330436962946e-22 -2.7330436962946e-22)
(0.91936183509441 -1.6400605320574e-22 -1.6400605320574e-22)
(0.91936183509441 9.9343568205669e-23 9.9343568205669e-23)
(0.91936183509441 1.7329840989193e-23 1.7329840989193e-23)
(0.91936183509441 -5.649318155105e-25 -5.649318155105e-25)
(0.91936183509441 -1.1197568506195e-23 -1.1197568506195e-23)
(0.91936183509441 -6.9086049911456e-24 -6.9086049911456e-24)
(0.91936183509441 -4.5424285441495e-23 -4.5424285441495e-23)
(0.91936183509441 -1.1611321228311e-22 -1.1611321228311e-22)
(0.91936183509441 -2.0151221310662e-22 -2.0151221310662e-22)
(0.91936183509441 -2.238637920998e-23 -2.238637920998e-23)
(0.91936183509441 1.8652080533349e-22 1.8652080533349e-22)
(0.91936183509441 1.9388880631086e-22 1.9388880631086e-22)
(0.91936183509442 2.1576647441878e-22 2.1576647441878e-22)
(0.91936183509441 -7.7515591058917e-23 -7.7515591058917e-23)
(0.91936183509441 5.7925533888891e-23 5.7925533888891e-23)
(0.91936183509441 2.1174813408213e-22 2.1174813408213e-22)
(0.91936183509442 -4.1448425569704e-23 -4.1448425569704e-23)
(0.91936183509441 -2.1211773065914e-22 -2.1211773065914e-22)
(0.91936183509441 4.4126261024043e-23 4.4126261024043e-23)
(0.91936183509441 2.2989660378772e-22 2.2989660378772e-22)
(0.91936183509442 5.7878717568436e-23 5.7878717568436e-23)
(0.91936183509442 -1.6523417513435e-23 -1.6523417513435e-23)
(0.91936183509441 1.800481995177e-23 1.800481995177e-23)
(0.91936183509442 -1.0721448902353e-22 -1.0721448902353e-22)
(0.91936183509441 -1.577685174098e-22 -1.577685174098e-22)
(0.91936183509441 -1.9404937757195e-22 -1.9404937757195e-22)
(0.91936183509441 -1.7133200637736e-22 -1.7133200637736e-22)
(0.91936183509441 2.0483239389715e-23 2.0483239389715e-23)
(0.91936183509441 5.4442355550478e-24 5.4442355550478e-24)
(0.91936183509434 7.0812500022591e-23 7.0812500022591e-23)
(0.91936183509315 -1.430090252469e-23 -1.430090252469e-23)
(0.919361835077 -2.0415112907705e-22 -2.0415112907705e-22)
(0.91936183487456 -1.9568940845284e-23 -1.9568940845284e-23)
(0.91936183261034 -8.2028937873906e-24 -8.2028937873906e-24)
(0.91936181029659 7.1428411270773e-24 7.1428411270773e-24)
(0.91936162009495 2.6321684523523e-22 2.6321684523523e-22)
(0.9193602528727 3.6599897637561e-22 3.6599897637561e-22)
(0.9193522728355 3.301946978607e-23 3.301946978607e-23)
(0.91931592738585 -1.2973553396862e-22 -1.2973553396862e-22)
(0.9192457920194 -1.460889224381e-22 -1.460889224381e-22)
(0.91903789404429 -2.7477223783652e-22 -2.7477223783652e-22)
)
;

boundaryField
{
    left
    {
        type            zeroGradient;
    }
    right
    {
        type            zeroGradient;
    }
    sides
    {
        type            empty;
    }
}


// ************************************************************************* //
