/*--------------------------------*- C++ -*----------------------------------*\
  =========                 |
  \\      /  F ield         | OpenFOAM: The Open Source CFD Toolbox
   \\    /   O peration     | Website:  https://openfoam.org
    \\  /    A nd           | Version:  10
     \\/     M anipulation  |
\*---------------------------------------------------------------------------*/
FoamFile
{
    format      ascii;
    class       volVectorField;
    location    "0.00011";
    object      Us;
}
// * * * * * * * * * * * * * * * * * * * * * * * * * * * * * * * * * * * * * //

dimensions      [0 1 -1 0 0 0 0];

internalField   nonuniform List<vector> 
100
(
(0.8071297185468 -6.8347247714438e-24 -6.8347247714438e-24)
(0.80711395520924 -2.5936343437754e-23 -2.5936343437754e-23)
(0.80711006277471 5.959086191793e-23 5.959086191793e-23)
(0.80710871834146 1.9765571057138e-22 1.9765571057138e-22)
(0.80710847230791 8.050965554219e-23 8.050965554219e-23)
(0.80710843584357 -1.1147690558682e-23 -1.1147690558682e-23)
(0.807108431319 -7.9684786999721e-24 -7.9684786999721e-24)
(0.80710843083557 -1.1461359094649e-22 -1.1461359094649e-22)
(0.80710843079019 -1.0297518811605e-23 -1.0297518811605e-23)
(0.8071084307864 1.1729186136486e-22 1.1729186136486e-22)
(0.80710843078611 -1.1226534226988e-23 -1.1226534226988e-23)
(0.80710843078609 -1.588596436006e-22 -1.588596436006e-22)
(0.80710843078609 -8.9162993329776e-23 -8.9162993329776e-23)
(0.80710843078609 7.9332780563868e-23 7.9332780563868e-23)
(0.80710843078609 1.5111077703091e-22 1.5111077703091e-22)
(0.80710843078609 1.1023296709321e-22 1.1023296709321e-22)
(0.80710843078609 -8.8249371467612e-23 -8.8249371467612e-23)
(0.80710843078609 -2.9770054439834e-23 -2.9770054439834e-23)
(0.80710843078609 1.1698398952966e-22 1.1698398952966e-22)
(0.80710843078609 2.5161898439582e-23 2.5161898439582e-23)
(0.80710843078609 5.2074445827491e-25 5.2074445827491e-25)
(0.80710843078609 2.4272856078144e-23 2.4272856078144e-23)
(0.80710843078609 -3.1018717709503e-23 -3.1018717709503e-23)
(0.80710843078609 -1.2571464494943e-23 -1.2571464494943e-23)
(0.80710843078609 -9.0157957354196e-24 -9.0157957354196e-24)
(0.80710843078609 -7.3347473916566e-23 -7.3347473916566e-23)
(0.80710843078609 -3.4026050254071e-23 -3.4026050254071e-23)
(0.80710843078609 -6.7098923876889e-23 -6.7098923876889e-23)
(0.80710843078609 -2.6496761026128e-23 -2.6496761026128e-23)
(0.80710843078609 5.29922656634e-23 5.29922656634e-23)
(0.80710843078609 7.3901632755202e-23 7.3901632755202e-23)
(0.80710843078609 1.5069996402899e-23 1.5069996402899e-23)
(0.80710843078609 -6.2879837111001e-23 -6.2879837111001e-23)
(0.80710843078609 -2.9567013572712e-23 -2.9567013572712e-23)
(0.80710843078609 -1.472690898735e-22 -1.472690898735e-22)
(0.80710843078609 -1.8295176445505e-22 -1.8295176445505e-22)
(0.80710843078609 1.1188180198306e-23 1.1188180198306e-23)
(0.80710843078609 1.2803591820498e-22 1.2803591820498e-22)
(0.80710843078609 1.4925325769541e-22 1.4925325769541e-22)
(0.80710843078609 1.6577029971482e-22 1.6577029971482e-22)
(0.80710843078609 4.8963767254259e-23 4.8963767254259e-23)
(0.80710843078609 -8.4678612714774e-23 -8.4678612714774e-23)
(0.80710843078609 -1.6994081940586e-24 -1.6994081940586e-24)
(0.80710843078609 1.915307048243e-24 1.915307048243e-24)
(0.80710843078609 -7.31032226964e-23 -7.31032226964e-23)
(0.80710843078609 -2.0736764975374e-23 -2.0736764975374e-23)
(0.80710843078609 1.3541443873712e-23 1.3541443873712e-23)
(0.80710843078609 -3.073694579393e-23 -3.073694579393e-23)
(0.80710843078609 3.7860213495136e-23 3.7860213495136e-23)
(0.80710843078609 9.9789090465798e-23 9.9789090465798e-23)
(0.80710843078609 6.1313673461405e-24 6.1313673461405e-24)
(0.80710843078609 6.5942607316893e-25 6.5942607316893e-25)
(0.80710843078609 1.5516788968246e-24 1.5516788968246e-24)
(0.80710843078609 1.6267610738666e-23 1.6267610738666e-23)
(0.80710843078609 8.0430949684173e-23 8.0430949684173e-23)
(0.80710843078609 -1.2151886003399e-24 -1.2151886003399e-24)
(0.80710843078609 -1.5907496727442e-22 -1.5907496727442e-22)
(0.80710843078609 -1.1190727744687e-22 -1.1190727744687e-22)
(0.80710843078609 -1.2783126075727e-22 -1.2783126075727e-22)
(0.80710843078609 -8.3414731611045e-23 -8.3414731611045e-23)
(0.80710843078609 4.3189835339809e-24 4.3189835339809e-24)
(0.80710843078609 8.1752666088333e-24 8.1752666088333e-24)
(0.80710843078609 -6.4652017312938e-26 -6.4652017312938e-26)
(0.80710843078609 -7.9298374750873e-24 -7.9298374750873e-24)
(0.80710843078609 -1.7939030151048e-24 -1.7939030151048e-24)
(0.80710843078609 -2.9490089063523e-24 -2.9490089063523e-24)
(0.80710843078609 -5.0869125760166e-23 -5.0869125760166e-23)
(0.80710843078609 -1.5453135490762e-22 -1.5453135490762e-22)
(0.80710843078609 1.7139535399462e-23 1.7139535399462e-23)
(0.80710843078609 1.2667935844673e-22 1.2667935844673e-22)
(0.80710843078609 1.411161240093e-22 1.411161240093e-22)
(0.80710843078609 9.2966927183485e-23 9.2966927183485e-23)
(0.80710843078609 -7.0957196352807e-23 -7.0957196352807e-23)
(0.80710843078609 4.7507901915601e-23 4.7507901915601e-23)
(0.80710843078609 1.3386878807198e-22 1.3386878807198e-22)
(0.80710843078609 -4.2473969514129e-23 -4.2473969514129e-23)
(0.80710843078609 -1.3509985128084e-22 -1.3509985128084e-22)
(0.80710843078609 4.1429810100887e-23 4.1429810100887e-23)
(0.80710843078609 1.4743866629446e-22 1.4743866629446e-22)
(0.80710843078609 6.1542787022442e-24 6.1542787022442e-24)
(0.80710843078609 4.3760143817628e-23 4.3760143817628e-23)
(0.80710843078609 -9.9826068413827e-24 -9.9826068413827e-24)
(0.80710843078609 -1.1451601106006e-22 -1.1451601106006e-22)
(0.80710843078609 -1.1469510773976e-22 -1.1469510773976e-22)
(0.80710843078609 -7.7223241624053e-23 -7.7223241624053e-23)
(0.80710843078609 -3.0723218457624e-23 -3.0723218457624e-23)
(0.80710843078609 -1.0882494803589e-24 -1.0882494803589e-24)
(0.80710843078609 3.3944491927099e-24 3.3944491927099e-24)
(0.80710843078609 3.3531782575536e-24 3.3531782575536e-24)
(0.80710843078599 -1.5608030385587e-23 -1.5608030385587e-23)
(0.80710843078469 -3.3812391350776e-23 -3.3812391350776e-23)
(0.80710843076694 -4.942347431883e-24 -4.942347431883e-24)
(0.80710843054907 -7.7274698986823e-23 -7.7274698986823e-23)
(0.80710842816186 3.3836482807891e-23 3.3836482807891e-23)
(0.80710840515927 1.2268827686535e-22 1.2268827686535e-22)
(0.80710821392903 1.594223371842e-22 1.594223371842e-22)
(0.80710687904158 7.3290133056394e-23 7.3290133056394e-23)
(0.80709930836829 -1.1592124985346e-22 -1.1592124985346e-22)
(0.80707619748507 -1.109511007381e-22 -1.109511007381e-22)
(0.80415558842361 -6.2385681162627e-23 -6.2385681162627e-23)
)
;

boundaryField
{
    left
    {
        type            zeroGradient;
    }
    right
    {
        type            zeroGradient;
    }
    sides
    {
        type            empty;
    }
}


// ************************************************************************* //
