/*--------------------------------*- C++ -*----------------------------------*\
  =========                 |
  \\      /  F ield         | OpenFOAM: The Open Source CFD Toolbox
   \\    /   O peration     | Website:  https://openfoam.org
    \\  /    A nd           | Version:  10
     \\/     M anipulation  |
\*---------------------------------------------------------------------------*/
FoamFile
{
    format      ascii;
    class       volVectorField;
    location    "0.00028";
    object      U;
}
// * * * * * * * * * * * * * * * * * * * * * * * * * * * * * * * * * * * * * //

dimensions      [0 1 -1 0 0 0 0];

internalField   nonuniform List<vector> 
100
(
(0.90959616097936 -1.1461530027957e-22 -1.1461530027957e-22)
(0.90958945418031 3.5987512453887e-24 3.5987512453887e-24)
(0.90958825199795 3.3382573032446e-22 3.3382573032446e-22)
(0.90958311407835 6.1151233340578e-22 6.1151233340578e-22)
(0.90957646242625 3.5285245770776e-22 3.5285245770776e-22)
(0.9095660510166 -1.0568799339534e-22 -1.0568799339534e-22)
(0.90955106197984 -2.7491247896401e-22 -2.7491247896401e-22)
(0.90953547187309 -2.1246156577877e-22 -2.1246156577877e-22)
(0.90952528355577 1.4082948002665e-22 1.4082948002665e-22)
(0.90951981837586 1.3940221911938e-22 1.3940221911938e-22)
(0.90951729996095 -1.4818914295496e-22 -1.4818914295496e-22)
(0.90951627934857 -1.7420957376687e-22 -1.7420957376687e-22)
(0.90951590960168 9.2740506343514e-24 9.2740506343514e-24)
(0.9095157883825 1.4061769155236e-22 1.4061769155236e-22)
(0.90951575205438 1.843323966827e-22 1.843323966827e-22)
(0.90951574202269 3.3735239273848e-22 3.3735239273848e-22)
(0.90951573945306 -7.8764935996324e-24 -7.8764935996324e-24)
(0.90951573883898 -1.952043063571e-22 -1.952043063571e-22)
(0.90951573870152 1.0283170452717e-22 1.0283170452717e-22)
(0.9095157386726 -1.1362236152009e-22 -1.1362236152009e-22)
(0.90951573866677 -2.1098120470931e-22 -2.1098120470931e-22)
(0.90951573866566 4.1901699584595e-23 4.1901699584595e-23)
(0.9095157386655 5.9609511826968e-24 5.9609511826968e-24)
(0.9095157386655 1.6330052476541e-22 1.6330052476541e-22)
(0.90951573866549 1.3531043299192e-22 1.3531043299192e-22)
(0.90951573866549 -3.0426569558134e-22 -3.0426569558134e-22)
(0.90951573866549 -2.5167990175215e-22 -2.5167990175215e-22)
(0.90951573866549 -4.1681699683568e-23 -4.1681699683568e-23)
(0.90951573866546 5.3092029896873e-23 5.3092029896873e-23)
(0.90951573866548 -8.8424547377007e-23 -8.8424547377007e-23)
(0.90951573866549 5.9459973481963e-24 5.9459973481963e-24)
(0.90951573866549 6.9474389586201e-23 6.9474389586201e-23)
(0.90951573866549 1.048960546821e-22 1.048960546821e-22)
(0.90951573866549 1.504558237813e-22 1.504558237813e-22)
(0.90951573866546 -2.2932156947383e-22 -2.2932156947383e-22)
(0.90951573866549 -5.5616086584917e-24 -5.5616086584917e-24)
(0.90951573866548 3.438752332767e-22 3.438752332767e-22)
(0.9095157386655 5.5544357142926e-23 5.5544357142926e-23)
(0.90951573866548 -1.6848830318729e-22 -1.6848830318729e-22)
(0.9095157386655 2.5927560542769e-23 2.5927560542769e-23)
(0.90951573866547 1.9530967889551e-22 1.9530967889551e-22)
(0.90951573866548 9.6808649597769e-23 9.6808649597769e-23)
(0.90951573866549 -1.4441541862339e-22 -1.4441541862339e-22)
(0.90951573866549 -2.4317353666228e-22 -2.4317353666228e-22)
(0.90951573866549 -3.3245008785232e-22 -3.3245008785232e-22)
(0.9095157386655 -2.6064616672147e-22 -2.6064616672147e-22)
(0.90951573866547 2.0991429987327e-22 2.0991429987327e-22)
(0.90951573866548 1.9881781476767e-22 1.9881781476767e-22)
(0.90951573866549 1.7916554078475e-22 1.7916554078475e-22)
(0.90951573866549 2.4693473305824e-22 2.4693473305824e-22)
(0.90951573866549 6.0803486490634e-23 6.0803486490634e-23)
(0.90951573866549 3.0888850600486e-23 3.0888850600486e-23)
(0.90951573866549 -1.4075806048153e-24 -1.4075806048153e-24)
(0.90951573866549 3.3402580723204e-23 3.3402580723204e-23)
(0.90951573866549 5.592183981525e-23 5.592183981525e-23)
(0.90951573866549 -1.0654925711501e-22 -1.0654925711501e-22)
(0.90951573866548 -3.3938959152623e-22 -3.3938959152623e-22)
(0.90951573866548 -4.4991366982257e-22 -4.4991366982257e-22)
(0.90951573866547 1.1751271914238e-23 1.1751271914238e-23)
(0.90951573866548 3.1712238923769e-22 3.1712238923769e-22)
(0.90951573866546 3.7711870872726e-23 3.7711870872726e-23)
(0.90951573866548 -2.0641659136315e-22 -2.0641659136315e-22)
(0.90951573866546 -1.2659729859226e-23 -1.2659729859226e-23)
(0.90951573866548 1.2461775132646e-22 1.2461775132646e-22)
(0.90951573866546 -3.0613608527396e-23 -3.0613608527396e-23)
(0.90951573866548 -2.0190696376533e-22 -2.0190696376533e-22)
(0.90951573866546 -1.9240857008394e-22 -1.9240857008394e-22)
(0.90951573866548 3.1173547000978e-23 3.1173547000978e-23)
(0.90951573866546 6.5307357855913e-23 6.5307357855913e-23)
(0.90951573866548 4.3937368458761e-22 4.3937368458761e-22)
(0.90951573866546 2.865265202579e-22 2.865265202579e-22)
(0.90951573866548 -3.5520263279584e-22 -3.5520263279584e-22)
(0.90951573866549 -1.7305855946884e-22 -1.7305855946884e-22)
(0.90951573866548 1.1688057772831e-23 1.1688057772831e-23)
(0.90951573866547 1.9914732261992e-22 1.9914732261992e-22)
(0.90951573866549 3.9023946899739e-22 3.9023946899739e-22)
(0.90951573866548 1.3057890395977e-22 1.3057890395977e-22)
(0.90951573866534 -1.4403394608695e-22 -1.4403394608695e-22)
(0.90951573866436 -6.6689289477592e-23 -6.6689289477592e-23)
(0.90951573865898 -1.4880618566082e-22 -1.4880618566082e-22)
(0.90951573863001 -2.2020189816785e-22 -2.2020189816785e-22)
(0.9095157384828 -7.2395085896083e-23 -7.2395085896083e-23)
(0.90951573777642 6.7955029036167e-24 6.7955029036167e-24)
(0.9095157345864 -1.6805569049644e-22 -1.6805569049644e-22)
(0.90951572107022 -2.231591126694e-22 -2.231591126694e-22)
(0.90951566760675 3.4427373076767e-24 3.4427373076767e-24)
(0.90951547117518 2.1937866902376e-22 2.1937866902376e-22)
(0.90951480472644 1.8083562747344e-22 1.8083562747344e-22)
(0.90951273054769 -2.6112619951561e-23 -2.6112619951561e-23)
(0.90950685514463 6.9142206994572e-23 6.9142206994572e-23)
(0.90949183619599 -1.1228745460304e-22 -1.1228745460304e-22)
(0.90945752335134 -1.5726049339334e-22 -1.5726049339334e-22)
(0.9093882078594 6.3171107561163e-23 6.3171107561163e-23)
(0.90926559278834 4.9806788212874e-23 4.9806788212874e-23)
(0.90907745893956 2.1944375557014e-22 2.1944375557014e-22)
(0.90882407510721 1.3138112880789e-22 1.3138112880789e-22)
(0.90852382208747 -1.1655380236042e-22 -1.1655380236042e-22)
(0.90815658084817 -1.386297246169e-22 -1.386297246169e-22)
(0.90795094100427 -2.3085808698484e-22 -2.3085808698484e-22)
(0.90706056949336 -3.7996153009393e-22 -3.7996153009393e-22)
)
;

boundaryField
{
    left
    {
        type            zeroGradient;
    }
    right
    {
        type            zeroGradient;
    }
    sides
    {
        type            empty;
    }
}


// ************************************************************************* //
