/*--------------------------------*- C++ -*----------------------------------*\
  =========                 |
  \\      /  F ield         | OpenFOAM: The Open Source CFD Toolbox
   \\    /   O peration     | Website:  https://openfoam.org
    \\  /    A nd           | Version:  10
     \\/     M anipulation  |
\*---------------------------------------------------------------------------*/
FoamFile
{
    format      ascii;
    class       volVectorField;
    location    "0.00028";
    object      Us;
}
// * * * * * * * * * * * * * * * * * * * * * * * * * * * * * * * * * * * * * //

dimensions      [0 1 -1 0 0 0 0];

internalField   nonuniform List<vector> 
100
(
(0.90573291633896 -1.0967824391713e-22 -1.0967824391713e-22)
(0.90571983782958 9.2925584933718e-23 9.2925584933718e-23)
(0.90571691359812 3.0371177926105e-22 3.0371177926105e-22)
(0.90570799201723 3.6004059588801e-22 3.6004059588801e-22)
(0.9056978053875 2.7399047786878e-22 2.7399047786878e-22)
(0.90568566377254 -4.9572630077784e-23 -4.9572630077784e-23)
(0.90567403075148 -1.4505439655506e-22 -1.4505439655506e-22)
(0.90566578237515 -1.1719335339729e-22 -1.1719335339729e-22)
(0.90566128650633 -3.4417479499637e-23 -3.4417479499637e-23)
(0.90565918143912 1.2154041950424e-22 1.2154041950424e-22)
(0.90565831526606 1.0784621234158e-22 1.0784621234158e-22)
(0.90565799694011 -1.0672872389568e-22 -1.0672872389568e-22)
(0.90565789116107 -1.0821004604512e-22 -1.0821004604512e-22)
(0.90565785906322 1.1668195908225e-22 1.1668195908225e-22)
(0.90565785009614 1.616391216816e-22 1.616391216816e-22)
(0.9056578477743 1.8214549633819e-22 1.8214549633819e-22)
(0.90565784721383 5.8500179771862e-23 5.8500179771862e-23)
(0.90565784708705 -7.6341567673324e-23 -7.6341567673324e-23)
(0.90565784706012 -5.7792518937041e-23 -5.7792518937041e-23)
(0.90565784705473 -1.5480208201165e-22 -1.5480208201165e-22)
(0.90565784705369 -1.0376869250984e-22 -1.0376869250984e-22)
(0.90565784705351 4.3672000607783e-23 4.3672000607783e-23)
(0.90565784705349 4.1392939528239e-23 4.1392939528239e-23)
(0.9056578470535 8.6928563695018e-23 8.6928563695018e-23)
(0.90565784705349 -6.1426678478913e-23 -6.1426678478913e-23)
(0.90565784705349 -2.2426135451218e-22 -2.2426135451218e-22)
(0.90565784705349 -1.3572056934441e-22 -1.3572056934441e-22)
(0.90565784705349 -4.1682659052277e-23 -4.1682659052277e-23)
(0.90565784705347 1.6885180080014e-23 1.6885180080014e-23)
(0.90565784705348 5.1155077105815e-23 5.1155077105815e-23)
(0.90565784705349 1.0694238791622e-22 1.0694238791622e-22)
(0.90565784705349 -2.4592626022707e-23 -2.4592626022707e-23)
(0.90565784705349 6.4352040136849e-23 6.4352040136849e-23)
(0.9056578470535 8.4446992526416e-23 8.4446992526416e-23)
(0.90565784705347 -2.4132724206733e-22 -2.4132724206733e-22)
(0.90565784705349 -4.7113846668204e-23 -4.7113846668204e-23)
(0.90565784705348 2.6112468271221e-22 2.6112468271221e-22)
(0.90565784705349 5.0145589059254e-23 5.0145589059254e-23)
(0.90565784705348 -1.5339517626869e-23 -1.5339517626869e-23)
(0.9056578470535 2.232237016058e-22 2.232237016058e-22)
(0.90565784705348 2.236093012173e-22 2.236093012173e-22)
(0.90565784705349 -1.9495768576684e-22 -1.9495768576684e-22)
(0.90565784705349 -2.2874496270327e-22 -2.2874496270327e-22)
(0.90565784705349 -7.6016669038475e-23 -7.6016669038475e-23)
(0.90565784705349 -1.2722288258974e-22 -1.2722288258974e-22)
(0.9056578470535 -1.6009184415058e-22 -1.6009184415058e-22)
(0.90565784705348 3.189423144497e-23 3.189423144497e-23)
(0.90565784705348 1.4051619951374e-22 1.4051619951374e-22)
(0.90565784705349 1.5831606189713e-22 1.5831606189713e-22)
(0.90565784705349 1.1842654982293e-22 1.1842654982293e-22)
(0.90565784705349 -3.4015828654425e-23 -3.4015828654425e-23)
(0.90565784705349 3.6875365899539e-23 3.6875365899539e-23)
(0.90565784705349 1.4115322747895e-22 1.4115322747895e-22)
(0.90565784705349 1.7998600933803e-22 1.7998600933803e-22)
(0.90565784705349 9.9380504583473e-23 9.9380504583473e-23)
(0.90565784705349 -1.5210333667468e-22 -1.5210333667468e-22)
(0.90565784705349 -3.7147428794143e-22 -3.7147428794143e-22)
(0.90565784705349 -3.4517672187154e-22 -3.4517672187154e-22)
(0.90565784705347 -5.3783196755901e-23 -5.3783196755901e-23)
(0.90565784705349 1.1570962602592e-22 1.1570962602592e-22)
(0.90565784705347 4.7329504285805e-23 4.7329504285805e-23)
(0.90565784705348 -7.4973296222202e-23 -7.4973296222202e-23)
(0.90565784705347 -7.9503696254548e-24 -7.9503696254548e-24)
(0.90565784705348 1.56765529369e-22 1.56765529369e-22)
(0.90565784705347 -1.8398832756639e-23 -1.8398832756639e-23)
(0.90565784705348 -2.6919597523735e-22 -2.6919597523735e-22)
(0.90565784705347 -1.2744834427813e-22 -1.2744834427813e-22)
(0.90565784705348 -7.7941649167413e-23 -7.7941649167413e-23)
(0.90565784705347 -9.2768601006413e-23 -9.2768601006413e-23)
(0.90565784705348 3.7686994364171e-22 3.7686994364171e-22)
(0.90565784705347 3.7444798249898e-22 3.7444798249898e-22)
(0.90565784705348 -9.3700411359741e-23 -9.3700411359741e-23)
(0.90565784705349 -9.9404520307557e-23 -9.9404520307557e-23)
(0.90565784705349 -2.8314026209291e-23 -2.8314026209291e-23)
(0.90565784705347 1.59790259395e-22 1.59790259395e-22)
(0.90565784705348 3.3314674493822e-22 3.3314674493822e-22)
(0.90565784705349 2.5327859373291e-23 2.5327859373291e-23)
(0.90565784705347 -1.3291099575375e-22 -1.3291099575375e-22)
(0.90565784705331 -8.958509734516e-24 -8.958509734516e-24)
(0.90565784705241 -6.39395350441e-23 -6.39395350441e-23)
(0.90565784704728 -1.1125795868538e-22 -1.1125795868538e-22)
(0.90565784701995 -6.1878784594753e-23 -6.1878784594753e-23)
(0.90565784688227 -1.1792786956801e-22 -1.1792786956801e-22)
(0.90565784622815 -1.8729837447129e-22 -1.8729837447129e-22)
(0.90565784330119 -7.9002540690382e-23 -7.9002540690382e-23)
(0.90565783102632 -2.0463549093796e-24 -2.0463549093796e-24)
(0.90565778299652 6.4249927514808e-23 6.4249927514808e-23)
(0.90565760855981 1.2516254740893e-22 1.2516254740893e-22)
(0.90565702396546 6.3426623573379e-24 6.3426623573379e-24)
(0.9056552282452 -5.3823569489749e-23 -5.3823569489749e-23)
(0.9056502106599 -1.2073677085471e-22 -1.2073677085471e-22)
(0.90563756268841 1.4350808413704e-23 1.4350808413704e-23)
(0.90560906787316 9.6121496054975e-23 9.6121496054975e-23)
(0.90555218353239 3.4811745036127e-23 3.4811745036127e-23)
(0.90545261017022 1.3312034153556e-22 1.3312034153556e-22)
(0.90529896786065 1.1268340683145e-22 1.1268340683145e-22)
(0.90509427995886 -6.8962365671496e-24 -6.8962365671496e-24)
(0.90482625743468 -1.623066534189e-22 -1.623066534189e-22)
(0.90467039068302 -3.0223091712655e-22 -3.0223091712655e-22)
(0.88432235452153 -3.5351843318236e-22 -3.5351843318236e-22)
)
;

boundaryField
{
    left
    {
        type            zeroGradient;
    }
    right
    {
        type            zeroGradient;
    }
    sides
    {
        type            empty;
    }
}


// ************************************************************************* //
