/*--------------------------------*- C++ -*----------------------------------*\
  =========                 |
  \\      /  F ield         | OpenFOAM: The Open Source CFD Toolbox
   \\    /   O peration     | Website:  https://openfoam.org
    \\  /    A nd           | Version:  10
     \\/     M anipulation  |
\*---------------------------------------------------------------------------*/
FoamFile
{
    format      ascii;
    class       volVectorField;
    location    "0.00026";
    object      U;
}
// * * * * * * * * * * * * * * * * * * * * * * * * * * * * * * * * * * * * * //

dimensions      [0 1 -1 0 0 0 0];

internalField   nonuniform List<vector> 
100
(
(0.90976641783239 -1.6870634601362e-22 -1.6870634601362e-22)
(0.9097575967324 1.3750421540783e-22 1.3750421540783e-22)
(0.9097558273312 4.1565838454314e-22 4.1565838454314e-22)
(0.9097492758599 3.6779978235009e-22 3.6779978235009e-22)
(0.9097407261751 2.7139681590547e-22 2.7139681590547e-22)
(0.90972722687227 -1.1065263163297e-22 -1.1065263163297e-22)
(0.90971060870773 -2.2859568582928e-22 -2.2859568582928e-22)
(0.90969823081774 -3.1966236103385e-23 -3.1966236103385e-23)
(0.90969138495915 1.1946346882379e-22 1.1946346882379e-22)
(0.90968818197805 1.4474669965569e-22 1.4474669965569e-22)
(0.90968688216335 8.9903223260199e-23 8.9903223260199e-23)
(0.90968641558516 -1.0388921102342e-22 -1.0388921102342e-22)
(0.90968626529396 -1.1445803228826e-22 -1.1445803228826e-22)
(0.9096862213419 5.4973678934028e-23 5.4973678934028e-23)
(0.90968620956574 1.3993203398645e-22 1.3993203398645e-22)
(0.90968620665322 2.0484278708682e-22 2.0484278708682e-22)
(0.90968620598395 -4.2874703772564e-23 -4.2874703772564e-23)
(0.90968620584024 -8.9636328281395e-23 -8.9636328281395e-23)
(0.90968620581137 7.0184742044702e-23 7.0184742044702e-23)
(0.9096862058059 -1.8869063878408e-22 -1.8869063878408e-22)
(0.9096862058049 -2.3948701743615e-22 -2.3948701743615e-22)
(0.90968620580475 2.4330893920624e-23 2.4330893920624e-23)
(0.90968620580474 5.2299136017677e-23 5.2299136017677e-23)
(0.90968620580476 1.0050081565728e-22 1.0050081565728e-22)
(0.90968620580475 1.0140367158469e-22 1.0140367158469e-22)
(0.90968620580475 -2.3063807158627e-22 -2.3063807158627e-22)
(0.90968620580475 -4.3477236273479e-22 -4.3477236273479e-22)
(0.90968620580475 -8.5491773541577e-23 -8.5491773541577e-23)
(0.90968620580472 1.2922701302921e-22 1.2922701302921e-22)
(0.90968620580474 8.7404341785498e-23 8.7404341785498e-23)
(0.90968620580474 1.271173746198e-22 1.271173746198e-22)
(0.90968620580475 -6.4310638719571e-23 -6.4310638719571e-23)
(0.90968620580474 1.2182456944778e-22 1.2182456944778e-22)
(0.90968620580475 1.8221969442775e-22 1.8221969442775e-22)
(0.90968620580472 -2.5888567153004e-22 -2.5888567153004e-22)
(0.90968620580475 1.0508661027707e-22 1.0508661027707e-22)
(0.90968620580474 2.9534760676895e-22 2.9534760676895e-22)
(0.90968620580475 -2.8685744787711e-22 -2.8685744787711e-22)
(0.90968620580474 -1.2140902175412e-22 -1.2140902175412e-22)
(0.90968620580476 2.4256953291641e-22 2.4256953291641e-22)
(0.90968620580474 3.4669736965736e-22 3.4669736965736e-22)
(0.90968620580474 -1.1235521464716e-22 -1.1235521464716e-22)
(0.90968620580475 -3.3879633623387e-22 -3.3879633623387e-22)
(0.90968620580474 -1.0244561070189e-22 -1.0244561070189e-22)
(0.90968620580474 -1.6139776679448e-22 -1.6139776679448e-22)
(0.90968620580475 -1.9183492294894e-22 -1.9183492294894e-22)
(0.90968620580473 1.2359279008972e-22 1.2359279008972e-22)
(0.90968620580474 1.3557049342458e-22 1.3557049342458e-22)
(0.90968620580475 1.0407984491885e-22 1.0407984491885e-22)
(0.90968620580475 3.3103826733908e-22 3.3103826733908e-22)
(0.90968620580475 1.1657170924029e-22 1.1657170924029e-22)
(0.90968620580475 4.4827474289562e-23 4.4827474289562e-23)
(0.90968620580475 -9.550006457161e-24 -9.550006457161e-24)
(0.90968620580475 -5.8330830356209e-24 -5.8330830356209e-24)
(0.90968620580474 1.3363639343406e-22 1.3363639343406e-22)
(0.90968620580475 -1.1365445992249e-22 -1.1365445992249e-22)
(0.90968620580474 -3.9869528351532e-22 -3.9869528351532e-22)
(0.90968620580474 -3.2479217066912e-22 -3.2479217066912e-22)
(0.90968620580472 1.1380183442494e-22 1.1380183442494e-22)
(0.90968620580474 1.5869716210248e-22 1.5869716210248e-22)
(0.90968620580472 -1.4205303381512e-22 -1.4205303381512e-22)
(0.90968620580474 -4.8805634118958e-23 -4.8805634118958e-23)
(0.90968620580472 1.308398239973e-22 1.308398239973e-22)
(0.90968620580474 1.4850301668198e-22 1.4850301668198e-22)
(0.90968620580472 3.2974950360216e-23 3.2974950360216e-23)
(0.90968620580474 -4.1344490859989e-22 -4.1344490859989e-22)
(0.90968620580472 -2.3439857614529e-22 -2.3439857614529e-22)
(0.90968620580473 3.7520336688425e-23 3.7520336688425e-23)
(0.90968620580472 -1.4582340217013e-22 -1.4582340217013e-22)
(0.90968620580474 4.759378399549e-22 4.759378399549e-22)
(0.90968620580472 4.5204518137466e-22 4.5204518137466e-22)
(0.90968620580474 -2.5265069912424e-22 -2.5265069912424e-22)
(0.90968620580475 -1.9882143708266e-22 -1.9882143708266e-22)
(0.90968620580474 -1.9104732310422e-23 -1.9104732310422e-23)
(0.90968620580472 1.7435882102876e-22 1.7435882102876e-22)
(0.90968620580474 4.3229499358987e-22 4.3229499358987e-22)
(0.90968620580475 9.8616667255371e-23 9.8616667255371e-23)
(0.90968620580474 -1.2992751099563e-22 -1.2992751099563e-22)
(0.90968620580462 1.324859793981e-23 1.324859793981e-23)
(0.90968620580383 -1.8460381444828e-22 -1.8460381444828e-22)
(0.90968620579894 -2.2206385465144e-22 -2.2206385465144e-22)
(0.90968620577144 1.8491197869966e-23 1.8491197869966e-23)
(0.9096862056245 -5.0166075873752e-23 -5.0166075873752e-23)
(0.90968620488711 -2.9153663886904e-22 -2.9153663886904e-22)
(0.90968620140936 -9.066797077352e-23 -9.066797077352e-23)
(0.90968618608516 1.3324047688238e-23 1.3324047688238e-23)
(0.9096861233101 1.0460160123512e-22 1.0460160123512e-22)
(0.90968588563927 2.2813407205475e-22 2.2813407205475e-22)
(0.90968505953939 4.6090502807125e-23 4.6090502807125e-23)
(0.90968244360634 -9.0160615032964e-23 -9.0160615032964e-23)
(0.90967496525117 -1.9871907291696e-22 -1.9871907291696e-22)
(0.90965585501834 1.9192806725999e-23 1.9192806725999e-23)
(0.90961269867234 1.0727519301617e-22 1.0727519301617e-22)
(0.90952752871174 6.9727364592754e-23 6.9727364592754e-23)
(0.90938262620574 2.3224709142978e-22 2.3224709142978e-22)
(0.90916955641494 -1.2546804249815e-23 -1.2546804249815e-23)
(0.90890319742645 -9.51542178218e-23 -9.51542178218e-23)
(0.90857361401834 -6.1207929625866e-23 -6.1207929625866e-23)
(0.90838695862573 -3.5527491573875e-22 -3.5527491573875e-22)
(0.90758651308228 -4.8324909032898e-22 -4.8324909032898e-22)
)
;

boundaryField
{
    left
    {
        type            zeroGradient;
    }
    right
    {
        type            zeroGradient;
    }
    sides
    {
        type            empty;
    }
}


// ************************************************************************* //
