/*--------------------------------*- C++ -*----------------------------------*\
  =========                 |
  \\      /  F ield         | OpenFOAM: The Open Source CFD Toolbox
   \\    /   O peration     | Website:  https://openfoam.org
    \\  /    A nd           | Version:  10
     \\/     M anipulation  |
\*---------------------------------------------------------------------------*/
FoamFile
{
    format      ascii;
    class       volVectorField;
    location    "0.00026";
    object      Us;
}
// * * * * * * * * * * * * * * * * * * * * * * * * * * * * * * * * * * * * * //

dimensions      [0 1 -1 0 0 0 0];

internalField   nonuniform List<vector> 
100
(
(0.90402448407769 -8.6608884542969e-23 -8.6608884542969e-23)
(0.90400896456069 9.1043232483085e-23 9.1043232483085e-23)
(0.90400539733703 2.6536898394265e-22 2.6536898394265e-22)
(0.90399509761816 3.189268085382e-22 3.189268085382e-22)
(0.90398371613453 2.5942093041661e-22 2.5942093041661e-22)
(0.90397139792432 -5.2897499949866e-23 -5.2897499949866e-23)
(0.90396163719572 -1.004686194941e-22 -1.004686194941e-22)
(0.90395601637852 -8.0168221858976e-23 -8.0168221858976e-23)
(0.90395333938089 -1.0376869358689e-22 -1.0376869358689e-22)
(0.90395223373435 1.3028279424673e-22 1.3028279424673e-22)
(0.90395183039435 1.8304642374927e-22 1.8304642374927e-22)
(0.90395169850631 -9.4929790154501e-23 -9.4929790154501e-23)
(0.90395165940411 -1.4069237600468e-22 -1.4069237600468e-22)
(0.90395164879388 9.6859346145861e-23 9.6859346145861e-23)
(0.9039516461388 1.4307435890966e-22 1.4307435890966e-22)
(0.90395164552215 1.4478173513608e-22 1.4478173513608e-22)
(0.90395164538845 1.0853921706807e-22 1.0853921706807e-22)
(0.90395164536125 -5.1466866311919e-23 -5.1466866311919e-23)
(0.90395164535605 -1.0782136705122e-22 -1.0782136705122e-22)
(0.90395164535512 -1.563343650508e-22 -1.563343650508e-22)
(0.90395164535498 -7.2642095138997e-23 -7.2642095138997e-23)
(0.90395164535495 4.8785276487072e-23 4.8785276487072e-23)
(0.90395164535495 6.1380003742387e-23 6.1380003742387e-23)
(0.90395164535496 3.1744396817464e-23 3.1744396817464e-23)
(0.90395164535495 -1.5103579500621e-22 -1.5103579500621e-22)
(0.90395164535495 -2.0406265163526e-22 -2.0406265163526e-22)
(0.90395164535495 -4.9728274349506e-23 -4.9728274349506e-23)
(0.90395164535496 2.1293089351655e-24 2.1293089351655e-24)
(0.90395164535493 -6.6954287181816e-24 -6.6954287181816e-24)
(0.90395164535495 6.6386966681781e-23 6.6386966681781e-23)
(0.90395164535495 1.3087477828881e-22 1.3087477828881e-22)
(0.90395164535495 -2.1021490302994e-23 -2.1021490302994e-23)
(0.90395164535495 3.8943468521768e-23 3.8943468521768e-23)
(0.90395164535496 6.788102025923e-23 6.788102025923e-23)
(0.90395164535493 -2.5112597961002e-22 -2.5112597961002e-22)
(0.90395164535495 -8.456817154404e-23 -8.456817154404e-23)
(0.90395164535494 2.4238962814621e-22 2.4238962814621e-22)
(0.90395164535496 9.940262782659e-23 9.940262782659e-23)
(0.90395164535494 5.8012330535995e-23 5.8012330535995e-23)
(0.90395164535496 2.740735036405e-22 2.740735036405e-22)
(0.90395164535494 2.0532086648418e-22 2.0532086648418e-22)
(0.90395164535495 -2.9811076851747e-22 -2.9811076851747e-22)
(0.90395164535495 -2.554552688247e-22 -2.554552688247e-22)
(0.90395164535495 -1.8164715320024e-23 -1.8164715320024e-23)
(0.90395164535495 -7.6685662451256e-23 -7.6685662451256e-23)
(0.90395164535496 -1.3732605269042e-22 -1.3732605269042e-22)
(0.90395164535494 -3.2095641051221e-23 -3.2095641051221e-23)
(0.90395164535495 1.2257003957211e-22 1.2257003957211e-22)
(0.90395164535495 1.5768014686273e-22 1.5768014686273e-22)
(0.90395164535495 3.9867588016573e-23 3.9867588016573e-23)
(0.90395164535495 -7.0434638051964e-23 -7.0434638051964e-23)
(0.90395164535495 3.5750355142634e-23 3.5750355142634e-23)
(0.90395164535495 2.1306372588996e-22 2.1306372588996e-22)
(0.90395164535495 2.5319531833947e-22 2.5319531833947e-22)
(0.90395164535495 9.0486012522314e-23 9.0486012522314e-23)
(0.90395164535495 -1.6786228590805e-22 -1.6786228590805e-22)
(0.90395164535495 -3.5930398196016e-22 -3.5930398196016e-22)
(0.90395164535495 -2.9533004204719e-22 -2.9533004204719e-22)
(0.90395164535494 -1.0160972181849e-22 -1.0160972181849e-22)
(0.90395164535495 3.5704835039998e-23 3.5704835039998e-23)
(0.90395164535493 7.7457416846587e-23 7.7457416846587e-23)
(0.90395164535494 -5.9395487973565e-23 -5.9395487973565e-23)
(0.90395164535493 -2.7178347013545e-23 -2.7178347013545e-23)
(0.90395164535494 1.5986675153336e-22 1.5986675153336e-22)
(0.90395164535493 -2.4010952600638e-23 -2.4010952600638e-23)
(0.90395164535494 -2.4795493688375e-22 -2.4795493688375e-22)
(0.90395164535493 -1.0621608689573e-22 -1.0621608689573e-22)
(0.90395164535494 -1.2184223585076e-22 -1.2184223585076e-22)
(0.90395164535493 -1.1817799097857e-22 -1.1817799097857e-22)
(0.90395164535495 3.5275633155321e-22 3.5275633155321e-22)
(0.90395164535493 3.7902230347079e-22 3.7902230347079e-22)
(0.90395164535494 1.914355682668e-23 1.914355682668e-23)
(0.90395164535495 -6.57645058314e-23 -6.57645058314e-23)
(0.90395164535495 -5.7041825567531e-23 -5.7041825567531e-23)
(0.90395164535494 1.546933782302e-22 1.546933782302e-22)
(0.90395164535495 2.7645059055635e-22 2.7645059055635e-22)
(0.90395164535495 -1.2196841116251e-23 -1.2196841116251e-23)
(0.90395164535495 -1.0946254600237e-22 -1.0946254600237e-22)
(0.90395164535492 1.4154372434254e-23 1.4154372434254e-23)
(0.90395164535482 -3.7704716882152e-23 -3.7704716882152e-23)
(0.90395164535404 -7.4066729621844e-23 -7.4066729621844e-23)
(0.90395164534937 -5.3511571688577e-23 -5.3511571688577e-23)
(0.90395164532318 -1.4832254047222e-22 -1.4832254047222e-22)
(0.90395164518505 -1.7782151395735e-22 -1.7782151395735e-22)
(0.90395164449767 -5.5818750050464e-23 -5.5818750050464e-23)
(0.90395164128901 -6.8295428227665e-24 -6.8295428227665e-24)
(0.90395162730357 2.037538114122e-23 2.037538114122e-23)
(0.90395157067859 1.0045447092902e-22 1.0045447092902e-22)
(0.90395135896295 1.9214474903682e-23 1.9214474903682e-23)
(0.90395063288214 -8.5450091761029e-23 -8.5450091761029e-23)
(0.90394836654008 -1.3239283266721e-22 -1.3239283266721e-22)
(0.90394198465752 3.1283009901524e-23 3.1283009901524e-23)
(0.90392593133209 1.080699930209e-22 1.080699930209e-22)
(0.90389020796585 2.9449558602654e-23 2.9449558602654e-23)
(0.90382077802076 9.5020727093571e-23 9.5020727093571e-23)
(0.90370283556925 1.4595357710079e-22 1.4595357710079e-22)
(0.90353317232711 4.5127216389894e-23 4.5127216389894e-23)
(0.90330097895538 -1.9320771693848e-22 -1.9320771693848e-22)
(0.90316280455235 -3.204078672123e-22 -3.204078672123e-22)
(0.88547452743208 -3.2536165698796e-22 -3.2536165698796e-22)
)
;

boundaryField
{
    left
    {
        type            zeroGradient;
    }
    right
    {
        type            zeroGradient;
    }
    sides
    {
        type            empty;
    }
}


// ************************************************************************* //
