/*--------------------------------*- C++ -*----------------------------------*\
  =========                 |
  \\      /  F ield         | OpenFOAM: The Open Source CFD Toolbox
   \\    /   O peration     | Website:  https://openfoam.org
    \\  /    A nd           | Version:  10
     \\/     M anipulation  |
\*---------------------------------------------------------------------------*/
FoamFile
{
    format      ascii;
    class       volVectorField;
    location    "0.00016";
    object      U;
}
// * * * * * * * * * * * * * * * * * * * * * * * * * * * * * * * * * * * * * //

dimensions      [0 1 -1 0 0 0 0];

internalField   nonuniform List<vector> 
100
(
(0.91301964223783 -3.3540509677933e-23 -3.3540509677933e-23)
(0.91299102760527 1.2918292616233e-22 1.2918292616233e-22)
(0.91298434364248 2.2625207793739e-22 2.2625207793739e-22)
(0.91296566060545 2.0754466594628e-22 2.0754466594628e-22)
(0.9129541531922 1.0729688904334e-22 1.0729688904334e-22)
(0.91294928565592 3.2039400281316e-23 3.2039400281316e-23)
(0.91294769751773 -6.1707983692126e-23 -6.1707983692126e-23)
(0.91294726826825 -2.0932481710034e-22 -2.0932481710034e-22)
(0.91294716933608 -1.539712426037e-22 -1.539712426037e-22)
(0.91294714943935 1.4586760120849e-22 1.4586760120849e-22)
(0.91294714588672 1.3760188429361e-22 1.3760188429361e-22)
(0.91294714531614 -8.2340790932025e-23 -8.2340790932025e-23)
(0.91294714523277 -8.4609005083505e-23 -8.4609005083505e-23)
(0.91294714522158 4.778925367376e-23 4.778925367376e-23)
(0.9129471452202 1.5541440581079e-22 1.5541440581079e-22)
(0.91294714522006 1.9618798278394e-22 1.9618798278394e-22)
(0.91294714522006 1.1589272317277e-22 1.1589272317277e-22)
(0.91294714522005 2.512990098148e-24 2.512990098148e-24)
(0.91294714522006 -3.5925687013173e-22 -3.5925687013173e-22)
(0.91294714522005 -2.8201310104262e-22 -2.8201310104262e-22)
(0.91294714522006 2.699307396536e-22 2.699307396536e-22)
(0.91294714522006 1.5171590078221e-22 1.5171590078221e-22)
(0.91294714522005 -2.4412762168533e-22 -2.4412762168533e-22)
(0.91294714522006 8.0190616835237e-23 8.0190616835237e-23)
(0.91294714522006 2.6664059309347e-22 2.6664059309347e-22)
(0.91294714522005 -1.5733384245879e-22 -1.5733384245879e-22)
(0.91294714522006 -5.9199369861587e-23 -5.9199369861587e-23)
(0.91294714522006 3.7104693856585e-23 3.7104693856585e-23)
(0.91294714522004 -1.221654852994e-22 -1.221654852994e-22)
(0.91294714522005 1.4393722391519e-22 1.4393722391519e-22)
(0.91294714522005 1.7412760009684e-22 1.7412760009684e-22)
(0.91294714522006 -1.296667839129e-22 -1.296667839129e-22)
(0.91294714522005 -7.5610940750028e-23 -7.5610940750028e-23)
(0.91294714522006 -1.2050178670652e-22 -1.2050178670652e-22)
(0.91294714522005 -2.488150085057e-22 -2.488150085057e-22)
(0.91294714522006 -4.4369807165653e-23 -4.4369807165653e-23)
(0.91294714522005 2.8436688649954e-22 2.8436688649954e-22)
(0.91294714522006 2.1954716571995e-22 2.1954716571995e-22)
(0.91294714522005 1.683445038807e-22 1.683445038807e-22)
(0.91294714522007 2.9815870934397e-22 2.9815870934397e-22)
(0.91294714522005 5.8652971129322e-23 5.8652971129322e-23)
(0.91294714522005 -1.1028101558716e-22 -1.1028101558716e-22)
(0.91294714522005 -2.2285516179799e-22 -2.2285516179799e-22)
(0.91294714522006 -3.2007272554218e-22 -3.2007272554218e-22)
(0.91294714522005 2.8152608663136e-23 2.8152608663136e-23)
(0.91294714522006 -1.0696811430502e-22 -1.0696811430502e-22)
(0.91294714522005 4.2176515494975e-23 4.2176515494975e-23)
(0.91294714522005 3.7156533384012e-22 3.7156533384012e-22)
(0.91294714522005 -3.5218862817673e-25 -3.5218862817673e-25)
(0.91294714522005 -4.2327533215036e-23 -4.2327533215036e-23)
(0.91294714522005 7.4282246608571e-23 7.4282246608571e-23)
(0.91294714522005 3.8522583599896e-23 3.8522583599896e-23)
(0.91294714522005 1.0385624744339e-23 1.0385624744339e-23)
(0.91294714522006 1.3914401693355e-22 1.3914401693355e-22)
(0.91294714522005 -2.5257440733181e-23 -2.5257440733181e-23)
(0.91294714522006 -1.9666601943856e-22 -1.9666601943856e-22)
(0.91294714522005 -1.4836399479836e-22 -1.4836399479836e-22)
(0.91294714522005 -2.5398209494991e-22 -2.5398209494991e-22)
(0.91294714522004 -1.7274078063346e-22 -1.7274078063346e-22)
(0.91294714522005 7.8284690908241e-24 7.8284690908241e-24)
(0.91294714522004 1.581900192008e-22 1.581900192008e-22)
(0.91294714522005 -1.3294102368161e-22 -1.3294102368161e-22)
(0.91294714522004 -1.9628261204484e-22 -1.9628261204484e-22)
(0.91294714522005 -7.2665193863721e-23 -7.2665193863721e-23)
(0.91294714522004 9.862378712457e-23 9.862378712457e-23)
(0.91294714522005 -9.8465125436822e-23 -9.8465125436822e-23)
(0.91294714522004 -2.6248431545034e-22 -2.6248431545034e-22)
(0.91294714522005 1.2746540351088e-22 1.2746540351088e-22)
(0.91294714522004 8.7956264270101e-23 8.7956264270101e-23)
(0.91294714522005 3.3161499587693e-23 3.3161499587693e-23)
(0.91294714522004 2.4930518905289e-22 2.4930518905289e-22)
(0.91294714522005 2.8080698414365e-22 2.8080698414365e-22)
(0.91294714522005 -1.3479262045964e-22 -1.3479262045964e-22)
(0.91294714522005 -8.0284924051552e-23 -8.0284924051552e-23)
(0.91294714522004 2.3635681653435e-22 2.3635681653435e-22)
(0.91294714522005 1.1189877569785e-22 1.1189877569785e-22)
(0.91294714522005 -3.1413739524494e-23 -3.1413739524494e-23)
(0.91294714522005 -1.9193256377797e-23 -1.9193256377797e-23)
(0.91294714522005 1.0418687869375e-22 1.0418687869375e-22)
(0.91294714522005 1.3187260271158e-22 1.3187260271158e-22)
(0.91294714522006 -6.9696469359273e-24 -6.9696469359273e-24)
(0.91294714522005 -2.1155790439084e-22 -2.1155790439084e-22)
(0.91294714522005 -2.4527490656641e-22 -2.4527490656641e-22)
(0.91294714522004 -1.0730658963154e-22 -1.0730658963154e-22)
(0.91294714521999 -1.6902162275098e-22 -1.6902162275098e-22)
(0.91294714521923 6.4635253710829e-24 6.4635253710829e-24)
(0.9129471452125 3.2329352115062e-23 3.2329352115062e-23)
(0.9129471451571 7.5944931154961e-24 7.5944931154961e-24)
(0.91294714473769 1.7160513216818e-22 1.7160513216818e-22)
(0.91294714181649 -7.5952074628039e-23 -7.5952074628039e-23)
(0.91294712332125 -1.3030620003484e-22 -1.3030620003484e-22)
(0.91294701793964 1.0436381305258e-22 1.0436381305258e-22)
(0.91294648469056 -8.8064202372077e-23 -8.8064202372077e-23)
(0.91294412922528 -1.9611624815026e-22 -1.9611624815026e-22)
(0.91293525457418 1.926591247871e-22 1.926591247871e-22)
(0.91290754473951 3.919953802823e-22 3.919953802823e-22)
(0.9128403121625 3.9525445791266e-23 3.9525445791266e-23)
(0.9127031766502 -2.6373320095853e-22 -2.6373320095853e-22)
(0.9125946003853 -1.7928090607003e-22 -1.7928090607003e-22)
(0.91213787148364 -2.0342842601753e-22 -2.0342842601753e-22)
)
;

boundaryField
{
    left
    {
        type            zeroGradient;
    }
    right
    {
        type            zeroGradient;
    }
    sides
    {
        type            empty;
    }
}


// ************************************************************************* //
