/*--------------------------------*- C++ -*----------------------------------*\
  =========                 |
  \\      /  F ield         | OpenFOAM: The Open Source CFD Toolbox
   \\    /   O peration     | Website:  https://openfoam.org
    \\  /    A nd           | Version:  10
     \\/     M anipulation  |
\*---------------------------------------------------------------------------*/
FoamFile
{
    format      ascii;
    class       volVectorField;
    location    "0.00016";
    object      Us;
}
// * * * * * * * * * * * * * * * * * * * * * * * * * * * * * * * * * * * * * //

dimensions      [0 1 -1 0 0 0 0];

internalField   nonuniform List<vector> 
100
(
(0.87135995136106 -4.0200450669553e-23 -4.0200450669553e-23)
(0.87133547595237 1.5949750255749e-23 1.5949750255749e-23)
(0.8713283919805 9.1112160668263e-23 9.1112160668263e-23)
(0.87131894524247 1.6108352162056e-22 1.6108352162056e-22)
(0.8713148668576 1.3724964929383e-22 1.3724964929383e-22)
(0.87131346969726 6.4750253719631e-23 6.4750253719631e-23)
(0.8713130822828 -1.0526644113525e-23 -1.0526644113525e-23)
(0.87131299094006 -1.9067603675134e-22 -1.9067603675134e-22)
(0.87131297220555 -1.1021011100683e-22 -1.1021011100683e-22)
(0.87131296880217 1.3495414455475e-22 1.3495414455475e-22)
(0.87131296824683 4.9239592333601e-23 4.9239592333601e-23)
(0.87131296816458 -1.6354324221439e-22 -1.6354324221439e-22)
(0.87131296815341 -4.6740301495112e-23 -4.6740301495112e-23)
(0.87131296815202 1.2133791538992e-22 1.2133791538992e-22)
(0.87131296815185 1.2256716346386e-22 1.2256716346386e-22)
(0.87131296815184 1.5252365039027e-22 1.5252365039027e-22)
(0.87131296815184 5.7864772400694e-23 5.7864772400694e-23)
(0.87131296815184 -1.9503836399248e-23 -1.9503836399248e-23)
(0.87131296815184 -1.3524390934105e-22 -1.3524390934105e-22)
(0.87131296815184 -1.2774186344548e-22 -1.2774186344548e-22)
(0.87131296815185 1.2281931032454e-22 1.2281931032454e-22)
(0.87131296815184 1.4818887792403e-22 1.4818887792403e-22)
(0.87131296815184 -1.2275440349781e-22 -1.2275440349781e-22)
(0.87131296815185 -5.3683925411217e-23 -5.3683925411217e-23)
(0.87131296815184 1.0187509840562e-22 1.0187509840562e-22)
(0.87131296815184 -8.4011437457832e-23 -8.4011437457832e-23)
(0.87131296815184 -8.4376380112593e-23 -8.4376380112593e-23)
(0.87131296815184 -3.8703744273085e-23 -3.8703744273085e-23)
(0.87131296815184 6.9331766414777e-24 6.9331766414777e-24)
(0.87131296815184 1.1740627877777e-22 1.1740627877777e-22)
(0.87131296815184 8.0471605864161e-23 8.0471605864161e-23)
(0.87131296815184 -5.8724377142144e-23 -5.8724377142144e-23)
(0.87131296815184 -5.1301720008563e-23 -5.1301720008563e-23)
(0.87131296815185 -5.1994865572308e-23 -5.1994865572308e-23)
(0.87131296815184 -2.071946044413e-22 -2.071946044413e-22)
(0.87131296815185 -1.8615172157676e-22 -1.8615172157676e-22)
(0.87131296815184 1.6004989572145e-22 1.6004989572145e-22)
(0.87131296815185 2.2237454568425e-22 2.2237454568425e-22)
(0.87131296815184 1.2612467226306e-22 1.2612467226306e-22)
(0.87131296815185 1.9062600628193e-22 1.9062600628193e-22)
(0.87131296815184 4.2244322328799e-23 4.2244322328799e-23)
(0.87131296815184 -9.4216345726401e-23 -9.4216345726401e-23)
(0.87131296815184 -6.7979616485153e-23 -6.7979616485153e-23)
(0.87131296815184 -1.1679595948441e-22 -1.1679595948441e-22)
(0.87131296815184 -7.3729931074284e-23 -7.3729931074284e-23)
(0.87131296815185 -2.0314541815635e-23 -2.0314541815635e-23)
(0.87131296815184 6.133149741008e-23 6.133149741008e-23)
(0.87131296815184 1.1006936980845e-22 1.1006936980845e-22)
(0.87131296815184 -9.0750745644248e-24 -9.0750745644248e-24)
(0.87131296815184 2.2358104175881e-23 2.2358104175881e-23)
(0.87131296815184 5.322859500141e-23 5.322859500141e-23)
(0.87131296815184 1.7845084311589e-23 1.7845084311589e-23)
(0.87131296815184 1.1290232544146e-23 1.1290232544146e-23)
(0.87131296815184 5.951376901733e-23 5.951376901733e-23)
(0.87131296815184 6.0214140022686e-23 6.0214140022686e-23)
(0.87131296815184 2.5168357293434e-23 2.5168357293434e-23)
(0.87131296815184 -1.0319396737561e-22 -1.0319396737561e-22)
(0.87131296815184 -2.7073801083865e-22 -2.7073801083865e-22)
(0.87131296815184 -2.1062070352468e-22 -2.1062070352468e-22)
(0.87131296815184 -5.5194628103812e-23 -5.5194628103812e-23)
(0.87131296815184 6.4830087780389e-24 6.4830087780389e-24)
(0.87131296815184 -3.2938948812219e-23 -3.2938948812219e-23)
(0.87131296815184 -7.7202850178539e-25 -7.7202850178539e-25)
(0.87131296815184 -6.0358409619254e-23 -6.0358409619254e-23)
(0.87131296815184 -2.3751482662004e-23 -2.3751482662004e-23)
(0.87131296815184 3.8637723121556e-24 3.8637723121556e-24)
(0.87131296815184 -1.01682888641e-22 -1.01682888641e-22)
(0.87131296815184 -9.9589368156764e-23 -9.9589368156764e-23)
(0.87131296815184 1.2418584125552e-23 1.2418584125552e-23)
(0.87131296815184 1.2722927604899e-22 1.2722927604899e-22)
(0.87131296815184 2.0257073269194e-22 2.0257073269194e-22)
(0.87131296815184 1.598745787114e-22 1.598745787114e-22)
(0.87131296815184 -5.2184132101878e-23 -5.2184132101878e-23)
(0.87131296815184 1.6335765322141e-23 1.6335765322141e-23)
(0.87131296815184 1.446398855255e-22 1.446398855255e-22)
(0.87131296815184 -1.0293281802537e-23 -1.0293281802537e-23)
(0.87131296815184 -1.1371968460093e-22 -1.1371968460093e-22)
(0.87131296815184 1.187901646991e-23 1.187901646991e-23)
(0.87131296815184 1.4403579140091e-22 1.4403579140091e-22)
(0.87131296815184 1.222523690699e-22 1.222523690699e-22)
(0.87131296815184 -1.5978284813796e-23 -1.5978284813796e-23)
(0.87131296815184 -5.5365547231731e-23 -5.5365547231731e-23)
(0.87131296815184 -1.0622473354258e-22 -1.0622473354258e-22)
(0.87131296815184 -1.6628219211704e-22 -1.6628219211704e-22)
(0.87131296815184 -1.0614275470225e-22 -1.0614275470225e-22)
(0.87131296815175 -4.2230983487718e-23 -4.2230983487718e-23)
(0.87131296815097 -7.1817764784906e-23 -7.1817764784906e-23)
(0.87131296814409 -1.3991670931861e-23 -1.3991670931861e-23)
(0.87131296808847 1.1772069007026e-22 1.1772069007026e-22)
(0.87131296767163 -7.6000404120008e-24 -7.6000404120008e-24)
(0.87131296481076 -1.1178269754836e-22 -1.1178269754836e-22)
(0.87131294698035 8.3744523477999e-24 8.3744523477999e-24)
(0.8713128471506 -4.6403073110905e-23 -4.6403073110905e-23)
(0.87131235191669 -6.4927778909235e-23 -6.4927778909235e-23)
(0.8713102140331 1.1356189191846e-22 1.1356189191846e-22)
(0.871302365151 2.461674670182e-22 2.461674670182e-22)
(0.87127899037865 1.2888295871321e-22 1.2888295871321e-22)
(0.87121995891015 -1.0373756828702e-22 -1.0373756828702e-22)
(0.87116314855196 -1.5838277089047e-22 -1.5838277089047e-22)
(0.86241719645676 -1.7389936563535e-22 -1.7389936563535e-22)
)
;

boundaryField
{
    left
    {
        type            zeroGradient;
    }
    right
    {
        type            zeroGradient;
    }
    sides
    {
        type            empty;
    }
}


// ************************************************************************* //
