/*--------------------------------*- C++ -*----------------------------------*\
  =========                 |
  \\      /  F ield         | OpenFOAM: The Open Source CFD Toolbox
   \\    /   O peration     | Website:  https://openfoam.org
    \\  /    A nd           | Version:  10
     \\/     M anipulation  |
\*---------------------------------------------------------------------------*/
FoamFile
{
    format      ascii;
    class       volVectorField;
    location    "0.00018";
    object      U;
}
// * * * * * * * * * * * * * * * * * * * * * * * * * * * * * * * * * * * * * //

dimensions      [0 1 -1 0 0 0 0];

internalField   nonuniform List<vector> 
100
(
(0.91178347450169 -9.9389284250917e-23 -9.9389284250917e-23)
(0.91176105158115 1.5867224896263e-23 1.5867224896263e-23)
(0.91175642221669 2.1407754942912e-22 2.1407754942912e-22)
(0.91173928856772 2.0412356757014e-22 2.0412356757014e-22)
(0.91172323479407 2.2447023042309e-22 2.2447023042309e-22)
(0.91171437735731 4.9783131075426e-23 4.9783131075426e-23)
(0.91171073538248 -1.8950172315696e-23 -1.8950172315696e-23)
(0.91170950632542 -1.227623770038e-22 -1.227623770038e-22)
(0.91170915518591 -2.2392660827332e-22 -2.2392660827332e-22)
(0.91170906802733 1.2060482490612e-22 1.2060482490612e-22)
(0.91170904888514 8.7923960006165e-23 8.7923960006165e-23)
(0.91170904511287 -1.6814950586962e-22 -1.6814950586962e-22)
(0.91170904443834 -7.9758247401205e-23 -7.9758247401205e-23)
(0.9117090443279 1.517191270689e-22 1.517191270689e-22)
(0.91170904431121 9.1466749978942e-23 9.1466749978942e-23)
(0.91170904430886 2.4031053970483e-22 2.4031053970483e-22)
(0.91170904430856 1.6530506391791e-22 1.6530506391791e-22)
(0.91170904430854 -5.2733314886806e-23 -5.2733314886806e-23)
(0.91170904430855 -2.9090619483032e-22 -2.9090619483032e-22)
(0.91170904430854 -3.3477291218471e-22 -3.3477291218471e-22)
(0.91170904430855 4.56493282643e-23 4.56493282643e-23)
(0.91170904430855 1.3751978643543e-22 1.3751978643543e-22)
(0.91170904430854 4.514554592506e-23 4.514554592506e-23)
(0.91170904430855 -3.0632276405198e-23 -3.0632276405198e-23)
(0.91170904430855 8.5398164982516e-23 8.5398164982516e-23)
(0.91170904430855 -1.3612735293838e-22 -1.3612735293838e-22)
(0.91170904430855 1.9143585374618e-23 1.9143585374618e-23)
(0.91170904430855 1.2019521377746e-22 1.2019521377746e-22)
(0.91170904430853 -2.5736897077565e-22 -2.5736897077565e-22)
(0.91170904430854 1.2577041127916e-23 1.2577041127916e-23)
(0.91170904430854 3.2138644337191e-22 3.2138644337191e-22)
(0.91170904430855 1.0721561308803e-22 1.0721561308803e-22)
(0.91170904430854 -1.0987258504432e-22 -1.0987258504432e-22)
(0.91170904430855 -1.5488005377017e-22 -1.5488005377017e-22)
(0.91170904430853 -3.7141783599475e-22 -3.7141783599475e-22)
(0.91170904430855 -4.2349943446818e-24 -4.2349943446818e-24)
(0.91170904430854 3.26046148101e-22 3.26046148101e-22)
(0.91170904430855 2.1384958240999e-22 2.1384958240999e-22)
(0.91170904430854 1.8445327513871e-22 1.8445327513871e-22)
(0.91170904430856 2.4752482920368e-22 2.4752482920368e-22)
(0.91170904430854 2.8546820289073e-22 2.8546820289073e-22)
(0.91170904430854 -1.8954210155841e-22 -1.8954210155841e-22)
(0.91170904430854 -3.8269167690467e-22 -3.8269167690467e-22)
(0.91170904430855 -3.9403790830976e-22 -3.9403790830976e-22)
(0.91170904430854 -2.701019658658e-23 -2.701019658658e-23)
(0.91170904430855 9.6823933057552e-23 9.6823933057552e-23)
(0.91170904430854 2.9509372029491e-23 2.9509372029491e-23)
(0.91170904430854 3.2196886006164e-22 3.2196886006164e-22)
(0.91170904430855 -5.5721612490886e-24 -5.5721612490886e-24)
(0.91170904430854 -1.1301193125189e-22 -1.1301193125189e-22)
(0.91170904430855 1.3975359250003e-22 1.3975359250003e-22)
(0.91170904430855 5.1089670644891e-23 5.1089670644891e-23)
(0.91170904430855 -1.7486693122315e-23 -1.7486693122315e-23)
(0.91170904430855 2.6810053136218e-22 2.6810053136218e-22)
(0.91170904430854 2.2969170266418e-22 2.2969170266418e-22)
(0.91170904430855 -1.9099249906634e-22 -1.9099249906634e-22)
(0.91170904430854 -3.8691335379251e-22 -3.8691335379251e-22)
(0.91170904430854 -2.9751147340427e-22 -2.9751147340427e-22)
(0.91170904430853 -2.0265368315773e-22 -2.0265368315773e-22)
(0.91170904430855 -1.581288570997e-23 -1.581288570997e-23)
(0.91170904430853 1.4986930687162e-22 1.4986930687162e-22)
(0.91170904430854 -7.9760618061547e-23 -7.9760618061547e-23)
(0.91170904430853 -4.8007621225357e-23 -4.8007621225357e-23)
(0.91170904430854 1.0625030111829e-22 1.0625030111829e-22)
(0.91170904430853 -7.8623244824912e-23 -7.8623244824912e-23)
(0.91170904430854 -2.2907568679621e-22 -2.2907568679621e-22)
(0.91170904430853 -1.903618198122e-22 -1.903618198122e-22)
(0.91170904430854 -6.5765287067986e-23 -6.5765287067986e-23)
(0.91170904430853 -9.9789113966361e-23 -9.9789113966361e-23)
(0.91170904430854 2.6101797211741e-22 2.6101797211741e-22)
(0.91170904430853 4.5929051495581e-22 4.5929051495581e-22)
(0.91170904430854 7.0275563508048e-23 7.0275563508048e-23)
(0.91170904430855 -1.2933738532568e-22 -1.2933738532568e-22)
(0.91170904430854 2.292467114233e-23 2.292467114233e-23)
(0.91170904430853 3.7158972610328e-22 3.7158972610328e-22)
(0.91170904430854 1.9249408927761e-22 1.9249408927761e-22)
(0.91170904430854 -5.5119391455896e-23 -5.5119391455896e-23)
(0.91170904430854 -5.0768985356048e-23 -5.0768985356048e-23)
(0.91170904430853 1.1635322885971e-22 1.1635322885971e-22)
(0.91170904430854 -5.8866809925947e-23 -5.8866809925947e-23)
(0.91170904430855 -3.6528077566549e-22 -3.6528077566549e-22)
(0.91170904430854 -1.6738769497239e-22 -1.6738769497239e-22)
(0.91170904430854 4.944785267922e-23 4.944785267922e-23)
(0.91170904430837 -5.4187113111368e-23 -5.4187113111368e-23)
(0.91170904430689 -2.1780734171457e-22 -2.1780734171457e-22)
(0.91170904429535 -6.1662362564882e-23 -6.1662362564882e-23)
(0.91170904421187 1.2545153241804e-22 1.2545153241804e-22)
(0.91170904365059 1.3714939715714e-22 1.3714939715714e-22)
(0.91170904017218 1.8462508572719e-23 1.8462508572719e-23)
(0.91170902042144 -1.5027321559244e-22 -1.5027321559244e-22)
(0.9117089186538 -1.1963561160507e-22 -1.1963561160507e-22)
(0.91170844798956 1.8677263261852e-22 1.8677263261852e-22)
(0.91170652098293 1.7368764054703e-23 1.7368764054703e-23)
(0.91169965763173 -3.6284122407178e-22 -3.6284122407178e-22)
(0.91167886809112 1.2215968848084e-22 1.2215968848084e-22)
(0.91162634328229 4.3130389961866e-22 4.3130389961866e-22)
(0.91152147783829 -1.7908459904464e-23 -1.7908459904464e-23)
(0.91133455282826 -3.2673323248316e-22 -3.2673323248316e-22)
(0.91121448496975 -1.6358158455813e-22 -1.6358158455813e-22)
(0.91078897232413 -1.6673097652189e-22 -1.6673097652189e-22)
)
;

boundaryField
{
    left
    {
        type            zeroGradient;
    }
    right
    {
        type            zeroGradient;
    }
    sides
    {
        type            empty;
    }
}


// ************************************************************************* //
