/*--------------------------------*- C++ -*----------------------------------*\
  =========                 |
  \\      /  F ield         | OpenFOAM: The Open Source CFD Toolbox
   \\    /   O peration     | Website:  https://openfoam.org
    \\  /    A nd           | Version:  10
     \\/     M anipulation  |
\*---------------------------------------------------------------------------*/
FoamFile
{
    format      ascii;
    class       volVectorField;
    location    "0.00018";
    object      Us;
}
// * * * * * * * * * * * * * * * * * * * * * * * * * * * * * * * * * * * * * //

dimensions      [0 1 -1 0 0 0 0];

internalField   nonuniform List<vector> 
100
(
(0.88376001005812 -4.2424630982683e-23 -4.2424630982683e-23)
(0.88373550092249 3.6774331511545e-23 3.6774331511545e-23)
(0.88372889715487 1.2671563821832e-22 1.2671563821832e-22)
(0.88371681978491 1.8096328306507e-22 1.8096328306507e-22)
(0.88370968512706 1.5395600660511e-22 1.5395600660511e-22)
(0.88370658354192 5.7067512702723e-23 5.7067512702723e-23)
(0.88370551204241 -2.5162869061663e-23 -2.5162869061663e-23)
(0.88370519856899 -1.8534264968531e-22 -1.8534264968531e-22)
(0.88370511917135 -1.2640155750319e-22 -1.2640155750319e-22)
(0.88370510142038 1.3007547411044e-22 1.3007547411044e-22)
(0.88370509786591 6.5971163683604e-23 6.5971163683604e-23)
(0.88370509722114 -1.5391657225661e-22 -1.5391657225661e-22)
(0.88370509711417 -5.760782953294e-23 -5.760782953294e-23)
(0.88370509709781 1.2008266250071e-22 1.2008266250071e-22)
(0.88370509709549 1.1699849230253e-22 1.1699849230253e-22)
(0.88370509709519 1.8347115037117e-22 1.8347115037117e-22)
(0.88370509709516 7.8821315144574e-23 7.8821315144574e-23)
(0.88370509709516 -2.6484305380372e-23 -2.6484305380372e-23)
(0.88370509709516 -1.923937477748e-22 -1.923937477748e-22)
(0.88370509709515 -2.0970811257081e-22 -2.0970811257081e-22)
(0.88370509709516 1.3461513189458e-22 1.3461513189458e-22)
(0.88370509709516 1.6162187750829e-22 1.6162187750829e-22)
(0.88370509709515 -1.0372706969428e-22 -1.0372706969428e-22)
(0.88370509709516 -3.2986912428766e-23 -3.2986912428766e-23)
(0.88370509709516 1.1419847192886e-22 1.1419847192886e-22)
(0.88370509709516 -8.4359120687039e-23 -8.4359120687039e-23)
(0.88370509709516 -6.7612363479204e-23 -6.7612363479204e-23)
(0.88370509709516 -2.0163663011127e-23 -2.0163663011127e-23)
(0.88370509709515 -6.643301157899e-23 -6.643301157899e-23)
(0.88370509709515 1.0377740556389e-22 1.0377740556389e-22)
(0.88370509709515 1.6452648959369e-22 1.6452648959369e-22)
(0.88370509709516 -2.5387281226049e-23 -2.5387281226049e-23)
(0.88370509709515 -8.8669300072484e-23 -8.8669300072484e-23)
(0.88370509709516 -9.1911518859076e-23 -9.1911518859076e-23)
(0.88370509709515 -2.2816222964482e-22 -2.2816222964482e-22)
(0.88370509709516 -1.2650519196169e-22 -1.2650519196169e-22)
(0.88370509709515 2.0223860835425e-22 2.0223860835425e-22)
(0.88370509709516 2.1366515979286e-22 2.1366515979286e-22)
(0.88370509709515 1.4353609112219e-22 1.4353609112219e-22)
(0.88370509709516 2.1357381411117e-22 2.1357381411117e-22)
(0.88370509709515 7.320999488275e-23 7.320999488275e-23)
(0.88370509709515 -1.2385193579979e-22 -1.2385193579979e-22)
(0.88370509709515 -1.3939017955611e-22 -1.3939017955611e-22)
(0.88370509709516 -1.68979259439e-22 -1.68979259439e-22)
(0.88370509709515 -3.8648233892358e-23 -3.8648233892358e-23)
(0.88370509709516 -1.8818838697828e-23 -1.8818838697828e-23)
(0.88370509709515 3.9431040962799e-23 3.9431040962799e-23)
(0.88370509709515 1.859003108209e-22 1.859003108209e-22)
(0.88370509709516 -6.3600429217385e-24 -6.3600429217385e-24)
(0.88370509709516 -1.5175781133355e-23 -1.5175781133355e-23)
(0.88370509709516 7.3499867157523e-23 7.3499867157523e-23)
(0.88370509709516 2.600000720032e-23 2.600000720032e-23)
(0.88370509709516 1.6677142928749e-23 1.6677142928749e-23)
(0.88370509709516 9.6244839102005e-23 9.6244839102005e-23)
(0.88370509709515 5.6486051319006e-23 5.6486051319006e-23)
(0.88370509709516 -3.6314718179961e-23 -3.6314718179961e-23)
(0.88370509709515 -1.3881043523083e-22 -1.3881043523083e-22)
(0.88370509709516 -2.8378085935955e-22 -2.8378085935955e-22)
(0.88370509709515 -2.204348295329e-22 -2.204348295329e-22)
(0.88370509709515 -1.1444524644937e-23 -1.1444524644937e-23)
(0.88370509709515 7.0081920612856e-23 7.0081920612856e-23)
(0.88370509709515 -5.4681531897565e-23 -5.4681531897565e-23)
(0.88370509709515 -5.1215394869745e-23 -5.1215394869745e-23)
(0.88370509709515 -5.3661246725663e-23 -5.3661246725663e-23)
(0.88370509709515 -2.516587730925e-24 -2.516587730925e-24)
(0.88370509709515 -5.4527142317606e-23 -5.4527142317606e-23)
(0.88370509709515 -1.4186134663975e-22 -1.4186134663975e-22)
(0.88370509709515 -5.3966375546051e-23 -5.3966375546051e-23)
(0.88370509709515 -1.3420605222955e-23 -1.3420605222955e-23)
(0.88370509709515 1.3243114552341e-22 1.3243114552341e-22)
(0.88370509709515 2.567669635533e-22 2.567669635533e-22)
(0.88370509709515 1.6760204665891e-22 1.6760204665891e-22)
(0.88370509709515 -8.086519923461e-23 -8.086519923461e-23)
(0.88370509709516 -1.0616059037412e-23 -1.0616059037412e-23)
(0.88370509709515 1.9818019845385e-22 1.9818019845385e-22)
(0.88370509709515 4.7559519193828e-23 4.7559519193828e-23)
(0.88370509709515 -8.2542096620441e-23 -8.2542096620441e-23)
(0.88370509709516 -7.4747374161136e-24 -7.4747374161136e-24)
(0.88370509709515 1.2440137921512e-22 1.2440137921512e-22)
(0.88370509709515 1.1153444519207e-22 1.1153444519207e-22)
(0.88370509709516 -6.1321255231289e-23 -6.1321255231289e-23)
(0.88370509709515 -9.3934355454716e-23 -9.3934355454716e-23)
(0.88370509709516 -9.8287201675418e-23 -9.8287201675418e-23)
(0.88370509709513 -1.3767922436109e-22 -1.3767922436109e-22)
(0.88370509709496 -1.3057365059454e-22 -1.3057365059454e-22)
(0.88370509709346 -4.9903294569016e-23 -4.9903294569016e-23)
(0.88370509708195 -3.1519791573608e-23 -3.1519791573608e-23)
(0.88370509699947 2.3278300681259e-23 2.3278300681259e-23)
(0.88370509645253 1.0054488806908e-22 1.0054488806908e-22)
(0.88370509310534 -4.4116888947349e-23 -4.4116888947349e-23)
(0.88370507437447 -9.7760983522592e-23 -9.7760983522592e-23)
(0.88370497939059 5.7366397334301e-23 5.7366397334301e-23)
(0.88370454787903 -4.403810993575e-23 -4.403810993575e-23)
(0.88370281656759 -1.4532407086104e-22 -1.4532407086104e-22)
(0.88369679336919 1.2654285410219e-22 1.2654285410219e-22)
(0.88367895339698 3.1327661847905e-22 3.1327661847905e-22)
(0.88363611237359 8.7201928816575e-23 8.7201928816575e-23)
(0.88354501519681 -1.5261674760029e-22 -1.5261674760029e-22)
(0.88346960011757 -1.6553306168141e-22 -1.6553306168141e-22)
(0.87724874484161 -2.0161333423036e-22 -2.0161333423036e-22)
)
;

boundaryField
{
    left
    {
        type            zeroGradient;
    }
    right
    {
        type            zeroGradient;
    }
    sides
    {
        type            empty;
    }
}


// ************************************************************************* //
