/*--------------------------------*- C++ -*----------------------------------*\
  =========                 |
  \\      /  F ield         | OpenFOAM: The Open Source CFD Toolbox
   \\    /   O peration     | Website:  https://openfoam.org
    \\  /    A nd           | Version:  10
     \\/     M anipulation  |
\*---------------------------------------------------------------------------*/
FoamFile
{
    format      ascii;
    class       volVectorField;
    location    "0.00024";
    object      U;
}
// * * * * * * * * * * * * * * * * * * * * * * * * * * * * * * * * * * * * * //

dimensions      [0 1 -1 0 0 0 0];

internalField   nonuniform List<vector> 
100
(
(0.91001889138083 -1.4706492289045e-22 -1.4706492289045e-22)
(0.91000785351775 4.0175950921077e-23 4.0175950921077e-23)
(0.91000556326059 3.2428743615361e-22 3.2428743615361e-22)
(0.90999725928957 4.616654333632e-22 4.616654333632e-22)
(0.90998602758702 3.1683867730254e-22 3.1683867730254e-22)
(0.9099695484403 -1.4889454214558e-22 -1.4889454214558e-22)
(0.90995480060007 -1.718791583952e-22 -1.718791583952e-22)
(0.90994621486698 -2.9321328868493e-23 -2.9321328868493e-23)
(0.90994212319219 -4.8184085668318e-23 -4.8184085668318e-23)
(0.9099404596242 1.2447970124504e-22 1.2447970124504e-22)
(0.90993986905654 2.5160877676856e-22 2.5160877676856e-22)
(0.90993968278674 -1.2992478367257e-23 -1.2992478367257e-23)
(0.90993962987521 -1.0129652063695e-22 -1.0129652063695e-22)
(0.90993961619576 7.8340644081905e-23 7.8340644081905e-23)
(0.90993961294919 1.1042911570747e-22 1.1042911570747e-22)
(0.90993961223685 1.4544547877159e-22 1.4544547877159e-22)
(0.90993961209139 9.4847627810265e-23 9.4847627810265e-23)
(0.9099396120636 -1.4413084747247e-23 -1.4413084747247e-23)
(0.90993961205862 -1.1801207899204e-22 -1.1801207899204e-22)
(0.90993961205778 -2.174937800803e-22 -2.174937800803e-22)
(0.90993961205768 -9.1885337239776e-23 -9.1885337239776e-23)
(0.90993961205767 3.6529948163689e-23 3.6529948163689e-23)
(0.90993961205766 8.7759612152507e-23 8.7759612152507e-23)
(0.90993961205768 3.3192753765248e-23 3.3192753765248e-23)
(0.90993961205767 -3.0146059882776e-22 -3.0146059882776e-22)
(0.90993961205767 -2.5458736400129e-22 -2.5458736400129e-22)
(0.90993961205767 -1.04254010319e-22 -1.04254010319e-22)
(0.90993961205767 -6.4254277975072e-23 -6.4254277975072e-23)
(0.90993961205765 6.8832956066477e-23 6.8832956066477e-23)
(0.90993961205766 1.1887797496309e-22 1.1887797496309e-22)
(0.90993961205766 1.7145632170906e-22 1.7145632170906e-22)
(0.90993961205767 -1.1389683970211e-22 -1.1389683970211e-22)
(0.90993961205766 9.6924428170617e-23 9.6924428170617e-23)
(0.90993961205767 2.6010118045834e-22 2.6010118045834e-22)
(0.90993961205765 -2.9333053533639e-22 -2.9333053533639e-22)
(0.90993961205767 -1.1311889744499e-22 -1.1311889744499e-22)
(0.90993961205766 2.0609978154157e-22 2.0609978154157e-22)
(0.90993961205767 2.1078787101303e-23 2.1078787101303e-23)
(0.90993961205766 1.6910816948228e-22 1.6910816948228e-22)
(0.90993961205768 3.9221659339083e-22 3.9221659339083e-22)
(0.90993961205766 2.0579111032545e-22 2.0579111032545e-22)
(0.90993961205766 -4.7022976362327e-22 -4.7022976362327e-22)
(0.90993961205767 -3.404488192592e-22 -3.404488192592e-22)
(0.90993961205767 1.7481497675864e-22 1.7481497675864e-22)
(0.90993961205766 -9.1269774514754e-23 -9.1269774514754e-23)
(0.90993961205767 -1.9948476879229e-22 -1.9948476879229e-22)
(0.90993961205766 -2.2521355078234e-23 -2.2521355078234e-23)
(0.90993961205766 4.3391835237225e-23 4.3391835237225e-23)
(0.90993961205767 1.7681861311935e-22 1.7681861311935e-22)
(0.90993961205767 5.4507758719609e-24 5.4507758719609e-24)
(0.90993961205767 -1.7344511166189e-22 -1.7344511166189e-22)
(0.90993961205767 3.3486453311621e-23 3.3486453311621e-23)
(0.90993961205767 4.6345057011084e-22 4.6345057011084e-22)
(0.90993961205767 3.5664130800205e-22 3.5664130800205e-22)
(0.90993961205767 -3.0524826649381e-23 -3.0524826649381e-23)
(0.90993961205767 -2.8736882046646e-22 -2.8736882046646e-22)
(0.90993961205766 -3.6483672934278e-22 -3.6483672934278e-22)
(0.90993961205766 -1.3148308450376e-22 -1.3148308450376e-22)
(0.90993961205765 -9.3913013795211e-23 -9.3913013795211e-23)
(0.90993961205766 -5.5599569864994e-23 -5.5599569864994e-23)
(0.90993961205765 7.3325653590725e-23 7.3325653590725e-23)
(0.90993961205766 -1.444543529348e-22 -1.444543529348e-22)
(0.90993961205765 -8.1083796104685e-23 -8.1083796104685e-23)
(0.90993961205766 3.5003200554367e-22 3.5003200554367e-22)
(0.90993961205765 -2.1088722813706e-23 -2.1088722813706e-23)
(0.90993961205766 -3.6486799306357e-22 -3.6486799306357e-22)
(0.90993961205765 5.9144829480503e-23 5.9144829480503e-23)
(0.90993961205766 -5.5261601738455e-23 -5.5261601738455e-23)
(0.90993961205764 -1.7729996839609e-22 -1.7729996839609e-22)
(0.90993961205766 3.5382440007925e-22 3.5382440007925e-22)
(0.90993961205764 3.6982599353386e-22 3.6982599353386e-22)
(0.90993961205766 4.7375607610144e-23 4.7375607610144e-23)
(0.90993961205767 -9.9047181501279e-23 -9.9047181501279e-23)
(0.90993961205766 -1.4976108232194e-22 -1.4976108232194e-22)
(0.90993961205765 1.1013332826688e-22 1.1013332826688e-22)
(0.90993961205766 4.3493185998941e-22 4.3493185998941e-22)
(0.90993961205767 3.4398857951037e-23 3.4398857951037e-23)
(0.90993961205766 -2.2192197832385e-22 -2.2192197832385e-22)
(0.90993961205765 -7.4586138226876e-23 -7.4586138226876e-23)
(0.90993961205759 -9.0445763652309e-23 -9.0445763652309e-23)
(0.90993961205696 -3.2678679655703e-23 -3.2678679655703e-23)
(0.90993961205278 -1.480225768948e-23 -1.480225768948e-23)
(0.90993961202777 -1.9006020409025e-22 -1.9006020409025e-22)
(0.90993961188704 -2.2571635469174e-22 -2.2571635469174e-22)
(0.90993961114076 1.0589530234239e-22 1.0589530234239e-22)
(0.90993960743957 4.4341739237226e-23 4.4341739237226e-23)
(0.90993959035876 -1.0620262808062e-22 -1.0620262808062e-22)
(0.90993951743335 1.1325687357926e-22 1.1325687357926e-22)
(0.90993923132027 1.2671225496505e-23 1.2671225496505e-23)
(0.90993820779852 -9.0114095530775e-23 -9.0114095530775e-23)
(0.90993489934908 -9.950209348159e-23 -9.950209348159e-23)
(0.90992533869751 -5.676958713327e-23 -5.676958713327e-23)
(0.90990093633314 1.0982178653532e-22 1.0982178653532e-22)
(0.90984659219416 2.6202475086488e-22 2.6202475086488e-22)
(0.90974266922361 1.4084323047735e-22 1.4084323047735e-22)
(0.9095724848205 7.5074480717314e-23 7.5074480717314e-23)
(0.90934213276889 9.5674935117906e-23 9.5674935117906e-23)
(0.90904836814159 -2.7631375941773e-22 -2.7631375941773e-22)
(0.90887813349093 -4.6793049310781e-22 -4.6793049310781e-22)
(0.90818384288207 -4.3873717872376e-22 -4.3873717872376e-22)
)
;

boundaryField
{
    left
    {
        type            zeroGradient;
    }
    right
    {
        type            zeroGradient;
    }
    sides
    {
        type            empty;
    }
}


// ************************************************************************* //
