/*--------------------------------*- C++ -*----------------------------------*\
  =========                 |
  \\      /  F ield         | OpenFOAM: The Open Source CFD Toolbox
   \\    /   O peration     | Website:  https://openfoam.org
    \\  /    A nd           | Version:  10
     \\/     M anipulation  |
\*---------------------------------------------------------------------------*/
FoamFile
{
    format      ascii;
    class       volVectorField;
    location    "0.00024";
    object      Us;
}
// * * * * * * * * * * * * * * * * * * * * * * * * * * * * * * * * * * * * * //

dimensions      [0 1 -1 0 0 0 0];

internalField   nonuniform List<vector> 
100
(
(0.90148522016636 -5.8078683826147e-23 -5.8078683826147e-23)
(0.90146699469103 7.6007010732372e-23 7.6007010732372e-23)
(0.9014628207559 2.0081339322749e-22 2.0081339322749e-22)
(0.90145117124386 2.7517977277913e-22 2.7517977277913e-22)
(0.90143904087925 2.5343699190303e-22 2.5343699190303e-22)
(0.90142784820429 -1.8132484389222e-23 -1.8132484389222e-23)
(0.90142086069881 -8.0788129055534e-23 -8.0788129055534e-23)
(0.90141745531279 -1.0163985288977e-22 -1.0163985288977e-22)
(0.90141604446856 -1.5450386260135e-22 -1.5450386260135e-22)
(0.90141553458053 1.1883973641088e-22 1.1883973641088e-22)
(0.90141537111883 2.0025194881418e-22 2.0025194881418e-22)
(0.90141532399371 -1.0772244105965e-22 -1.0772244105965e-22)
(0.90141531164367 -1.7332713123259e-22 -1.7332713123259e-22)
(0.90141530867566 1.3599510773113e-22 1.3599510773113e-22)
(0.90141530801678 1.7107232663812e-22 1.7107232663812e-22)
(0.90141530788086 1.1563655803541e-22 1.1563655803541e-22)
(0.90141530785464 1.3594876961874e-22 1.3594876961874e-22)
(0.90141530784988 -4.5052893815388e-23 -4.5052893815388e-23)
(0.90141530784908 -1.5257121738483e-22 -1.5257121738483e-22)
(0.90141530784896 -1.456684708598e-22 -1.456684708598e-22)
(0.90141530784895 -3.0489350758471e-23 -3.0489350758471e-23)
(0.90141530784895 5.4867247598558e-23 5.4867247598558e-23)
(0.90141530784894 6.7810383933108e-23 6.7810383933108e-23)
(0.90141530784895 4.0724214501232e-23 4.0724214501232e-23)
(0.90141530784895 -1.713810283949e-22 -1.713810283949e-22)
(0.90141530784895 -2.1339447429975e-22 -2.1339447429975e-22)
(0.90141530784895 2.824951509187e-23 2.824951509187e-23)
(0.90141530784895 5.1338358047259e-23 5.1338358047259e-23)
(0.90141530784893 -4.9201376438287e-23 -4.9201376438287e-23)
(0.90141530784894 5.7421403952781e-23 5.7421403952781e-23)
(0.90141530784894 1.3429205904986e-22 1.3429205904986e-22)
(0.90141530784895 -1.1704878284824e-23 -1.1704878284824e-23)
(0.90141530784894 9.0042261517308e-24 9.0042261517308e-24)
(0.90141530784895 -9.3454388260934e-25 -9.3454388260934e-25)
(0.90141530784893 -2.3076421032912e-22 -2.3076421032912e-22)
(0.90141530784895 -1.1370468264643e-22 -1.1370468264643e-22)
(0.90141530784894 2.5975746669357e-22 2.5975746669357e-22)
(0.90141530784895 2.032256873282e-22 2.032256873282e-22)
(0.90141530784894 3.5141747393447e-23 3.5141747393447e-23)
(0.90141530784896 2.5758985005228e-22 2.5758985005228e-22)
(0.90141530784894 1.9401845109574e-22 1.9401845109574e-22)
(0.90141530784894 -3.0894912891669e-22 -3.0894912891669e-22)
(0.90141530784895 -2.2495860055811e-22 -2.2495860055811e-22)
(0.90141530784895 -4.1403567244099e-23 -4.1403567244099e-23)
(0.90141530784894 -5.658943658409e-23 -5.658943658409e-23)
(0.90141530784895 -9.1157643890312e-23 -9.1157643890312e-23)
(0.90141530784894 -5.2768103188393e-23 -5.2768103188393e-23)
(0.90141530784894 1.2029730147347e-22 1.2029730147347e-22)
(0.90141530784895 1.5672340215416e-22 1.5672340215416e-22)
(0.90141530784895 -2.9622618621764e-23 -2.9622618621764e-23)
(0.90141530784895 -1.029522764591e-22 -1.029522764591e-22)
(0.90141530784895 3.3215832762079e-23 3.3215832762079e-23)
(0.90141530784895 2.3252048184319e-22 2.3252048184319e-22)
(0.90141530784895 2.8746740891544e-22 2.8746740891544e-22)
(0.90141530784894 8.9534584710396e-23 8.9534584710396e-23)
(0.90141530784895 -1.4428341169019e-22 -1.4428341169019e-22)
(0.90141530784894 -3.330940631332e-22 -3.330940631332e-22)
(0.90141530784894 -3.0181331003413e-22 -3.0181331003413e-22)
(0.90141530784893 -1.4917808508009e-22 -1.4917808508009e-22)
(0.90141530784894 1.885712236476e-23 1.885712236476e-23)
(0.90141530784893 9.9208936848852e-23 9.9208936848852e-23)
(0.90141530784894 -7.193524283902e-23 -7.193524283902e-23)
(0.90141530784893 -1.5486985217037e-23 -1.5486985217037e-23)
(0.90141530784894 1.3622151409833e-22 1.3622151409833e-22)
(0.90141530784893 -5.2210425012766e-23 -5.2210425012766e-23)
(0.90141530784894 -2.0431686562943e-22 -2.0431686562943e-22)
(0.90141530784893 -1.0460182666571e-22 -1.0460182666571e-22)
(0.90141530784894 -1.5288978131812e-22 -1.5288978131812e-22)
(0.90141530784893 -1.1098601263162e-22 -1.1098601263162e-22)
(0.90141530784894 3.2459084305132e-22 3.2459084305132e-22)
(0.90141530784893 3.6480896877495e-22 3.6480896877495e-22)
(0.90141530784894 5.5852723752499e-23 5.5852723752499e-23)
(0.90141530784895 -4.8554599251412e-23 -4.8554599251412e-23)
(0.90141530784894 -1.6803346794047e-23 -1.6803346794047e-23)
(0.90141530784893 1.6744882410009e-22 1.6744882410009e-22)
(0.90141530784894 2.0706962449818e-22 2.0706962449818e-22)
(0.90141530784895 -5.5073497709143e-23 -5.5073497709143e-23)
(0.90141530784894 -1.0042751047046e-22 -1.0042751047046e-22)
(0.90141530784893 6.1558419538688e-23 6.1558419538688e-23)
(0.90141530784894 2.0988193894879e-23 2.0988193894879e-23)
(0.90141530784885 -8.1484662274128e-23 -8.1484662274128e-23)
(0.90141530784822 -9.7105576816143e-23 -9.7105576816143e-23)
(0.90141530784417 -1.4826419818883e-22 -1.4826419818883e-22)
(0.90141530782025 -1.4083293209411e-22 -1.4083293209411e-22)
(0.90141530768659 -5.4471677970685e-23 -5.4471677970685e-23)
(0.90141530698477 3.0520998445082e-24 3.0520998445082e-24)
(0.90141530354147 -5.3491433186056e-24 -5.3491433186056e-24)
(0.90141528783401 6.3456848064838e-23 6.3456848064838e-23)
(0.90141522160645 1.6847958955944e-23 1.6847958955944e-23)
(0.90141496526002 -7.1858466754528e-23 -7.1858466754528e-23)
(0.90141406154605 -9.8350101918492e-23 -9.8350101918492e-23)
(0.90141118623011 3.0709330962048e-23 3.0709330962048e-23)
(0.90140301758883 8.3792251742749e-23 8.3792251742749e-23)
(0.90138251895312 -1.192809551482e-23 -1.192809551482e-23)
(0.90133773419893 5.8470279497656e-23 5.8470279497656e-23)
(0.90125272643162 1.8971356664056e-22 1.8971356664056e-22)
(0.90111797745291 4.6945481206131e-23 4.6945481206131e-23)
(0.90092088054207 -2.118363765492e-22 -2.118363765492e-22)
(0.90080020277915 -2.6029657389028e-22 -2.6029657389028e-22)
(0.88849319828859 -2.6162879869573e-22 -2.6162879869573e-22)
)
;

boundaryField
{
    left
    {
        type            zeroGradient;
    }
    right
    {
        type            zeroGradient;
    }
    sides
    {
        type            empty;
    }
}


// ************************************************************************* //
