/*--------------------------------*- C++ -*----------------------------------*\
  =========                 |
  \\      /  F ield         | OpenFOAM: The Open Source CFD Toolbox
   \\    /   O peration     | Website:  https://openfoam.org
    \\  /    A nd           | Version:  10
     \\/     M anipulation  |
\*---------------------------------------------------------------------------*/
FoamFile
{
    format      ascii;
    class       volVectorField;
    location    "3e-05";
    object      U;
}
// * * * * * * * * * * * * * * * * * * * * * * * * * * * * * * * * * * * * * //

dimensions      [0 1 -1 0 0 0 0];

internalField   nonuniform List<vector> 
100
(
(0.95913606611866 -9.1775692594471e-23 -9.1775692594471e-23)
(0.95913606611866 -1.3653371042649e-22 -1.3653371042649e-22)
(0.95913606611866 -7.3436610398139e-23 -7.3436610398139e-23)
(0.95913606611866 9.2835152809753e-23 9.2835152809753e-23)
(0.95913606611866 2.1895063144632e-22 2.1895063144632e-22)
(0.95913606611866 -4.8827522800321e-23 -4.8827522800321e-23)
(0.95913606611866 1.550059890487e-24 1.550059890487e-24)
(0.95913606611866 8.2857866758057e-23 8.2857866758057e-23)
(0.95913606611866 -1.75734042634e-22 -1.75734042634e-22)
(0.95913606611866 9.2412350759805e-23 9.2412350759805e-23)
(0.95913606611866 1.922439624437e-22 1.922439624437e-22)
(0.95913606611866 -1.911362342602e-22 -1.911362342602e-22)
(0.95913606611866 -1.892489548952e-22 -1.892489548952e-22)
(0.95913606611866 1.3134657277508e-22 1.3134657277508e-22)
(0.95913606611866 1.2877005316735e-24 1.2877005316735e-24)
(0.95913606611866 -1.1903359156802e-22 -1.1903359156802e-22)
(0.95913606611866 9.0677162122405e-23 9.0677162122405e-23)
(0.95913606611866 1.32156302384e-24 1.32156302384e-24)
(0.95913606611866 -7.7991324879153e-23 -7.7991324879153e-23)
(0.95913606611866 2.1401884637386e-22 2.1401884637386e-22)
(0.95913606611866 2.676874972263e-25 2.676874972263e-25)
(0.95913606611866 -2.114190078746e-22 -2.114190078746e-22)
(0.95913606611866 2.1111391419498e-22 2.1111391419498e-22)
(0.95913606611866 -1.7185921584566e-24 -1.7185921584566e-24)
(0.95913606611866 -2.3651208445679e-22 -2.3651208445679e-22)
(0.95913606611866 -2.2568239014955e-23 -2.2568239014955e-23)
(0.95913606611866 2.6538967306325e-23 2.6538967306325e-23)
(0.95913606611866 1.1213742821475e-22 1.1213742821475e-22)
(0.95913606611866 3.9055827751846e-25 3.9055827751846e-25)
(0.95913606611866 -1.1162087771335e-22 -1.1162087771335e-22)
(0.95913606611866 -2.7642599189948e-23 -2.7642599189948e-23)
(0.95913606611866 2.0379016492492e-25 2.0379016492492e-25)
(0.95913606611866 2.7069562083536e-23 2.7069562083536e-23)
(0.95913606611866 1.4881358010084e-22 1.4881358010084e-22)
(0.95913606611866 8.8083589152372e-23 8.8083589152372e-23)
(0.95913606611867 -3.2345787839294e-23 -3.2345787839294e-23)
(0.95913606611866 -2.8130853494434e-23 -2.8130853494434e-23)
(0.95913606611867 -6.1102028234505e-26 -6.1102028234505e-26)
(0.95913606611866 2.7881610856658e-23 2.7881610856658e-23)
(0.95913606611867 3.2420774608741e-23 3.2420774608741e-23)
(0.95913606611866 -8.7495981831348e-23 -8.7495981831348e-23)
(0.95913606611866 -1.4886336520112e-22 -1.4886336520112e-22)
(0.95913606611866 -2.7442117655236e-23 -2.7442117655236e-23)
(0.95913606611866 4.3469201057978e-26 4.3469201057978e-26)
(0.95913606611866 2.7734033159208e-23 2.7734033159208e-23)
(0.95913606611866 1.4484741750452e-22 1.4484741750452e-22)
(0.95913606611866 2.908042439145e-25 2.908042439145e-25)
(0.95913606611866 -1.4457832714762e-22 -1.4457832714762e-22)
(0.95913606611866 -2.6671018080367e-23 -2.6671018080367e-23)
(0.95913606611866 -1.8324725202718e-24 -1.8324725202718e-24)
(0.95913606611866 -7.1881541642751e-26 -7.1881541642751e-26)
(0.95913606611866 -5.6743485867628e-29 -5.6743485867628e-29)
(0.95913606611866 6.8696809907596e-26 6.8696809907596e-26)
(0.95913606611866 1.858624104803e-24 1.858624104803e-24)
(0.95913606611866 3.9321628508892e-23 3.9321628508892e-23)
(0.95913606611866 2.4327875367409e-22 2.4327875367409e-22)
(0.95913606611866 -3.1652683699983e-23 -3.1652683699983e-23)
(0.95913606611866 -3.0410087319528e-22 -3.0410087319528e-22)
(0.95913606611866 -4.7205383367889e-23 -4.7205383367889e-23)
(0.95913606611866 -1.8356776007236e-24 -1.8356776007236e-24)
(0.95913606611866 -5.7407350796342e-26 -5.7407350796342e-26)
(0.95913606611866 -1.5424251643898e-27 -1.5424251643898e-27)
(0.95913606611866 -3.2693845893107e-30 -3.2693845893107e-30)
(0.95913606611866 1.3684546711804e-27 1.3684546711804e-27)
(0.95913606611866 4.7775411196888e-26 4.7775411196888e-26)
(0.95913606611866 1.347946462821e-24 1.347946462821e-24)
(0.95913606611866 2.7918847937257e-23 2.7918847937257e-23)
(0.95913606611866 1.5210768648492e-22 1.5210768648492e-22)
(0.95913606611866 7.4393402486561e-25 7.4393402486561e-25)
(0.95913606611866 -1.3861289502094e-22 -1.3861289502094e-22)
(0.95913606611866 5.6630363492244e-26 5.6630363492244e-26)
(0.95913606611866 3.750594391314e-23 3.750594391314e-23)
(0.95913606611866 -2.3281221530263e-23 -2.3281221530263e-23)
(0.95913606611866 -3.998501879612e-23 -3.998501879612e-23)
(0.95913606611866 2.4552353934827e-23 2.4552353934827e-23)
(0.95913606611866 4.0158335936003e-23 4.0158335936003e-23)
(0.95913606611866 -2.4757573941554e-23 -2.4757573941554e-23)
(0.95913606611866 -4.1913773333732e-23 -4.1913773333732e-23)
(0.95913606611866 2.7394059085005e-23 2.7394059085005e-23)
(0.95913606611866 9.0560194469285e-23 9.0560194469285e-23)
(0.95913606611866 2.551617226707e-22 2.551617226707e-22)
(0.95913606611866 -3.5574492021668e-23 -3.5574492021668e-23)
(0.95913606611866 -3.0442544749652e-22 -3.0442544749652e-22)
(0.95913606611866 -4.711406501142e-23 -4.711406501142e-23)
(0.95913606611866 -1.8333995166803e-24 -1.8333995166803e-24)
(0.95913606611866 -5.7367371339613e-26 -5.7367371339613e-26)
(0.95913606611866 -1.541845878342e-27 -1.541845878342e-27)
(0.95913606611866 -3.262071738658e-30 -3.262071738658e-30)
(0.95913606611866 1.3684546179433e-27 1.3684546179433e-27)
(0.95913606611866 4.7775401542961e-26 4.7775401542961e-26)
(0.95913606611866 1.3479458886189e-24 1.3479458886189e-24)
(0.95913606611866 2.7918820401095e-23 2.7918820401095e-23)
(0.95913606611866 1.5210734167615e-22 1.5210734167615e-22)
(0.95913606611866 7.4523679837608e-25 7.4523679837608e-25)
(0.95913606611866 -1.3860097088531e-22 -1.3860097088531e-22)
(0.95913606611866 2.8887554698824e-26 2.8887554698824e-26)
(0.95913606611866 3.7293384111184e-23 3.7293384111184e-23)
(0.95913606611866 -2.4294643282837e-23 -2.4294643282837e-23)
(0.95913606611866 -4.4931997281056e-23 -4.4931997281056e-23)
(0.95913606611866 -1.3234456607507e-23 -1.3234456607507e-23)
)
;

boundaryField
{
    left
    {
        type            zeroGradient;
    }
    right
    {
        type            zeroGradient;
    }
    sides
    {
        type            empty;
    }
}


// ************************************************************************* //
