/*--------------------------------*- C++ -*----------------------------------*\
  =========                 |
  \\      /  F ield         | OpenFOAM: The Open Source CFD Toolbox
   \\    /   O peration     | Website:  https://openfoam.org
    \\  /    A nd           | Version:  10
     \\/     M anipulation  |
\*---------------------------------------------------------------------------*/
FoamFile
{
    format      ascii;
    class       volVectorField;
    location    "3e-05";
    object      Us;
}
// * * * * * * * * * * * * * * * * * * * * * * * * * * * * * * * * * * * * * //

dimensions      [0 1 -1 0 0 0 0];

internalField   nonuniform List<vector> 
100
(
(0.4090080742018 -8.3089174355302e-24 -8.3089174355302e-24)
(0.4090080742018 -1.4734570140879e-23 -1.4734570140879e-23)
(0.4090080742018 -8.5206953974861e-24 -8.5206953974861e-24)
(0.4090080742018 1.5992976817657e-23 1.5992976817657e-23)
(0.4090080742018 4.0329738688111e-23 4.0329738688111e-23)
(0.4090080742018 6.7291663317736e-24 6.7291663317736e-24)
(0.4090080742018 3.9735931110903e-25 3.9735931110903e-25)
(0.4090080742018 -1.2713693362935e-24 -1.2713693362935e-24)
(0.4090080742018 -1.8076551169946e-23 -1.8076551169946e-23)
(0.4090080742018 1.9295734109093e-23 1.9295734109093e-23)
(0.4090080742018 1.9297190461899e-23 1.9297190461899e-23)
(0.4090080742018 -1.887952104764e-23 -1.887952104764e-23)
(0.4090080742018 -1.8672122592429e-23 -1.8672122592429e-23)
(0.4090080742018 1.5775807176473e-23 1.5775807176473e-23)
(0.4090080742018 -2.3602865144421e-26 -2.3602865144421e-26)
(0.4090080742018 -1.2162274979053e-23 -1.2162274979053e-23)
(0.4090080742018 2.9857601240182e-23 2.9857601240182e-23)
(0.4090080742018 -6.9927995584748e-27 -6.9927995584748e-27)
(0.4090080742018 -2.6250559964077e-23 -2.6250559964077e-23)
(0.4090080742018 3.1315620506675e-23 3.1315620506675e-23)
(0.4090080742018 4.3270318380742e-26 4.3270318380742e-26)
(0.4090080742018 -3.1213978712969e-23 -3.1213978712969e-23)
(0.4090080742018 3.1170050533037e-23 3.1170050533037e-23)
(0.4090080742018 -2.1211187444697e-25 -2.1211187444697e-25)
(0.4090080742018 -3.5337220817649e-23 -3.5337220817649e-23)
(0.4090080742018 -3.7368227113873e-24 -3.7368227113873e-24)
(0.4090080742018 6.0501725339945e-24 6.0501725339945e-24)
(0.4090080742018 3.9240214300525e-23 3.9240214300525e-23)
(0.4090080742018 7.9119609541593e-26 7.9119609541593e-26)
(0.4090080742018 -3.9167692615265e-23 -3.9167692615265e-23)
(0.4090080742018 -6.2365207738094e-24 -6.2365207738094e-24)
(0.4090080742018 3.9906866472759e-26 3.9906866472759e-26)
(0.4090080742018 6.5686759853337e-24 6.5686759853337e-24)
(0.4090080742018 4.1197214467017e-23 4.1197214467017e-23)
(0.4090080742018 9.350705374164e-24 9.350705374164e-24)
(0.4090080742018 -3.9292877088895e-23 -3.9292877088895e-23)
(0.4090080742018 -7.129096159734e-24 -7.129096159734e-24)
(0.4090080742018 -9.2506396041437e-27 -9.2506396041437e-27)
(0.4090080742018 7.064723365079e-24 7.064723365079e-24)
(0.4090080742018 3.930550983444e-23 3.930550983444e-23)
(0.4090080742018 -9.2035842302809e-24 -9.2035842302809e-24)
(0.4090080742018 -4.1212361442153e-23 -4.1212361442153e-23)
(0.4090080742018 -6.6620259083239e-24 -6.6620259083239e-24)
(0.4090080742018 9.1105483017347e-27 9.1105483017347e-27)
(0.4090080742018 6.8447787620902e-24 6.8447787620902e-24)
(0.4090080742018 4.0031965442462e-23 4.0031965442462e-23)
(0.4090080742018 7.4009109028392e-26 7.4009109028392e-26)
(0.4090080742018 -4.0001966242478e-23 -4.0001966242478e-23)
(0.4090080742018 -6.6862342913575e-24 -6.6862342913575e-24)
(0.4090080742018 -2.9195133767964e-25 -2.9195133767964e-25)
(0.4090080742018 -8.5419743720643e-27 -8.5419743720643e-27)
(0.4090080742018 2.8674512422174e-30 2.8674512422174e-30)
(0.4090080742018 8.4472345867383e-27 8.4472345867383e-27)
(0.4090080742018 2.8402633915026e-25 2.8402633915026e-25)
(0.4090080742018 7.7192020192987e-24 7.7192020192987e-24)
(0.4090080742018 5.8986037595725e-23 5.8986037595725e-23)
(0.4090080742018 -2.2016695137478e-23 -2.2016695137478e-23)
(0.4090080742018 -7.4728043444589e-23 -7.4728043444589e-23)
(0.4090080742018 -7.6136052567532e-24 -7.6136052567532e-24)
(0.4090080742018 -2.4267105405983e-25 -2.4267105405983e-25)
(0.4090080742018 -6.5084294663135e-27 -6.5084294663135e-27)
(0.4090080742018 -1.5097028208271e-28 -1.5097028208271e-28)
(0.4090080742018 -2.2042084309547e-31 -2.2042084309547e-31)
(0.4090080742018 1.3916122478522e-28 1.3916122478522e-28)
(0.4090080742018 5.8119761941933e-27 5.8119761941933e-27)
(0.4090080742018 2.0296805030098e-25 2.0296805030098e-25)
(0.4090080742018 5.5948717360203e-24 5.5948717360203e-24)
(0.4090080742018 4.1745852399022e-23 4.1745852399022e-23)
(0.4090080742018 1.2276593039977e-25 1.2276593039977e-25)
(0.4090080742018 -3.941657957484e-23 -3.941657957484e-23)
(0.4090080742018 1.5554916962524e-23 1.5554916962524e-23)
(0.4090080742018 1.1814409547272e-23 1.1814409547272e-23)
(0.4090080742018 -2.2031496516392e-23 -2.2031496516392e-23)
(0.4090080742018 -1.1859112411941e-23 -1.1859112411941e-23)
(0.4090080742018 2.2275938419375e-23 2.2275938419375e-23)
(0.4090080742018 1.1875228499009e-23 1.1875228499009e-23)
(0.4090080742018 -2.2300644135696e-23 -2.2300644135696e-23)
(0.4090080742018 -1.2129300788448e-23 -1.2129300788448e-23)
(0.4090080742018 2.2642679792861e-23 2.2642679792861e-23)
(0.4090080742018 2.1855473787869e-23 2.1855473787869e-23)
(0.4090080742018 5.9211086699084e-23 5.9211086699084e-23)
(0.4090080742018 -2.2554353447629e-23 -2.2554353447629e-23)
(0.4090080742018 -7.475770133875e-23 -7.475770133875e-23)
(0.4090080742018 -7.6038075022399e-24 -7.6038075022399e-24)
(0.4090080742018 -2.4249035794879e-25 -2.4249035794879e-25)
(0.4090080742018 -6.5057316099447e-27 -6.5057316099447e-27)
(0.4090080742018 -1.5093564374064e-28 -1.5093564374064e-28)
(0.4090080742018 -2.200212304973e-31 -2.200212304973e-31)
(0.4090080742018 1.3916122106216e-28 1.3916122106216e-28)
(0.4090080742018 5.8119755549896e-27 5.8119755549896e-27)
(0.4090080742018 2.0296800607093e-25 2.0296800607093e-25)
(0.4090080742018 5.5948691622531e-24 5.5948691622531e-24)
(0.4090080742018 4.1745810414338e-23 4.1745810414338e-23)
(0.4090080742018 1.228982971953e-25 1.228982971953e-25)
(0.4090080742018 -3.9414605928791e-23 -3.9414605928791e-23)
(0.4090080742018 1.5552997983912e-23 1.5552997983912e-23)
(0.4090080742018 1.1755833019602e-23 1.1755833019602e-23)
(0.4090080742018 -2.2395273247147e-23 -2.2395273247147e-23)
(0.4090080742018 -1.161062630063e-23 -1.161062630063e-23)
(0.4090080742018 1.2824940565455e-23 1.2824940565455e-23)
)
;

boundaryField
{
    left
    {
        type            zeroGradient;
    }
    right
    {
        type            zeroGradient;
    }
    sides
    {
        type            empty;
    }
}


// ************************************************************************* //
