/*--------------------------------*- C++ -*----------------------------------*\
  =========                 |
  \\      /  F ield         | OpenFOAM: The Open Source CFD Toolbox
   \\    /   O peration     | Website:  https://openfoam.org
    \\  /    A nd           | Version:  10
     \\/     M anipulation  |
\*---------------------------------------------------------------------------*/
FoamFile
{
    format      ascii;
    class       volScalarField;
    location    "0.11500006";
    object      epsilonS;
}
// * * * * * * * * * * * * * * * * * * * * * * * * * * * * * * * * * * * * * //

dimensions      [0 0 0 0 0 0 0];

internalField   nonuniform List<scalar> 
7600
(
0.0018147797270234535
0.0026925515237736703
0
0.0026925515237736703
0
0.0026925515237736721
0
0
0.0026925515237736712
0
0.0026925515237736721
0
0
0.0026925515237736682
0
0
0.0026925515237736682
0
0
0.0026925515237736686
0
0
0.0026925515237736682
0
0
0.0026925515237736682
0
0.0026925515237736682
0
0.0026925515237736682
0.0053851030475473346
0.0026925515237736682
0
0.0026925515237736682
0
0.0026925515237736634
0
0
0.0026925515237736734
0
0
0
0.0026925515237736682
0
0
0
0
0.0026925515237736682
0
0
0
0.0026925515237736682
0
0
0
0.0026925515237736682
0
0
0.0026925515237736582
0.0026925515237736781
0.0080776545713209698
0.0053851030475473554
0.0026925515237736582
0
0
0
0.0026925515237736582
0
0
0
0
0.0026925515237736686
0
0
0
0
0
0.0026925515237736781
0
0
0.001698482129983037
0.00098863919090980005
0.00098863919090980026
0.0019772783818195997
0.00098863919090979983
0.00098863919090980091
0.00098863919090979874
0.001977278381819601
0.00098863919090980048
0.00098863919090979874
0.00098863919090980091
0.00098863919090980091
0.00098863919090979831
0.00098863919090979918
0
0.00098863919090979918
0.00098863919090979918
0.000988639190909802
0.00098863919090979723
0.00098863919090980005
0.000988639190909802
0.00098863919090980005
0.00098863919090979831
0.00098863919090980373
0.00098863919090979723
0.00098863919090979918
0.00098863919090979918
0.0019772783818195979
0.00098863919090980677
0.0029659175727293954
0.0029659175727293954
0.0019772783818195979
0.0029659175727293954
0.0019772783818195979
0.0009886391909098046
0.00098863919090979918
0.00098863919090979723
0.00098863919090979723
0
0.00098863919090979571
0.00098863919090980286
0
0.00098863919090979918
0.00098863919090980091
0
0.00098863919090979918
0
0.00098863919090980286
0.00098863919090979723
0
0.00098863919090979918
0
0.00098863919090979918
0.00098863919090979918
0
0.0019772783818196049
0
0.00098863919090980286
0.0019772783818195832
0.0029659175727294184
0.0098863919090979441
0.0039545567636392106
0.00098863919090979202
0.0019772783818196127
0
0.00098863919090980677
0.00098863919090979571
0
0.00098863919090981024
0
0.00098863919090979571
0
0.00098863919090979571
0
0.00098863919090980286
0
0.00098863919090980286
0
0.00098863919090979202
0
0.001576425385665248
0.0013191844231508355
0.0013191844231508361
0.0013191844231508357
0.00065959221157541785
0.0013191844231508366
0.0013191844231508348
0.0013191844231508372
0.0013191844231508355
0.00065959221157541775
0.001319184423150837
0.0006595922115754185
0.0013191844231508357
0.00065959221157541688
0.00065959221157542002
0.00065959221157541753
0.0013191844231508333
0.00065959221157541883
0.00065959221157541807
0.0013191844231508348
0.00065959221157541959
0.00065959221157541753
0.0013191844231508348
0.00065959221157541937
0.0013191844231508348
0.0013191844231508372
0.0013191844231508348
0.0013191844231508325
0.0019787766347262627
0.0019787766347262553
0.0026383688463016701
0.0039575532694525063
0.0019787766347262518
0.0019787766347262479
0.0013191844231508448
0
0.0019787766347262588
0
0.0013191844231508396
0.00065959221157541503
0.00065959221157542252
0.00065959221157541634
0.00065959221157541775
0.00065959221157541775
0.00065959221157541753
0.00065959221157541775
0
0.00065959221157541775
0.00065959221157541775
0.00065959221157541775
0.00065959221157541775
0.00065959221157542002
0.00065959221157541503
0.00065959221157542002
0.00065959221157541503
0.00065959221157541775
0.0013191844231508444
0.00065959221157541991
0.0013191844231508348
0.0052767376926033567
0.0052767376926033177
0.0046171454810279393
0.001978776634726244
0.0013191844231508396
0.00065959221157541503
0.00065959221157542002
0.00065959221157541265
0.00065959221157541991
0.0006595922115754249
0
0.00065959221157541503
0.00065959221157541503
0.00065959221157542002
0
0.00065959221157541503
0.0013191844231508348
0
0.00065959221157542002
0.00065959221157541503
0
0.0012994215580011122
0.0015731495859577632
0.0010487663906385085
0.001048766390638509
0.0015731495859577613
0.0010487663906385092
0.0010487663906385072
0.001573149585957765
0.0010487663906385083
0.0010487663906385077
0.0010487663906385094
0.00052438319531925492
0.0010487663906385083
0.0010487663906385066
0.00052438319531925633
0.0010487663906385077
0.0015731495859577596
0
0.0010487663906385077
0.0010487663906385077
0.00052438319531925557
0.0010487663906385077
0.0010487663906385085
0.0010487663906385098
0.0010487663906385088
0.0010487663906385077
0.0010487663906385059
0.0015731495859577611
0.0020975327812770314
0.0020975327812770201
0.0031462991719155252
0.0020975327812770162
0.0026219159765962707
0.0015731495859577583
0.0015731495859577728
0.001048766390638504
0.0010487663906385096
0.00052438319531925308
0.0010487663906385118
0.0005243831953192521
0.00052438319531925807
0.00052438319531925308
0.0010487663906385096
0.00052438319531925308
0.00052438319531925405
0.00052438319531925503
0.00052438319531925601
0.00052438319531925416
0.00052438319531925601
0.00052438319531925308
0.0010487663906385077
0.00052438319531925405
0.00052438319531925405
0.0005243831953192521
0.00052438319531925601
0.001048766390638504
0.0010487663906385196
0.0010487663906385118
0.001048766390638504
0.0036706823672348053
0.005768215148511743
0.0073413647344695966
0.0015731495859577496
0.0010487663906385155
0.00052438319531925026
0.00052438319531925796
0.0010487663906385001
0.00052438319531925601
0.0005243831953192598
0.00052438319531925601
0
0.00052438319531925026
0.00052438319531925601
0
0.00052438319531925601
0.00052438319531925026
0
0.00052438319531925601
0.00052438319531925405
0.00052438319531925026
0.0014254276289046275
0.0013618735308005994
0.00090791568720040034
0.0013618735308005999
0.0013618735308005983
0.0013618735308006007
0.00090791568720039969
0.0013618735308006005
0.00090791568720040002
0.0013618735308005979
0.0009079156872004011
0.00090791568720040034
0.00090791568720040034
0.00090791568720039893
0.00090791568720040164
0.00090791568720040034
0.0004539578436001999
0.00090791568720040077
0.00090791568720039969
0.00090791568720039796
0.00090791568720040414
0.00090791568720039893
0.00090791568720039969
0.00090791568720040164
0.0013618735308006001
0.00090791568720040034
0.0013618735308005938
0.0013618735308006016
0.0018158313744008085
0.002269789218001
0.0036316627488015975
0.0031777049052014047
0.0022697892180009956
0.0009079156872004011
0.0013618735308006081
0.000907915687200396
0.00090791568720040283
0.000907915687200396
0.0004539578436001999
0.000907915687200396
0.00045395784360020304
0.00090791568720040283
0.00045395784360019816
0.00045395784360020071
0.000907915687200396
0.00045395784360020158
0.0004539578436002031
0.00045395784360019898
0.00090791568720039796
0.00045395784360020158
0.00045395784360019914
0.00090791568720040283
0.00045395784360019816
0.00045395784360019816
0.00090791568720040283
0.00090791568720039969
0.00090791568720040956
0.00090791568720039969
0.000907915687200396
0.0040856205924018098
0.0081712411848035814
0.0054474941232023908
0.00090791568720039969
0.00090791568720040283
0.000907915687200396
0.0004539578436001999
0.00045395784360019816
0.0009079156872004063
0.00045395784360020478
0.00045395784360020158
0.00045395784360019816
0.00045395784360019816
0.0004539578436001999
0.00045395784360020315
0.00045395784360019816
0.00045395784360019816
0.0004539578436001999
0.0004539578436001999
0.00045395784360020158
0.00045395784360019491
0.0014027765723819961
0.0012399321500135496
0.0012399321500135487
0.0012399321500135487
0.0012399321500135478
0.0012399321500135504
0.0012399321500135478
0.0012399321500135511
0.00082662143334236615
0.0012399321500135476
0.00082662143334236735
0.00123993215001355
0.00082662143334236496
0.00082662143334236605
0.00082662143334236854
0.00082662143334236605
0.00082662143334236442
0.00082662143334236735
0.00082662143334236605
0.00082662143334236442
0.00082662143334236821
0.0012399321500135487
0.00082662143334236464
0.00082662143334236886
0.0012399321500135465
0.0012399321500135476
0.0012399321500135478
0.00123993215001355
0.0020665535833559261
0.0028931750166982795
0.0028931750166982847
0.0028931750166982795
0.0020665535833559105
0.0012399321500135476
0.0016532428666847405
0.00082662143334236377
0.00082662143334236843
0.00082662143334236377
0.00082662143334236702
0.00041331071667118129
0.00082662143334237017
0.00082662143334236529
0.00041331071667118356
0.00082662143334236539
0.00082662143334236529
0.00082662143334236377
0.00041331071667118665
0.00082662143334236377
0.00041331071667118286
0.00082662143334236377
0.00041331071667118438
0.00082662143334236225
0.00041331071667118286
0.00082662143334236539
0.00082662143334236843
0.00082662143334236539
0.00082662143334237461
0.0012399321500135478
0.0016532428666847247
0.0053730393167253868
0.0074395929000812752
0.0037197964500406545
0.0012399321500135385
0.00082662143334237147
0.00082662143334236225
0.00041331071667118286
0.00082662143334236539
0.00041331071667118286
0.00041331071667118595
0.00041331071667118438
0.00082662143334236529
0.00041331071667118129
0.00041331071667118286
0.0004133107166711859
0.00041331071667117825
0.00082662143334237147
0.00041331071667118286
0.00041331071667118438
0.00041331071667117972
0.00041331071667118286
0.0013647563885725062
0.0011671234793949592
0.0011671234793949601
0.0015561646391932804
0.0011671234793949599
0.0011671234793949599
0.0011671234793949601
0.0011671234793949599
0.0011671234793949592
0.0011671234793949597
0.00077808231959664085
0.0011671234793949588
0.00077808231959664053
0.00077808231959663988
0.00077808231959664085
0.0011671234793949594
0.00077808231959663988
0.00077808231959664053
0.00077808231959663988
0.00077808231959663988
0.0007780823195966415
0.0011671234793949616
0.00077808231959663923
0.0011671234793949605
0.0011671234793949616
0.0011671234793949594
0.0011671234793949571
0.001556164639193283
0.0015561646391932899
0.0023342469587899167
0.0027232881185882403
0.0031123292783865591
0.002334246958789921
0.0011671234793949594
0.0011671234793949668
0.00077808231959663684
0.00077808231959664129
0.0011671234793949575
0.0007780823195966427
0.00038904115979831858
0.00077808231959664335
0.00077808231959663988
0.00038904115979832081
0.00038904115979832081
0.0011671234793949571
0.0003890411597983201
0.00038904115979832184
0.00077808231959663825
0.0003890411597983201
0.0007780823195966427
0.00038904115979832005
0.00077808231959663977
0.00038904115979832005
0.00077808231959663684
0.0007780823195966427
0.00077808231959663988
0.00077808231959664573
0.00077808231959664573
0.0011671234793949551
0.003501370438184877
0.0054465762371764493
0.008169864355764736
0.00077808231959663684
0.0011671234793949638
0.00077808231959663684
0.00038904115979832151
0.00077808231959663684
0.00038904115979832151
0.00038904115979832298
0.00038904115979832298
0.00077808231959663684
0.00038904115979831858
0.00038904115979832005
0.00038904115979832151
0.00038904115979832005
0
0.00038904115979832298
0.00038904115979832005
0.00038904115979831723
0.0003890411597983201
0.0013280206820261561
0.0011248057724671
0.001499741029956133
0.0011248057724671005
0.0011248057724670992
0.0014997410299561337
0.0011248057724670979
0.0011248057724671005
0.001124805772467099
0.0011248057724670979
0.00074987051497806651
0.0011248057724670994
0.00074987051497806586
0.0011248057724670972
0.00074987051497806803
0.0007498705149780651
0.0007498705149780651
0.0011248057724671
0.0007498705149780651
0.00074987051497806586
0.0011248057724671033
0.0007498705149780638
0.0011248057724670983
0.00074987051497806695
0.0011248057724670994
0.0011248057724670972
0.0011248057724670994
0.0014997410299561278
0.0018746762874451773
0.0022496115449342009
0.0029994820599122591
0.0029994820599122591
0.0022496115449341927
0.0018746762874451673
0.0011248057724671074
0.0011248057724670909
0.00074987051497806792
0.00074987051497806218
0.0007498705149780651
0.00074987051497806651
0.00074987051497807063
0.00074987051497806651
0.00037493525748903125
0.0007498705149780651
0.00037493525748903412
0.00037493525748903196
0.00037493525748903537
0.00037493525748903125
0.00074987051497806792
0.0007498705149780651
0.00037493525748903261
0.00037493525748903261
0.0007498705149780651
0.00074987051497806792
0.0007498705149780651
0.0011248057724670929
0.00074987051497807389
0.0007498705149780651
0.0014997410299561304
0.0026245468024232383
0.008248575664758645
0.0059989641198245547
0.0011248057724670929
0.0011248057724671016
0.00074987051497806218
0.0014997410299561304
0.0007498705149780651
0.00074987051497806792
0.00037493525748903705
0.00074987051497806792
0.00074987051497805675
0.00037493525748903261
0.00037493525748903412
0.00074987051497806792
0.00037493525748903261
0.001124805772467089
0.00037493525748903412
0
0.00037493525748903412
0.00037493525748903261
0.0012738388024441864
0.001470945499358183
0.0011032091245186365
0.0011032091245186356
0.00147094549935818
0.0011032091245186367
0.0011032091245186362
0.0011032091245186375
0.0014709454993581811
0.00073547274967909108
0.0011032091245186367
0.0011032091245186367
0.00073547274967909184
0.0011032091245186354
0.0011032091245186393
0.0003677363748395463
0.0011032091245186354
0.00073547274967909174
0.00073547274967909184
0.00073547274967909043
0.0011032091245186371
0.00073547274967909184
0.0011032091245186365
0.0011032091245186382
0.0011032091245186362
0.0011032091245186384
0.0011032091245186343
0.0014709454993581824
0.0018386818741977409
0.0022064182490372703
0.002941890998716363
0.00330962737355592
0.0022064182490372742
0.0014709454993581796
0.0011032091245186436
0.0011032091245186323
0.0011032091245186384
0.00073547274967909108
0.00073547274967909108
0.00073547274967908968
0.00073547274967909466
0.000367736374839545
0.00073547274967909249
0.00073547274967909108
0.00036773637483954706
0.00073547274967908837
0.00036773637483954814
0.000367736374839545
0.00073547274967909119
0.00036773637483954571
0.00073547274967909108
0.0007354727496790939
0.00036773637483954435
0.00073547274967909119
0.0007354727496790939
0.0011032091245186323
0.00073547274967909878
0.0007354727496790938
0.00257415462387681
0.001838681874197729
0.0073547274967908976
0.006986991121951355
0.0014709454993581882
0.0007354727496790939
0.001470945499358177
0.0007354727496790939
0.00036773637483954435
0.00073547274967909119
0.0003677363748395482
0.00073547274967909694
0.00036773637483954435
0.00036773637483954457
0.00073547274967909661
0.00036773637483954457
0.00036773637483954435
0.00073547274967909434
0.00036773637483954435
0.00036773637483954717
0.00036773637483954571
0.00036773637483954457
0.0013095423414571151
0.0010967691301985885
0.0014623588402647855
0.0010967691301985894
0.0014623588402647859
0.0010967691301985898
0.0010967691301985889
0.001462358840264787
0.0010967691301985898
0.00073117942013239208
0.0010967691301985898
0.0010967691301985898
0.00073117942013239273
0.0010967691301985894
0.00073117942013239381
0.00073117942013239316
0.0010967691301985872
0.00073117942013239511
0.0007311794201323924
0.0010967691301985872
0.00073117942013239511
0.0010967691301985872
0.0014623588402647868
0.0010967691301985904
0.0010967691301985894
0.0010967691301985883
0.0010967691301985904
0.0014623588402647852
0.0018279485503309922
0.0018279485503309785
0.0025591279704633789
0.0036558971006619588
0.0032903073905957568
0.0010967691301985883
0.0010967691301985965
0.0014623588402647852
0.00073117942013239381
0.00073117942013239099
0.00073117942013239381
0.00036558971006619496
0.00073117942013239652
0.00073117942013239381
0.00073117942013239381
0.00036558971006619496
0.00036558971006619702
0.0010967691301985883
0.00073117942013239652
0.00073117942013239099
0.00073117942013239511
0.00036558971006619566
0.00073117942013239511
0.00036558971006619496
0.00073117942013239511
0.0007311794201323924
0.00073117942013238969
0.00073117942013239511
0.0010967691301985965
0.0010967691301985924
0.0014623588402647794
0.0010967691301985883
0.0073117942013239123
0.0073117942013239392
0.001827948550330975
0.00073117942013239511
0.0007311794201323924
0.00036558971006619496
0.00036558971006619767
0.00073117942013238969
0.00036558971006620179
0
0.00073117942013238969
0.00036558971006619767
0.0007311794201323924
0.00073117942013239468
0.00036558971006619496
0.00036558971006619636
0.00036558971006619496
0.0003655897100661988
0.00073117942013238969
0.00036558971006619496
0.001387214234581913
0.0011021299533224926
0.0014695066044299926
0.0011021299533224942
0.0011021299533224929
0.0014695066044299943
0.0011021299533224918
0.0011021299533224948
0.0011021299533224948
0.0011021299533224911
0.0011021299533224948
0.00073475330221499716
0.0011021299533224918
0.00073475330221499488
0.0011021299533224939
0.00073475330221499542
0.00073475330221499401
0.0011021299533224959
0.00073475330221499401
0.00073475330221499488
0.0011021299533224948
0.00073475330221499488
0.0011021299533224918
0.00073475330221499748
0.0011021299533224898
0.0011021299533224939
0.0011021299533224918
0.00146950660442999
0.001469506604429998
0.0025716365577524774
0.0036737665110749707
0.0029390132088599839
0.0022042599066449892
0.001836883255537481
0.0011021299533225
0.0011021299533224918
0.00073475330221499488
0.00073475330221499336
0.00073475330221499607
0.0014695066044299872
0.00036737665110749956
0.00036737665110749755
0.00073475330221499488
0.00073475330221499488
0.0003673766511074982
0.00073475330221499336
0.00073475330221500019
0.00036737665110749755
0.00073475330221499217
0.00036737665110749755
0.0003673766511074989
0.00073475330221499488
0.00073475330221499217
0.00073475330221499748
0.00073475330221499217
0.0011021299533224959
0.00036737665110750156
0.0018368832555374875
0.0014695066044299843
0.00146950660442999
0.0077149096732574331
0.0062454030688274455
0.0025716365577524822
0.00073475330221499748
0.0011021299533224877
0.00036737665110750021
0.00073475330221498924
0.00036737665110749755
0.00073475330221500562
0.00036737665110749755
0.0011021299533224918
0.00036737665110749728
0.00036737665110749755
0.0003673766511074975
0.00073475330221499466
0.00036737665110749592
0.00036737665110749755
0.0003673766511074989
0.00036737665110749614
0.00073475330221499423
0.0013733997780932547
0.0011171907088611086
0.0014895876118148127
0.0011171907088611079
0.0011171907088611079
0.0014895876118148114
0.0011171907088611066
0.0011171907088611105
0.0011171907088611069
0.0011171907088611064
0.00074479380590740602
0.0011171907088611075
0.0011171907088611064
0.00074479380590740472
0.00074479380590740808
0.00074479380590740472
0.0011171907088611058
0.00074479380590740743
0.00074479380590740472
0.0011171907088611058
0.00074479380590740743
0.00074479380590740613
0.0011171907088611058
0.00037239690295370426
0.00074479380590740407
0.0011171907088611069
0.0014895876118148099
0.0018619845147685127
0.001489587611814819
0.0022343814177222194
0.0029791752236296184
0.0026067783206759174
0.0029791752236296184
0.0014895876118148073
0.0011171907088611168
0.0011171907088611049
0.00074479380590740472
0.00074479380590740472
0.00074479380590740754
0.0007447938059074006
0.00074479380590741285
0.00074479380590740201
0.00037239690295370252
0.00074479380590740754
0.00074479380590740342
0.00037239690295370252
0.00037239690295370556
0.00074479380590740472
0.00074479380590740342
0.00037239690295370252
0.00074479380590740754
0.00037239690295370117
0.00074479380590740754
0.0011171907088611027
0.00074479380590740754
0.00037239690295370117
0.00074479380590741361
0.00074479380590740472
0.00037239690295370252
0.0018619845147685198
0.0063307473502129067
0.0067031442531666563
0.0033515721265833073
0.00074479380590740754
0.0018619845147685062
0.001117190708861111
0.00074479380590740201
0.00037239690295370252
0.00037239690295370832
0.00037239690295370252
0.00037239690295370111
0.00037239690295370252
0.00037239690295370252
0.00074479380590740472
0.00037239690295370388
0.00037239690295370117
0.00037239690295370393
0.00037239690295370393
0.00037239690295369965
0.00037239690295370117
0.0014919185662709002
0.0011406105246719415
0.0011406105246719411
0.0011406105246719396
0.0015208140328959226
0.0011406105246719424
0.0011406105246719398
0.0011406105246719396
0.0011406105246719428
0.0011406105246719398
0.0011406105246719439
0.0007604070164479624
0.00076040701644796023
0.0011406105246719398
0.00076040701644796295
0.00076040701644795958
0.0011406105246719398
0.00076040701644796164
0.00076040701644796023
0.00076040701644796023
0.00076040701644796295
0.0011406105246719398
0.00076040701644795958
0.0011406105246719439
0.0011406105246719398
0.0011406105246719398
0.0011406105246719398
0.0015208140328959205
0.0015208140328959289
0.0022812210493438861
0.0022812210493438818
0.0038020350822397901
0.0015208140328959205
0.0011406105246719398
0.0015208140328959307
0.0011406105246719357
0.0011406105246719439
0.00076040701644795742
0.00076040701644796273
0.00076040701644795742
0.00076040701644796392
0.00076040701644796154
0.00076040701644796023
0.00038020350822398017
0.00076040701644796154
0.00076040701644795742
0.00076040701644796576
0
0.00076040701644796002
0.00038020350822398017
0.00076040701644796023
0.00038020350822398017
0.00076040701644796295
0.00076040701644795742
0.00076040701644796295
0.00076040701644795742
0.00076040701644796782
0.00076040701644796023
0.0019010175411199013
0.0011406105246719439
0.0064634596398076265
0.0068436631480316545
0.0022812210493438644
0.0011406105246719439
0.0011406105246719357
0.00076040701644796295
0.00038020350822397882
0.00076040701644796295
0.00038020350822398418
0.00076040701644796295
0.00038020350822397882
0.00038020350822397882
0.00076040701644796576
0.00038020350822398017
0.00038020350822397735
0.00038020350822398017
0.00038020350822398299
0.00038020350822398017
0.00076040701644795742
0.00076040701644795742
0.0012543227639635255
0.0011715343374503662
0.0015620457832671557
0.0011715343374503672
0.0011715343374503644
0.001171534337450367
0.0011715343374503657
0.0011715343374503677
0.0011715343374503646
0.0011715343374503662
0.00078102289163357798
0.0015620457832671549
0.00039051144581678894
0.0011715343374503651
0.00078102289163358059
0.00078102289163357766
0.0007810228916335769
0.00078102289163357853
0.00078102289163357766
0.0011715343374503662
0.00078102289163357993
0.00078102289163357853
0.0011715343374503651
0.00078102289163357993
0.0011715343374503651
0.0011715343374503675
0.001171534337450364
0.0011715343374503662
0.0019525572290839577
0.0023430686749007384
0.0027335801207175174
0.0042956259039846796
0.0023430686749007341
0.00078102289163357625
0.0027335801207175455
0.00078102289163357332
0.0011715343374503705
0.00078102289163357484
0.00078102289163357896
0.00078102289163357625
0.00078102289163358416
0.00039051144581678829
0.00078102289163357625
0.00078102289163358059
0.00039051144581678829
0.0011715343374503662
0.00039051144581679083
0.00039051144581678964
0.00078102289163357625
0
0.00078102289163357896
0.00039051144581678894
0.00078102289163357766
0.00078102289163357484
0.00078102289163358059
0.00039051144581678758
0.00078102289163358926
0.00078102289163357766
0.0011715343374503618
0.0019525572290839592
0.0046861373498014256
0.0074197174705190033
0.0046861373498014603
0.0011715343374503705
0.0011715343374503618
0.00039051144581679035
0.00078102289163357484
0.00078102289163357766
0.00078102289163358622
0.00039051144581679186
0.00039051144581678758
0.0007810228916335718
0.00078102289163358059
0.00039051144581679035
0
0.00039051144581678606
0.00039051144581679035
0.00039051144581678894
0.00039051144581678894
0.00078102289163357484
0.001409392407777524
0.0012094328442026805
0.0012094328442026779
0.0012094328442026801
0.0012094328442026799
0.0012094328442026818
0.0012094328442026768
0.0012094328442026788
0.0012094328442026812
0.0012094328442026762
0.00080628856280178765
0.0012094328442026822
0.00080628856280178418
0.00080628856280178559
0.000806288562801787
0.00080628856280178483
0.00080628856280178418
0.0012094328442026816
0.00080628856280178418
0.00080628856280178483
0.00080628856280178798
0.00080628856280178418
0.0012094328442026768
0.0012094328442026827
0.00080628856280178483
0.00080628856280178332
0.0016125771256035731
0.0012094328442026768
0.0012094328442026881
0.002015721407004459
0.0024188656884053558
0.0028220099698062478
0.0024188656884053558
0.002015721407004459
0.0016125771256035848
0.00040314428140089253
0.0016125771256035699
0.00040314428140089182
0.0012094328442026816
0.00040314428140089106
0.00080628856280179101
0.00040314428140089328
0.00080628856280178332
0.00040314428140089253
0.00080628856280178624
0.00040314428140089182
0.00080628856280179069
0.00040314428140089404
0.00080628856280178332
0.00040314428140089328
0
0.00080628856280178483
0.00040314428140089253
0.00080628856280178798
0.00080628856280178483
0.00080628856280178483
0.00040314428140089637
0.00080628856280179101
0.00040314428140089106
0.00080628856280178483
0.0052408756582115745
0.008466029909418759
0.004031442814008906
0.00080628856280178798
0.0008062885628017818
0.00040314428140089404
0.0012094328442026723
0.00080628856280178483
0.00080628856280179828
0.00080628856280178505
0
0.00080628856280178353
0.00080628856280178483
0.00040314428140089263
0.00080628856280178191
0.00080628856280178657
0.00040314428140089263
0.00040314428140089556
0.00080628856280178505
0
0.001250661061735963
0.0012540050752700164
0.001254005075270019
0.001254005075270016
0.001254005075270016
0.0012540050752700171
0.0012540050752700154
0.0012540050752700193
0.00083600338351334466
0.0012540050752700158
0.00083600338351334541
0.0012540050752700167
0.0008360033835133439
0.0008360033835133439
0.00083600338351334607
0.0008360033835133439
0.0008360033835133439
0.00083600338351334541
0.00083600338351334292
0.00083600338351334541
0.00083600338351334541
0.0012540050752700175
0.00083600338351334227
0.00083600338351334704
0.0012540050752700154
0.0012540050752700151
0.0016720067670266908
0.001254005075270013
0.0016720067670266936
0.001672006767026688
0.0029260118422967047
0.0037620152258100443
0.0029260118422967047
0.00083600338351334368
0.0012540050752700197
0.001254005075270013
0.00083600338351334672
0.0016720067670266785
0.00083600338351334509
0.00083600338351334541
0.00083600338351334509
0.00041800169175667211
0.0008360033835133439
0.00041800169175667352
0.00083600338351334054
0.00041800169175667211
0.00083600338351334834
0.000418001691756672
0.00041800169175667271
0.0004180016917566713
0.0008360033835133439
0.00041800169175667211
0.00041800169175667352
0.000418001691756672
0.00083600338351334054
0.0008360033835133439
0.00041800169175667661
0.0008360033835133439
0.0012540050752700154
0.00083600338351334368
0.0041800169175667161
0.0083600338351334236
0.0054340219928367276
0.00083600338351334368
0.001672006767026688
0.00041800169175667211
0.0012540050752700154
0.00083600338351334368
0.00041800169175667677
0.00041800169175667114
0.00083600338351334672
0.00041800169175666821
0.0004180016917566752
0.00041800169175667114
0.00041800169175666886
0.00041800169175666973
0.00041800169175667352
0.0004180016917566713
0.0004180016917566752
0.00041800169175666962
0.0014530303256705074
0.0013051170589854853
0.00087007803932365527
0.0013051170589854853
0.0013051170589854844
0.0013051170589854833
0.0013051170589854842
0.00087007803932365603
0.0013051170589854814
0.0013051170589854846
0.00087007803932365559
0.00087007803932365624
0.00087007803932365559
0.00087007803932365722
0.00087007803932366134
0.00087007803932365635
0.00087007803932365635
0.00087007803932365798
0.00087007803932365722
0.00087007803932365635
0.00087007803932366101
0.00087007803932365559
0.00087007803932365722
0.0013051170589854905
0.00087007803932365635
0.0013051170589854816
0.0013051170589854866
0.001305117058985484
0.00087007803932366101
0.0017401560786473164
0.0030452731376327926
0.0034803121572946306
0.0026102341179709706
0.0017401560786473131
0.0013051170589854911
0.0013051170589854768
0.0017401560786473194
0.00087007803932365483
0.00043503901966182915
0.00087007803932365483
0.00087007803932366437
0.00043503901966182758
0.001305117058985484
0.00043503901966182758
0.00087007803932365798
0.00043503901966182834
0.00043503901966182899
0.0008700780393236596
0.00043503901966182747
0.00043503901966182915
0.00087007803932365635
0.00043503901966182671
0.00043503901966182996
0.00087007803932365635
0.00087007803932365635
0.00043503901966182834
0.00087007803932366611
0.0013051170589854842
0.0017401560786473064
0.0017401560786473255
0.0017401560786473001
0.0073956633342510915
0.0065255852949274119
0.0017401560786473194
0.0013051170589854744
0.00043503901966183143
0.0008700780393236531
0.0008700780393236596
0.00087007803932366611
0.00043503901966182915
0.00043503901966182671
0.00043503901966182509
0.00087007803932366275
0.00043503901966182915
0.00043503901966182834
0.0008700780393236531
0.00043503901966182986
0.00043503901966182915
0.00043503901966182834
0.00043503901966182671
0.0012001392322183769
0.0013627621864705293
0.0013627621864705293
0.0013627621864705261
0.00090850812431368612
0.0013627621864705304
0.0013627621864705283
0.00090850812431368709
0.0013627621864705287
0.00090850812431368558
0.00090850812431368742
0.0013627621864705304
0.00090850812431368514
0.00045425406215684344
0.00090850812431368514
0.00090850812431368644
0.00090850812431368579
0.00090850812431368449
0.00090850812431368558
0.00090850812431368558
0.00090850812431368709
0.00090850812431368547
0.00090850812431368558
0.00090850812431368709
0.00090850812431368579
0.001362762186470527
0.00090850812431368558
0.0013627621864705304
0.0018170162486273783
0.0018170162486273712
0.0027255243729410578
0.0022712703107842193
0.0036340324972547406
0.0022712703107842149
0.001362762186470538
0.0009085081243136807
0.0013627621864705328
0.00045425406215684138
0.00045425406215684463
0.00090850812431368243
0.00090850812431369208
0.0004542540621568429
0.00090850812431368384
0.00045425406215684376
0.00045425406215684387
0.00090850812431368384
0.0004542540621568462
0.00045425406215684295
0.0013627621864705254
0.00045425406215684376
0.00045425406215684208
0.00045425406215684306
0.00090850812431368915
0.00090850812431368232
0.00090850812431368547
0.00045425406215684463
0.00090850812431369035
0.00090850812431368547
0.00090850812431368547
0.00090850812431368547
0.0022712703107842149
0.0072680649945094699
0.0077223190566663123
0.00090850812431368894
0.00090850812431368232
0.00090850812431368894
0.00045425406215684122
0.00090850812431368894
0.00090850812431369371
0.00045425406215684463
0.00045425406215683964
0.00045425406215684122
0.00090850812431368894
0.00045425406215684463
0.00045425406215683964
0.0004542540621568429
0.00045425406215684463
0.00090850812431368894
0
0.00045425406215684122
0.0015887657622517153
0.0009513567438633007
0.0014270351157949538
0.00095135674386330048
0.0014270351157949493
0.0014270351157949545
0.0009513567438632994
0.0014270351157949519
0.00095135674386330113
0.00095135674386329896
0.00095135674386330135
0.0009513567438633007
0.00095135674386329896
0.0009513567438632994
0.00095135674386330547
0.0009513567438632994
0.00095135674386329864
0.0004756783719316529
0.0009513567438632994
0.00095135674386329864
0.00095135674386330449
0.00095135674386330048
0.00095135674386329864
0.00095135674386330449
0.00095135674386330048
0.0014270351157949462
0.00095135674386330135
0.0014270351157949462
0.0014270351157949568
0.0019027134877266029
0.0028540702315899055
0.0033297486035215431
0.0023783918596582544
0.0019027134877265925
0.0014270351157949651
0.00095135674386329604
0.001427035115794949
0.00095135674386329951
0.00047567837193165078
0.00095135674386329604
0.00047567837193165263
0.0009513567438632994
0.00047567837193164986
0.00095135674386330135
0.00095135674386330135
0.00047567837193164818
0.00047567837193165523
0.00047567837193164731
0.00095135674386330135
0.00047567837193164986
0.00047567837193164818
0.00047567837193164992
0.00095135674386330319
0.00047567837193164992
0.00047567837193164992
0.00095135674386329604
0.0009513567438633162
0.0014270351157949436
0.0019027134877265994
0.00047567837193165176
0.001427035115794949
0.0071351755789747602
0.0090378890667012646
0.0014270351157949545
0.00095135674386329951
0
0.00047567837193164818
0
0.0009513567438633162
0.00047567837193165344
0.00047567837193164639
0.00047567837193164992
0.0004756783719316517
0.00047567837193164818
0.00047567837193164818
0.00047567837193165176
0.00047567837193164992
0.0004756783719316517
0.00047567837193164818
0.00047567837193164818
0.0013582903971741634
0.001498114408647974
0.00099874293909864753
0.0014981144086479738
0.00049937146954932474
0.001498114408647971
0.0014981144086479766
0.00099874293909865013
0.001498114408647974
0.00099874293909865122
0.00099874293909865057
0.00099874293909865013
0.00099874293909865187
0.00049937146954932583
0.00099874293909864818
0.00099874293909865209
0.00099874293909865122
0.0004993714695493242
0.00099874293909865122
0.00099874293909865122
0.00049937146954932518
0.00099874293909865122
0.00099874293909865209
0.00099874293909864818
0.00099874293909865057
0.00099874293909865317
0.0014981144086479764
0.00099874293909865122
0.0019974858781973055
0.0014981144086479764
0.0019974858781973029
0.0034956002868452873
0.0024968573477466296
0.0014981144086479764
0.00099874293909865707
0.00099874293909864948
0.0014981144086479792
0.00049937146954932485
0.00099874293909865317
0.00099874293909864948
0
0.0004993714695493268
0.00049937146954932485
0.0004993714695493268
0.00049937146954932398
0.00049937146954932854
0.00099874293909865252
0.00049937146954932583
0.00049937146954932583
0.00049937146954932485
0.00049937146954932583
0.00049937146954932767
0.00099874293909864775
0.00049937146954932767
0.00049937146954932398
0.00099874293909865491
0.0004993714695493268
0.00099874293909865122
0.00099874293909865122
0.0014981144086479764
0.0024968573477466296
0.003994971756394604
0.0069912005736905477
0.0024968573477466382
0.001498114408647971
0.001498114408647982
0.00099874293909865122
0
0.00049937146954932886
0.00049937146954932593
0
0.00049937146954932398
0
0.00049937146954932962
0
0
0.00049937146954932398
0.00049937146954932962
0.00049937146954932583
0.00049937146954932398
0.0038659128793045992
0
0
0
0.004126113140760829
0
0
0
0
0
0
0.013947608757695937
0
0.0096339794116662211
0
0.0049940261001905611
0.010172453671838935
0
0.015835369735482756
0
0
0
0
0
0
0
0
0.0062943575223470419
0
0
0
0
0
0
0
0
0
0
0
0
0
0
0
0
0
0
0
0
0
0.020953194010372933
0.010758488161347836
0.011051911389365317
0
0.011675949613519084
0.012007977945041121
0.012354373029417283
0
0.013093689778753416
0.013488486367520281
0.013901411457456193
0
0
0.015260682557110893
0.015758326608855098
0.016280715299420299
0.016829516747573901
0.017406542044608116
0.018013760213088436
0
0.01932754396317771
0.020038999578105818
0
0
0
0.023317117624307927
0
0
0.05266794754567488
0
0
0
0.0014424880500769047
0
0.0014902386446210779
0
0
0.0015664359582660446
0
0.0016205276686097724
0
0
0.0034141476379273969
0.003474935825332134
0.0088434051555698005
0.01080445720590714
0.0073347378937506213
0.0074701533314389633
0.0076093537740847235
0.003876240803519232
0
0.0040255615832019229
0.0041034785191416869
0
0
0
0
0.0022645998473312147
0
0
0
0
0
0
0
0
0
0
0
0
0.0030025791402047424
0
0
0
0
0
0
0
0
0
0
0.015801016897746933
0.004057992070909293
0.012510595096537718
0.012861371019740173
0.0088180727427036865
0.02268112095192585
0.014006987741003112
0.014423049759254581
0.024763214614863079
0.030625553615870563
0.026314725744163967
0.016287444268717578
0.011206700204469502
0.011572145699804437
0.011955762449805995
0.0061793877197210117
0.019173771968603984
0.013228426022727438
0.0205471257813125
0.0070966023332708454
0
0.0076337544251819994
0
0
0
0
0.0092771975233953193
0
0.010086566804523857
0
0.00094702961235989375
0
0
0
0
0
0.0010450819343440618
0.0010628964603609096
0.0010811703993586048
0.0010999196850334481
0.0044766437917842785
0.0022778231045779505
0.0069551378112097072
0.0035400424450522305
0.0024028098045682307
0.0024467652269646429
0.0074758137275899601
0.0063459330393953028
0
0.0013176119736678458
0
0
0
0
0
0.0014807589728322854
0
0
0.0015739372046550924
0
0
0
0.001712504128337203
0.0017500055951393968
0
0.0018288006927192272
0.0018702090154360709
0
0
0
0
0.0020999651686061443
0.0021509783036073628
0
0
0.0023156884006636279
0
0.0048724684165082485
0.0050001357796548044
0.0025664436603685058
0.010541993253505298
0.010829511875382804
0.0055644776940016686
0.0085807443532729209
0.017649509008919463
0.027237968675571062
0.015575112583280232
0.019245304810574144
0.019825582854150831
0.010216253222585844
0.038624175819051761
0.010866523889505304
0.014953589216961891
0.0038603047729592549
0.015953095664923263
0.020613566858917853
0.0085281336024295717
0.0044128165544209718
0.0045694877902968866
0.0047346531178539125
0.0049089378356376159
0.0050930258583981747
0
0.0054936817915630463
0.0057119758138654319
0
0.006189484786707034
0
0
0
0.0007528991481041082
0
0.00077761777277158097
0.00079043609583755896
0.001607147996164528
0.00081704219186611905
0
0.00084501458991818998
0.00085954257608058474
0.00087444846817513462
0.00088974548768363778
0.0036217897573344281
0.0055294124541240171
0.0028143733905951211
0.0019102607049510732
0.0019452057580358173
0.0009905592731611903
0.0010090175675457657
0
0.0010475162756888616
0
0
0.0011095308391942389
0
0.0011539845279293381
0
0.0012011643023885181
0.0012258466665939713
0
0.0012775496702280011
0.0013046365241199157
0
0
0
0
0
0
0
0.0015561222726081837
0
0.0016303656390756526
0.0016694958276458744
0
0
0.0017957261995736403
0.0018409982131284851
0.0075520163173063756
0.0077473339208735583
0.0079503278879027705
0.0061210543587948288
0.0041905013509063388
0.006457187419706841
0.0066357331293247588
0.0045478585740384601
0.01403155732817817
0.0024060544610314352
0.014858866725010448
0.012750194052128445
0.013134633671770778
0.0081220357290981687
0.011166055399424323
0.01727801638402875
0.0089162031753904983
0.0061379710561342794
0.0063414448603223948
0.0065552066059867097
0.0067799617249242735
0
0.010898381908082523
0
0
0.016196050387507148
0.0084075080727037052
0.0087350771017945146
0
0
0.0098414194493944684
0.0051286273226382522
0
0
0.00065178380385289458
0
0.00067318268477225293
0
0.0006956529549355788
0.00070731235260867889
0.0014385346975774487
0.00073152802087091931
0.0014882097588292547
0.0007570088906274265
0.00077025150032870133
0.00078384465925310264
0.0031912034004336182
0.0016242662323894498
0.0024805652757510194
0.0050518862112192142
0.0017150517240680297
0.0034940207329787593
0.0062295474063443646
0.000906833464329916
0
0.00094210621879670694
0.00096051939052247011
0
0
0.0010191177797459826
0
0.0010612138495637586
0
0
0
0
0.0023572282013439986
0
0
0
0
0
0
0
0
0
0
0.0015167939613980295
0.0062182312517341199
0.0031874994712391075
0.00326888530452407
0.0067068568019766862
0.0086032355158431311
0.0088316478677254225
0.009069278791902502
0.0074533048934105747
0.013403939398310652
0.0059056127933492068
0.010122583961382043
0.014580427312022895
0.012863301412090541
0.0088302609985019716
0.020467143219763936
0.0093749808870960457
0.012083049370879418
0.012464630079360793
0.010291660507635561
0.023911350674798704
0.0027448902441924183
0.005674833750940334
0
0.0091112326014117784
0.0062898099378266171
0.003258578378957495
0.0033785281195425343
0
0
0.0037809723883409432
0
0
0
0
0
0
0.0005934234530430159
0.00060304687013108718
0
0.00062300949414401336
0.00063336458530778258
0.00064398000714937934
0.00065486455977598697
0.00066602741825860475
0.0020324344561407867
0
0.0021038508582086782
0.0021409789638544762
0.00726366216087677
0.002218245537691317
0.0030112758304723522
0.0030663621302246752
0.0062459478755241375
0.0039764601316263186
0.0064820083169832591
0
0.0008414635785510213
0.00085775056419835753
0.00087451503101336459
0
0.00090955274029251684
0.00092786655381658706
0
0
0
0
0
0
0
0
0.0011208600951630239
0
0.0011719019947927815
0
0.0012265114852350462
0.0012552588929422091
0.0012850289573300272
0.0013158707661933171
0.0013478363883111966
0.0027619621868688678
0.0014153635911982724
0.0087062777486077592
0.011904764699863925
0.012212657322772333
0.0093994880455276868
0.011257214002337966
0.0049543324385805292
0.0033929701077911011
0.0034867880839832164
0.0053768275852508181
0.0073729708440828049
0.011378489271000703
0.0078076858168542214
0.010049505568494391
0.014493520895355929
0.0021338876086465851
0.015401596010822775
0.009078843357406002
0
0.0096757075312970467
0.012495571670422187
0.01033342473380946
0.0080157913083469898
0
0.0028633119680376161
0
0
0.0031913690468419308
0
0.0034424262727904124
0
0
0
0
0
0
0.00055857769738644394
0.00056763602855015752
0.00057691650476380434
0.00058642644961907659
0.0005961734910426876
0.00060616557655738266
0.00061641098952862924
0.00062691836626849466
0
0.00064875543167867988
0.0013202086548208391
0.0080610437194547167
0.0041022844617391941
0.0020879904195288197
0.0042516810996252145
0.0021647292788190713
0.0051442882293616229
0.0067373331452042287
0.0038133659673912149
0.0023314645688826251
0.00079205293577671936
0.00080738355153450151
0
0
0
0
0
0.00090945860424894638
0
0.00094781718758708789
0.00096791298994571256
0.0009886547445794795
0
0.0010321895778068709
0
0.0010786645597832341
0
0.0011283505276183682
0.0011544908744803013
0.0011815502377728274
0
0.0012386029889274266
0
0.0025997800907567536
0.0066612680345018282
0.0027316820463160114
0.0042021443666445581
0.0028738828788028238
0.0014745918680720634
0.0060549666940686491
0.0093268292361751264
0.0063874706009390235
0.0065640885921772621
0.0050611008992477212
0.012145054004400115
0.010710345713741205
0.0055119145651373854
0.013243159690009157
0.0077956931691211609
0.006025757934610982
0.010355154355010783
0.012818602108269865
0.0066149526821511848
0.011384438897934406
0
0.0097266472437490016
0.0050300699877440444
0
0.0080855358739378453
0.0027925965587325464
0.0028953932982203399
0
0
0
0.0033690417447965501
0
0.0036506864358246548
0
0
0
0.00053832471840706709
0.00054705461148326208
0.0005559985950469344
0
0.00057455735914446586
0.00058418715039119495
0
0.0012083749657921358
0
0.0012504655545891895
0.0012723403667473725
0.0032369855845842022
0.0046124672139530535
0.0020122838056182489
0.0054633641632383743
0.0041724805157848715
0.0035412614234786493
0.0036072500499227753
0.0051451406639754713
0.0022469300392643147
0
0.00077810933923826923
0
0.00080897539286438141
0.00082510173853671048
0.00084171513400958515
0
0.00087648334211292203
0.00089468089638192097
0
0.0018656365629810654
0
0
0
0.0010167894309003988
0
0.0010630921445933552
0
0.0022252624041831223
0.0022774188873246532
0
0.0023873871382710651
0.0012226912173357943
0.0075165508316510851
0.0064197429573141064
0.0013163181910435745
0.0040497824984171669
0.0041545219189000684
0.0042633778032658892
0.0043765687241933476
0.0029962186374983108
0.0061558729048372778
0.0094891305887723383
0.0048775948792279152
0.003344199182789945
0.0051610043395637932
0.014165501033753356
0.0072931357566650085
0.0093912949570256719
0.0058072752609269239
0.013971574249427991
0.0082358824356778739
0.012750213825418124
0.0065829963057555318
0.0090682969354450235
0.009373977269530414
0.0072715336354522691
0.010033596407280902
0.0051949130119513355
0.0053826844972095561
0.005580823542492141
0.0028950538349380799
0
0.0031228006652351441
0.0032468866140987749
0
0
0
0
0
0.00052798870332806296
0.00053655097953043474
0.00054532323561087967
0.00055431239410454463
0.00056352566521548355
0
0.00058265491193292723
0.001185173761313449
0.00060277498167302839
0.0024529123933887385
0.0012479110051247461
0.0031748343760861879
0.0051701786251548481
0.0046051769910812352
0.0046886575221241969
0.004092367490961508
0.0013893072067428793
0.0021227937837303029
0.0028836298504007268
0.00073459607639176283
0.00149735660583894
0
0.00077808528614423068
0.00079344279409388591
0.00080925950852259111
0
0.00084234546432827558
0.00085965456808353589
0
0
0
0
0.00095475666480107212
0.00097566451243007125
0.0019945334658502639
0.0010195944179487676
0.0010426804189911302
0.0010665594683912359
0.0010912683099762357
0.0022336916811318158
0.0011433332630189023
0.0011707742523944867
0.0011992151360275839
0.0012287050892649197
0
0.0025820888808980556
0
0.0013582512350531722
0.0013938398400158338
0.0057233828497884531
0.0073467255877609555
0.009056517121744944
0.0062046240666807848
0.0095678868444122617
0.011479963030437848
0.0050619113259000896
0.0052100694992269223
0.010729657657446033
0.0036843915780685778
0.0075943648385276329
0.0019576164770795184
0.010097188414533094
0.0041684684817345479
0.0064566005695847447
0.011117728242418013
0.0068954953223286089
0.0071319177516929004
0.0024602369980670927
0.010190337880819439
0.0079190027252629761
0.0054736698593885807
0.0028394678306732386
0.0029479840007151392
0.0030628418454698852
0.0031845453025300583
0.0033136493780071426
0
0
0
0.0039173419114291062
0.00052490656398112136
0
0.00054213990575806325
0
0.0011204721569946423
0.00056962583984821596
0
0.0011782552976043047
0.00059925627667663088
0.000609648373177385
0.0024812526242522759
0.00063126024971981787
0.0057824973625691112
0.002616168128139469
0.0026635928210579059
0.00067807970912034052
0.0034529927800027449
0.0049242712254029064
0.0093170890548104571
0.0021909235933015767
0.00074430788582323566
0.0007587143701473383
0.00077354320548855555
0.00078881106383182692
0
0.00082073474194681252
0
0.00085463632592743704
0.00087238029226881664
0.0008906826490684361
0
0.002787175539064198
0.00094918326320205253
0.00096996906106119538
0.00099144517837752378
0.0010136425253159591
0.0010365937615961056
0
0.0010848980202808082
0
0
0.0011639398459638928
0
0
0.003755835578944058
0.0038505238667691189
0.0039488385790723019
0.0027006448597129197
0.0041571098579440101
0.0028449862725140333
0.0058430712028308242
0.0015006082687150659
0.0046263033836351592
0.0015853390348481995
0.0016304212330317445
0.0083872706130181367
0.0051796556663153892
0.0088891859778207818
0.001831441952650304
0.0075500326576762337
0.0097309443563804929
0.0060229475856067392
0.012432405015573347
0.0042792733993714718
0
0.0045701618661798992
0.0023634283701251318
0.0048917506798750419
0
0
0.005441717256751989
0.0056457848175128561
0
0
0
0
0
0.0035755786849098843
0
0
0.00052747221902052499
0
0.00054478979447470895
0.00055377015967552918
0
0
0.0011641699050883242
0.0023680288228313446
0.0012043706812249451
0.00061262823193395819
0.001870035427456149
0.0025373829747818567
0.0012912802750101253
0.0006572388795322504
0.0046840710262045513
0.0061325464386798711
0.0027758963425648787
0.005655245983204011
0.0072020226305866816
0.0029355099459959528
0.00074794593763917374
0.0007624228384418676
0.00077732415462829479
0.00079266663970004622
0.00080846788204621417
0.00082474635538573701
0.0016830429456124087
0.00085881364461019795
0.00087664434047584315
0.0017900723122368002
0.00091401288489381834
0
0
0.0029241303202942256
0
0.0010185970395701887
0
0
0.0021804016388301348
0
0.0011422148419525473
0.0035088869647593433
0
0
0
0
0.0013227132793950731
0
0.0041774291120524462
0.004288338130693169
0.0073395389407026231
0.0045238289689673739
0.010847470612570779
0.0063723516220832279
0.0049151713737568201
0.0050569597090398327
0.0017349909841412033
0.0035730539297931805
0.0036807874660297031
0.0018967339870068463
0.0097785075764722403
0.0020174622469481887
0
0.010750474420829964
0
0.0022962500245300743
0.0071249412319959599
0.0049156607348122992
0.0050901847905862416
0.0026370854234826963
0.0082024731837730611
0
0.002945100250619895
0
0.0031814301455882999
0
0
0
0.0037481511636705957
0
0.0005346801985518342
0.00054335098925446541
0.00055223442102739727
0
0.00057066754017117912
0.00058023213663088854
0.00059003922249805047
0
0.0006104142851001659
0.0018629996398503712
0.0018955897156206867
0.0019290424933811263
0.00065446289769584135
0.0033311006905209629
0.0027131882817948093
0.0062163485188840859
0.0070345733579946024
0.0028662628439206444
0.0029201756992966875
0.002975624088202811
0.00075816672048734611
0.0007728414501042795
0.00078794639480102096
0.0024104956110511866
0
0.0016720332527479344
0.00085302097805717151
0
0
0.0018145338935698109
0.0018530059902737348
0
0.0019337136567004034
0
0.0010099056502696337
0.0030975489194835061
0
0.0021601531424152191
0
0
0
0.0011856121272749264
0.0012144134580836905
0.003732831461820324
0.0012752561127877282
0.0026148131329608126
0.0013407883360510053
0.0082527906615842694
0.0042345142483816945
0.0043469388538266724
0.0044639008424460606
0.0030570984709339839
0.001570814681735439
0.0064594306726722039
0.0066431171444723408
0.0085434395841039856
0.0087934993582101956
0.0036218801971240103
0.0055966288902145585
0.0019226531146141819
0.0059472793265577502
0.0020450311426242328
0.0084425956139705053
0
0.0022517258822515695
0.0093105143722683852
0.012037174203126673
0.0049828339065555016
0.015479228571787511
0.01069248621621796
0.0027715203647073771
0
0
0.0062033178958155917
0.0032249048207187376
0
0
0
0
0
0
0.00055474132752690488
0
0.00057310489608907291
0.0005826305188945263
0.00059239561924815558
0.00060240829234659444
0.00061267697831500381
0.000623210480066671
0
0.00064510907073626585
0.0019694812649596895
0.0040090949371384315
0.0047613033895417206
0.0034625815059004675
0.0063466626507290499
0.0014364080089580807
0.0021947615167596992
0.0044720875900038041
0.0015190012437234644
0.0046443616151715834
0.0015780852541928613
0.0016089284374902093
0
0.0033467812841546352
0
0.00087090296904644617
0.0026663966771476861
0.00090725214220620254
0.0018525722063052472
0
0.0019323919479693602
0.00098712517524536113
0
0.0010310764352823277
0
0.0021560595055622341
0.0011027183584677784
0.002256529776515563
0
0.002364189932847858
0
0.0012398713671819123
0
0.0013019894744570428
0.0013348139023402982
0
0.0028085983326625813
0.0028821886184515902
0.0029587095366126982
0.0075957969718263713
0.0031211848283804961
0.0016037438765693613
0.0049461304257629388
0.0050867832623689123
0.0069780294656871886
0.0053867031852949283
0.0073956122964028469
0.0038093011719872233
0.0058888738344194365
0.0040479686170135174
0.0020879013995325608
0.0043097894282614286
0.0066754946089518314
0
0.0095056919099699416
0
0.0076309345639450198
0.010535814451224252
0.0054583171057537398
0.0056592402214861006
0.005871465019917377
0.0091437829049293758
0.0031666794324973287
0
0.0034259899339370253
0
0
0
0
0
0.00056978127024337986
0
0.00058864270511813544
0.00059842658310334089
0
0.0018562216928123239
0
0.001920320199746476
0.00065120724433800263
0.0033129951522417374
0.0033714618603472258
0.0027451920291004304
0.004890390094785345
0.0042677492896684207
0.003621517240455294
0.0044260541228108687
0.0097684820275707983
0.0076555553048767815
0.0023402757696308956
0.0015900926126890228
0.0024313045812666897
0
0.00084258320333277916
0.00085937949666223777
0.00087668307363066142
0.0017890291396679778
0
0.00093184922839945842
0.0019027984621806523
0
0
0
0.0020721809722932449
0.0021180612002803054
0
0
0.0011326148527807795
0.0011588539906850191
0
0.0012141434901208859
0.0012432839863212881
0
0.0026096053244690017
0
0.0013710028856225276
0.0042180253446727038
0
0.0029603294555721879
0
0.0015603462847823477
0.011220318349767661
0.0032944479806846011
0
0.0087078237635542996
0.0035836076162531231
0.0036884969997608044
0.001899029853824134
0.0058688663151652987
0.0020161769381998062
0.0062365734786426355
0.0085780312555517879
0.0066399522796942037
0.0068564781620801176
0
0.012204258413403427
0.0050490799083812233
0.0052252144356716816
0.0054107287876199528
0.014015752475896967
0.0087190071894943377
0
0
0
0
0
0.010993449939973136
0
0
0
0.00057882668388132912
0.00058821338838923123
0.00059783029091644744
0.00060768498055240733
0.00061778536173715622
0.00062813967010033112
0.00063875648928769281
0
0
0.0013445468980361375
0.00068403375330015653
0.0006961053682395372
0.0042509962757839919
0.0050485915884203687
0.0058744115834532097
0.0074773427571643708
0.009900008293676911
0.013187406306959503
0.0071128875674557205
0.0048319648682990813
0.00082076562744825936
0.0025099559789575811
0.00085300409481333143
0.0026095209525903952
0.0035487198477181332
0.00090504330032122342
0
0.00094242736594656322
0.00096199405057362795
0
0
0.0020489888872628585
0.0010466864740043649
0.0010696074570364616
0.0010932896713992555
0
0.001143076064825824
0
0
0.0012243825866469419
0
0.0025670071113866795
0
0.0013470123277343248
0.0013805490999360358
0.0014153540928015732
0.0014514920665561132
0.0014890319685011413
0
0
0.0016108226492622265
0.0033095113210137319
0.0068020432077577752
0.012237331737306631
0.0089895171865518233
0.0073990707967892238
0.0038078178971380186
0.0039209248997717737
0.0060587209891258594
0.0020813991795472671
0.0021461077606336463
0.0022138814901640417
0.004569834113723358
0.011797135914968258
0.012188211092940569
0.010079247695903947
0.0052124149322984401
0.0053942473169545681
0.0055857629585708652
0.0028938309085250612
0.0090010623903285479
0.0031128691543119706
0
0
0
0
0
0
0
0
0.00060015866343339898
0.00060989130394249649
0.0006198626261498673
0
0
0
0.0013245942232642687
0
0.00068516736261908687
0.00069704929966137757
0.001418486032369614
0.0028870380654208005
0.0080807132359325979
0.010469303037766301
0.0053295428747961414
0.011629367201289306
0.0071064425804707931
0.0024129551862729897
0.0049166831390855901
0.0075150619119839909
0.0017020279668478544
0.00086748582235680481
0.00088444056175105627
0.00090189726373442387
0.001839751880842786
0.00093839761122939153
0.0019149687288148459
0
0
0.0010183734494576015
0.0010399651992665166
0
0
0
0.0011335815818527733
0.0011589612036460363
0
0
0.0012404320892375337
0
0
0
0.0027262680003222401
0
0.0014314276202103066
0
0.0015049851067827217
0
0.0047530849627157598
0.0048792774065665248
0.0016701876315145458
0.0034314794848758026
0
0
0.0018641630629200173
0.0038358774428625272
0.003948150566282789
0.014228990982558962
0.0041880053704453513
0.0021581067087173933
0.0044504000975534386
0.006886414499168843
0.0023691249990533776
0.00489276221725199
0
0.013063383207051853
0.010809024760384348
0.011186091968881423
0.011583239421482736
0.0090014389727729859
0.0093327860033196181
0.0032275903014205212
0.0067018787581705529
0
0
0
0.0078448928490727089
0
0
0
0.00062462052601810103
0
0.00064512760240948515
0
0.0006666614175889436
0.00067783490650435649
0
0.00070104137981406509
0.00071309409415393926
0
0.002952604188428251
0.00075117770721657405
0.0068809704281686656
0.01167430851848454
0.011885935015553576
0.0088758035624251445
0.013970399818899736
0.0075339144273197422
0.012792705478205189
0.0069523273472253599
0.0035428018246633176
0.00090284367066496753
0.00092048946815285332
0
0.0019147383143325123
0.00097664575262017316
0.0019930209252647037
0.0020339749131972865
0
0
0.0021647062664800604
0.0011055472667437689
0.0011294950184130733
0.0011542293937922038
0
0
0
0.0012617598292866065
0.0012909908517141288
0
0.0013525846664136788
0
0
0
0
0.0015273297561540628
0
0.0032136733060986185
0
0.0016927172796093075
0
0.001785671566085299
0.003670093246171974
0.0037729964523377257
0.001940144471601701
0.0059883359153578737
0.0041090732064073569
0.0042311286634889554
0.0065380563761797345
0.0089842758572565885
0.0092635878453259917
0.0047780652116703954
0.0098627525904954744
0
0.0052609923046759242
0.0027191667095755757
0.0028123974304275555
0.0087315193573809582
0.0030138401481417175
0.0062455523721139808
0
0.0067182872619312075
0.003487520292787072
0
0.0037673767439765043
0
0
0
0
0
0.00065220910867008666
0
0.0013472439057606042
0
0
0.00070777389115712669
0
0.001464010721466346
0.0014891808519672525
0.0015150057147565446
0.0015415082164106208
0.0039217806849871362
0.0055882500422521665
0.013002608845586353
0.0057917624451036724
0.0067402435867909838
0.011155110441248724
0.0078666764999835749
0.0097956765309021553
0.0018148503905319822
0.00092482056064781845
0.003770883864257299
0.0028834384585004853
0.00098011683631630338
0.00099965476422042543
0.0010197827789346805
0.0010405248843741021
0.0010619063174636871
0.0010839536250531801
0.0011066947463002797
0
0
0
0.0024104200639233201
0.0036956838823708972
0.0012594753682117642
0
0
0.0040440361353366178
0
0.0028246527385347654
0
0
0
0
0
0
0
0
0.0070699285865365828
0.0018150393434628149
0
0.0038321959415538571
0.007879288466200807
0.012155027032928744
0.012505664053882917
0.0021452825049613116
0.011045028698868033
0.0068268328431657288
0.007035823717964686
0.002418186771019007
0.0024945527108513701
0.0051491880334620143
0.0053171007586400258
0.0027466813519729325
0.017035610154707802
0.0029366169456867108
0
0.018881742576303932
0.0032607046807732027
0.0067614653829759586
0.007015024265740492
0
0
0.0039337763103458115
0
0
0
0
0.0048389786756891096
0
0.000694045283153035
0
0.00071702022211990002
0.0021868136195783454
0.00074115513825595428
0.00075368214533309548
0.0015330589079836498
0.00077970807769083537
0
0.0032284229456046344
0.0024640478622656721
0.00083597324036804291
0.0042549563131048752
0.0077977587685997395
0.0097049404704891411
0.011681226906863729
0.0091529979996513595
0.0074601287571321971
0.010452450138435524
0.003873754141277688
0.00098718319038275338
0.002012954754871251
0.0010263427888523957
0.0010468021980474882
0.0010678795247446671
0.0010895999049582194
0.0011119897658964639
0
0
0
0.0024176448556119902
0
0
0.0012899953563361383
0.0013188769073263274
0.0013487393635356853
0
0.0014115893029513437
0
0
0
0.0015512218603621303
0.0031787360535140401
0
0
0.0017126458564483912
0.0017569399721366586
0.0018029749331202249
0.0018508431733884226
0
0.001952480823488967
0.004012936544246541
0.0020627262482662539
0
0.004365159215692322
0.002246462000684517
0.0023131906600809202
0.011914686085708205
0.0073676593126381675
0.0025322374461568516
0.0052244101750603227
0
0.0055678749910417491
0.0057524501047628226
0.0029731788068989426
0
0.0031823926319961941
0.0032953792881516347
0
0.0070803612189218931
0
0.0076266169238904729
0
0
0
0
0
0
0
0
0.001457230067345235
0.0014810548217609194
0.00075273433299669545
0.00076524559119379217
0.00077807138687515482
0.0015824447050627431
0
0.0016370892247849463
0.0016654790637683321
0.0016946138460411035
0.0017245198641595066
0.0035104491621252456
0.0080404051186107293
0.01000530408267346
0.0064834856136266432
0.0037732486039190028
0.009608900323353254
0.0097896385464877958
0.0089779720626671014
0.0020333511174241928
0.0051817693381067077
0.0042264363207976802
0.0021549279385968748
0.0032968273279544969
0.0011210696113996817
0
0.0023347538853388124
0.0011916140322365087
0.0012166138463991271
0.0012424087272305657
0.001269032749474814
0
0.0013249138641030192
0
0
0.0014159188177387233
0.0014483456234771978
0
0.0015166325303190278
0.0015526014036215299
0
0.0016284867795447638
0
0
0.0017531873472189281
0
0
0
0
0.0039906252458768053
0
0
0.0021654687256371622
0.004454096079356016
0
0.0070750685553485045
0.0072852256109855046
0
0
0.0053167316798608819
0.0054846331904109952
0
0.0029226028348286817
0.0030194871491251865
0.006242540160032564
0.012913150079027652
0.003340904651331186
0.017297595339083174
0.0035845642865018311
0
0.0038558851404352661
0
0
0
0.0044998049490987246
0
0
0
0
0
0.040521297522720733
0
0
0
0
0
0
0
0
0
0
0
0
0
0
0
0
0
0.040521297522721912
0
0
0
0
0
0
0.014878431273741751
0
0.014878431273741751
0
0
0.014878431273742403
0
0
0
0
0
0
0
0
0.0099264701205997573
0.0099264701206001928
0
0
0.009926470120600335
0
0
0
0
0
0
0
0.0099264701206006247
0
0.0099264701206004825
0.009926470120600047
0
0.0099264701205994677
0
0
0
0
0.0078916549175887807
0
0
0
0.0078916549175887807
0
0
0
0
0
0
0
0
0
0
0
0
0
0
0
0
0
0
0
0
0
0
0
0
0
0
0
0
0
0
0
0.0068317952993196549
0
0
0
0.012440160473580895
0
0
0
0
0
0.006220080236790086
0
0
0
0
0
0
0
0.0062200802367903575
0
0
0
0
0
0
0.0058548378538265111
0
0.0058548378538263394
0
0
0.0058548378538263359
0
0
0
0
0
0.0058548378538264261
0
0
0
0.0058548378538265094
0
0
0
0
0
0
0.0056425524214956555
0
0
0.0056425524214954118
0
0
0
0
0.0056425524214956555
0
0
0
0
0
0
0
0
0
0
0
0
0
0.0055342135232082429
0
0
0.0055342135232081613
0
0
0
0.0055342135232083227
0
0
0
0
0.0055342135232084042
0
0
0.0055019074963046045
0
0
0
0
0
0
0
0
0
0
0
0
0
0
0
0
0
0
0.0055287998951876619
0.0055287998951875856
0.0055287998951875006
0.0055287998951877417
0.0055287998951875006
0
0
0
0
0
0
0
0
0.0055287998951875821
0
0
0
0
0
0
0
0
0
0
0
0
0
0
0
0
0
0
0
0
0
0
0
0
0
0.0057218364588049473
0.0057218364588049325
0
0
0
0
0
0
0
0
0
0
0
0
0
0
0
0
0
0
0
0
0.0058769647831154433
0
0
0.0058769647831153583
0
0
0
0
0.0058769647831151007
0
0
0
0
0
0
0
0
0
0
0
0
0
0
0
0
0
0
0
0
0
0
0
0
0
0
0
0
0
0
0
0
0
0
0
0
0
0
0
0
0
0
0
0
0
0
0
0
0
0
0
0
0
0
0
0
0
0
0
0
0
0
0
0
0
0
0
0
0
0
0
0
0
0
0
0
0
0
0
0
0
0
0
0
0
0
0
0
0
0
0
0
0
0
0
0
0
0
0
0
0
0
0
0
0
0
0
0
0
0.0075152433345402059
0
0
0
0
0
0
0
0
0
0
0
0
0
0
0
0
0
0
0
0
0.011045157333573656
0
0.01067019001732342
0
0.010313997932167219
0
0
0.01962448790809845
0
0
0.028038698039379487
0.045991269697348847
0
0.026737944416112578
0.0087748079002238476
0
0.0085085501689505013
0.016759886043596645
0
0
0
0.0078936080575398148
0.0077786400757399194
0.0076661656306770565
0
0
0
0
0
0
0
0
0
0
0.0065747381759442888
0
0
0
0
0
0.0060749980065207786
0
0
0
0
0
0
0
0
0
0
0
0
0
0
0
0
0
0
0
0
0
0
0
0
0
0
0
0
0
0.0042628404219143571
0
0
0
0
0
0
0
0
0
0
0
0
0
0
0
0
0
0
0.0070102226567228835
0
0.0034373211588064872
0
0
0
0.0033075102468262002
0
0
0
0
0
0
0
0.0030690141888293464
0
0
0
0
0
0
0.0028808726315932773
0
0
0.0028054986315730755
0
0
0
0.002709515932938159
0
0
0
0
0
0
0
0
0
0
0
0.0024493687454146232
0.0024293997596740572
0
0
0
0
0
0
0
0
0
0.0022424627002879021
0
0
0
0
0
0
0
0
0.0020920708222141797
0
0
0
0
0
0
0
0.0019707368333498473
0
0
0
0
0
0
0
0
0.0036928782471734168
0
0
0
0
0
0
0
0
0
0
0.0017098598577285123
0
0.0016866611327666177
0
0
0
0
0
0
0
0.001598432198261139
0
0
0.0015671235019195995
0
0
0
0.0015267894966906901
0.0030338986088151287
0.0015072039368291816
0
0
0
0
0.0039857811737530899
0
0.0077032164983871897
0.0037870482628355978
0.0074481959760626113
0.0036627043517898608
0
0.0035443854445124045
0.0034873644582747586
0.0068634169730983768
0
0
0
0
0
0
0
0
0
0
0
0
0
0
0
0.0026961704383540938
0.0026582811337496136
0
0
0
0
0
0
0.004828166720909308
0
0
0
0
0
0
0
0.0021740569365505833
0.002146592512947331
0
0
0
0.0020417793703577181
0.0060503269201160007
0
0.0019681266291151087
0
0
0
0
0
0
0
0.0035802551488305387
0
0.0017494017050687174
0
0.0017100499750683919
0
0.0033440225050548975
0
0
0
0
0.0015822874228661684
0
0.001548409416775378
0.0015318769771311921
0.0015156079070976342
0.0029991932842073454
0.0014838377637685755
0.001468325995316892
0.001453056197161238
0
0
0
0
0
0.0040987416350883304
0.0013525379641552641
0.0026780680574290876
0.0013257313260294822
0.0013126258775700388
0
0.0012869913155323478
0
0
0
0
0.0012260965025349972
0
0
0
0
0
0
0
0
0.0011268670915839569
0.0011165909637846335
0
0
0
0
0.001067259491242045
0.0010577861045424587
0.0010484382941212556
0
0.0010301106117106096
0.0010211264642299761
0
0
0
0
0
0
0
0.00095330147371177319
0.00094530120392237091
0
0
0
0.00091428648867473462
0.0018135426202107894
0
0.0017840325740057703
0
0.00087761849691588034
0.00087054997139354641
0.00086356650030111853
0.00085666672449738023
0
0.00084311295674952295
0
0
0.00082337756216856195
0
0
0
0
0.00079199173204473128
0
0.00077993798439408011
0
0
0.0015247337055589749
0
0
0.00074538288764958128
0
0.00073437361202388445
0
0
0
0
0.00070789435291165783
0
0.0013954044362009541
0
0
0
0
0
0
0.00066371059224006946
0
0
0.0012997976629992346
0.00064539060870833973
0.00064092913272529716
0.00063651375947310204
0.00063214385592844644
0.00062781879989603183
0
0.00061930079440048337
0
0.0012219099473792521
0.0006068451860406981
0
0.00059874904745706886
0.00059476160108128801
0.0011816277096629612
0
0.00058303537026179971
0.00057920360719422982
0.00057540949441965586
0.0011433050805760663
0.0011358645222964323
0.0011284963623847614
0.00056059983230415447
0.00055698675390943313
0.0011068169856629892
0
0.00054635464605497772
0
0.0054114468663089979
0.0053184017858572477
0
0
0.002526611894403901
0.002484613244786135
0
0
0
0.0046533426082093991
0
0.0022532889733021329
0.0022178928948195301
0
0.0042991154657247739
0
0
0
0.0020220321382882185
0.0019919241005432148
0
0.0019336909061947395
0
0
0
0
0.0017988089472578959
0
0
0.0034490913519034695
0.0017008109305293
0.0016775628221001547
0
0
0
0.0015891790714681287
0
0
0
0.0015076005150340621
0.0044645623324836761
0
0.0043514085908855308
0
0
0.0013965255565156159
0
0
0.0013455358809317873
0.0013291586594032512
0.0013130786316127257
0.0038918659500418195
0
0.0012665512955384384
0.0025031813307503622
0.0037106806575973568
0.0012224538043478627
0.0012082654466832098
0
0
0.001167151525237712
0.0011539123475889862
0
0.0033843028120473331
0
0
0.0010909778912229476
0.0010790100186527979
0
0.0010556575848828147
0.001044264637707977
0
0
0.0010111708907713653
0
0.00098997474632033671
0.00097962573147996755
0.00096943815240319953
0
0.0018990680525712883
0.0009398110538491294
0
0
0.0009115216432924473
0
0
0
0.00087574700003635619
0.00086713242746657739
0
0
0
0.00083391466829592115
0.00082590848034527417
0
0
0
0.00079500962916671174
0
0
0
0
0
0
0.00074495802917759414
0
0
0
0
0.00071204546069573472
0
0
0
0
0
0
0
0.0013274959388711774
0.00065805831167041267
0
0
0
0
0
0
0
0
0
0.00060497226827027487
0
0
0
0.0005855223327405428
0
0
0.00057154390053497253
0
0
0
0.0011073428695641608
0.00054933430940820344
0.001090095893461637
0.0016224346729369534
0
0
0.00052839456789905228
0
0
0
0.00051249293029780496
0
0.00050480995456679339
0
0.00099459692040499781
0
0
0.00048634171644231639
0.0014483095177920352
0
0.00047574313060010949
0
0.00046886872331935656
0.00093097452192747031
0.00046214224757688089
0.00045883316118783751
0.00045555948913580122
0
0.00044911638276513843
0.00044594596791402812
0.00088561801192365848
0
0.00087326714595894691
0.0013007825650973904
0
0.00042760985808014147
0.0012739921363708244
0.0012652457068244168
0.00041886301342249863
0
0
0
0.00081522388748948079
0.00040487000922564102
0.00040215564870289838
0.00039946849368519851
0
0.0007883487135060352
0.00039156666804531474
0.00077796954204049798
0.00077285665333608807
0
0
0
0.0003764504878342859
0
0
0.00073843710637334795
0.0011005625095360915
0
0
0.0021510804321643005
0.0021140944916545599
0.0020780543237688036
0
0
0.0039505907121667851
0
0
0
0
0.0018202093120799003
0
0
0
0
0.0016826956134168537
0
0
0
0
0
0
0
0
0
0
0.002860146517737288
0.0042299292839784765
0
0.0013710331264672375
0
0
0.0013155751022123207
0.0012978351998345487
0
0
0.0024934327344039
0.0036910393980298943
0.0024285937514792978
0.0011985592938557855
0.0011831256850947808
0
0
0
0.0022485581372460638
0.0033307603735419121
0
0.0021659566001626233
0.0021394321893964154
0.0010566960201659637
0
0.0010313590057725714
0
0.0010069224647209203
0.0019900571923784941
0
0.00097186446535366545
0.00096058456210744512
0.0018989998092978962
0.00093860601278692964
0
0.0018347464791976832
0
0
0
0
0.00086733964195208661
0
0
0.0016785192056823007
0
0.00082129040108553232
0
0.0016077843655857376
0.00079539966259360121
0.0007870410105676437
0
0
0
0
0.00074716031324371132
0
0.00073205254251170956
0
0
0
0.00070317992172502764
0
0
0
0
0
0
0
0
0.00064414841330545972
0
0.0012640831178292453
0.0012522314588109371
0
0.0012290227535191032
0
0
0
0.00059224997636929443
0
0
0.00057633829738866244
0
0
0.0011221186911554602
0
0
0
0
0
0.0010645386593844954
0.00052768706936064417
0
0
0
0.00050993726332558065
0.0005056397495506647
0.00050139633387974512
0.00049720611210928923
0
0
0.00048494584756176266
0
0
0.00094626706114086005
0
0.00046549681209842478
0.00092349520407819009
0.00091608701124194075
0
0
0
0
0
0
0
0
0
0.00042333203136568181
0
0
0
0
0.00081487523852413475
0
0
0
0
0
0
0
0
0
0.00037822111692232836
0
0
0
0
0.00036477750185597967
0
0.00035960004443367794
0
0
0
0
0
0
0.00034232103353306432
0.00033995462619927267
0.00067522534434435045
0
0
0
0
0
0
0
0
0
0
0.00031337302818262446
0
0
0.00030721484751326941
0
0.00030320969312656095
0
0
0.00029734723654700941
0.00029543082699037463
0
0
0
0.0018950538401225881
0.001862187505457853
0
0
0.001768560048269285
0.0017389157528989929
0.0017100105959246929
0
0
0
0
0
0
0
0
0
0
0
0
0.0013916437051235374
0
0.0013506599769559206
0
0
0
0.0050957714903866807
0.0025115699490293724
0
0.0012206147422188897
0
0
0.0023411327448831453
0
0.0011388916384527867
0.0011235342282593058
0.0011084853672192129
0
0.0010792807219753028
0
0.0010512152107876565
0
0.0010242303519785508
0.0020222518253046806
0.00099827136922635501
0.0019713208159772835
0
0
0.00094922880829494789
0
0
0.00091478035706932964
0
0
0.0017643473737200092
0.00087169145548015323
0.001722789898221104
0
0.0016826835829277865
0
0
0.00081254999274985344
0
0
0.0007852112340560629
0.0015528087199789943
0
0
0
0
0
0.00072654593611539407
0
0.00071099002175158902
0
0
0
0.00068134036935446347
0
0.00066720626084634848
0
0
0
0
0.00063373692476592104
0.00062734579384362383
0.00062105085782627502
0
0
0
0
0
0
0
0
0
0
0
0
0
0
0
0
0
0.00052221253610454279
0
0
0
0
0
0
0.00049005827571943809
0
0
0.00047718043432845548
0
0
0
0
0
0
0.00044903643629478376
0
0
0
0
0
0
0
0
0
0.00041295780007644041
0
0
0
0
0.00039652766134148215
0
0
0
0
0
0
0
0.00037220822834829287
0
0
0
0.0003608790554101593
0
0
0
0
0
0
0
0
0
0.00033471989658823565
0
0
0.00032742552426282413
0
0
0
0
0
0.00031353433180438499
0
0
0
0
0.00030262265501396739
0
0
0
0
0
0
0.00028827834380116798
0
0
0
0
0
0
0
0
0
0
0
0
0
0
0
0
0
0
0
0
0
0.0017253717979188478
0.0016954482961529771
0
0
0
0
0
0
0
0
0
0
0.0028238916836162932
0.0013897661096824339
0
0.0013469462366354659
0.0013262746329950653
0.0013060752736250372
0.0012863338827215711
0
0.0012481705561438617
0.0012297226513980615
0
0
0
0.0011598747528967952
0
0
0
0
0.0010806270855708007
0.0010657545257248473
0
0
0.0010229336129625045
0.0020184644367487107
0.0009958042703060862
0
0.00096974003774255991
0
0
0.00093252134924141591
0.00092059027395357878
0
0.0017948098721658656
0
0.0026252537635392866
0.0017284708021786512
0
0
0.00083287144457881398
0.00082279544960258376
0.00081290120207164391
0.0016063687141215156
0
0
0.00077505669665540523
0
0
0
0.00073979472889232833
0
0.00072305938576607053
0
0
0
0
0
0
0
0
0
0
0
0
0
0
0
0
0
0
0
0
0
0
0
0
0
0
0
0
0.00053279882048587392
0
0
0
0
0
0
0
0
0
0
0
0
0
0
0
0
0
0.0004501926257746435
0
0
0
0
0
0
0
0
0
0
0
0
0
0
0.00039519282833995321
0
0
0
0
0
0
0
0
0
0.00036394231169779894
0
0
0
0
0
0
0
0
0
0
0
0
0
0
0
0
0
0
0
0
0
0
0
0
0
0
0
0
0
0
0
0
0
0
0
0
0
0
0
0
0
0
0
0
0
0
0
0
0
0
0
0
0
0
0
0
0
0
0
0
0
0
0
0
0
0
0.0015958917707858242
0
0
0
0
0
0
0
0
0
0
0.0013290365473544467
0
0
0
0
0.0012293826865347188
0.0012108005077928004
0
0.0011748781272818221
0
0.0011405309820752601
0.001123919497918299
0
0.0010917670432594728
0
0.0010609748065781293
0
0
0
0.0010031735448031132
0
0.00097602834746589307
0.00096286707102268866
0.00094997022071990531
0
0.00092494188556201508
0.00091279701630924456
0.0018017795730065592
0
0
0
0
0.0025341282700399588
0.00083410535787226581
0
0.0016269751991252281
0.00080346421788634519
0
0
0
0
0
0
0
0
0
0.00071266000791443825
0
0
0
0
0
0
0
0
0
0
0
0
0
0
0
0
0
0
0
0
0
0
0
0
0
0
0
0
0
0
0
0
0
0
0
0
0
0
0
0
0
0
0
0
0
0
0
0
0
0
0
0
0
0
0
0
0
0
0
0
0
0
0
0
0
0
0
0
0
0
0
0
0
0
0
0
0
0
0
0
0
0
0
0
0
0
0
0
0
0
0
0
0
0
0
0
0
0
0
0
0
0
0
0
0
0
0
0
0
0
0
0
0
0
0
0
0
0
0
0
0
0
0
0
0
0
0
0
0
0
0
0
0
0
0
0
0
0
0
0
0
0
0
0
0.0014858138855573899
0
0
0
0
0
0
0
0
0.0012808481764577818
0
0
0.0012218837152932678
0.0036093943440040034
0.0011848075776030129
0
0.002298787423851869
0
0.0033466326447228818
0
0
0.0010675063259932384
0
0
0
0
0.00099406806797644204
0
0
0
0
0
0.00091552608340263555
0
0
0
0
0
0
0
0
0
0.00080386226302879603
0
0
0
0
0
0
0
0
0
0
0
0
0
0
0
0
0
0
0
0
0
0
0
0
0
0
0
0
0
0
0
0
0
0
0
0
0
0
0
0
0
0
0
0
0
0
0
0
0
0
0
0
0
0
0
0
0
0
0
0
0
0
0
0
0
0
0
0
0
0.0003872558536170105
0
0
0
0
0
0
0
0
0
0
0
0
0
0
0
0
0
0
0
0
0
0
0
0
0
0
0
0
0
0
0
0
0
0
0
0
0
0
0
0
0
0
0
0
0
0
0
0
0
0
0
0
0
0
0
0
0
0
0
0
0
0
0
0
0
0
0.00023170086972146346
0
0
0
0
0
0
0
0
0
0
0
0
0
0
0
0
0
0
0
0
0
0
0
0
0
0
0
0.0012971676375185134
0
0
0
0
0.0011984231382952907
0
0.0011620588748793253
0
0.0011273249672964273
0.0022210782202529643
0
0
0
0.0010470098466284199
0.0010319793794203865
0
0
0
0
0.00096147007801243502
0
0
0
0
0
0
0
0
0
0
0
0
0
0
0
0
0
0
0
0
0
0
0
0
0
0
0
0
0
0
0
0
0
0
0
0
0
0
0
0
0
0
0
0
0
0
0
0
0
0
0
0
0
0
0
0
0
0
0
0
0
0
0
0
0
0
0
0
0
0
0
0
0
0
0
0
0
0
0
0
0
0
0
0
0
0
0
0
0
0
0
0
0
0
0
0
0
0
0
0
0
0
0
0
0
0
0
0
0
0
0
0
0
0
0
0
0
0
0
0
0
0
0
0
0
0
0
0
0
0
0
0
0
0
0
0
0
0
0
0
0
0
0
0
0
0
0
0
0
0
0
0
0
0
0
0
0
0
0
0
0
0
0
0
0
0
0
0
0
0
0
0
0
0
0
0
0
0.0013322884968349406
0.0013106812464408707
0
0.0012690143402815941
0
0
0.0012101430261147906
0
0
0
0
0
0
0
0
0
0
0
0
0
0
0
0
0
0
0
0
0
0
0
0
0
0
0
0
0
0
0
0
0
0
0
0
0
0
0
0
0
0
0
0
0
0
0
0
0
0
0
0
0
0
0
0
0
0
0
0
0
0
0
0
0
0
0
0
0
0
0
0
0
0
0
0
0
0
0
0
0
0
0
0
0
0
0
0
0
0
0
0
0
0
0
0
0
0
0
0
0
0
0
0
0
0
0
0
0
0
0
0
0
0
0
0
0
0
0
0
0
0
0
0
0
0
0
0
0
0
0
0
0
0
0
0
0
0
0
0
0
0
0
0
0
0
0
0
0
0
0
0
0
0
0
0
0
0
0
0
0
0
0
0
0
0
0
0
0
0
0
0
0
0
0
0
0
0
0
0
0
0
0
0
0
0
0
0
0
0
0
0
0.0013610547418409227
0
0
0
0
0
0
0
0
0.0011788766017068679
0
0
0
0
0.0010930551065799496
0
0
0
0
0
0
0
0
0
0
0
0
0
0
0
0
0
0
0
0
0
0
0
0
0
0
0
0
0
0
0
0
0
0
0
0
0
0
0
0
0
0
0
0
0
0
0
0
0
0
0
0
0
0
0
0
0
0
0
0
0
0
0
0
0
0
0
0
0
0
0
0
0
0
0
0
0
0
0
0
0
0
0
0
0
0
0
0
0
0
0
0
0
0
0
0
0
0
0
0
0
0
0
0
0
0
0
0
0
0
0
0
0
0
0
0
0
0
0
0
0
0
0
0
0
0
0
0
0
0
0
0
0
0
0
0
0
0
0
0
0
0
0
0
0
0
0
0
0
0
0
0
0
0
0
0
0
0
0
0
0
0
0
0
0
0
0
0
0
0
0
0
0
0
0
0
0
0
0
0.0015276151068403384
0
0.0029515095115511952
0
0
0
0.0013796537397892457
0.0013570953897266212
0
0
0
0
0
0
0
0
0
0
0
0
0
0
0
0
0
0
0
0
0
0
0
0
0
0
0
0
0
0
0
0
0
0
0
0
0
0
0
0
0
0
0
0
0
0
0
0
0
0
0
0
0
0
0
0
0
0
0
0
0
0
0
0
0
0
0
0
0
0
0
0
0
0
0
0
0
0
0
0
0
0
0
0
0
0
0
0
0
0
0
0
0
0
0
0
0
0
0
0
0
0
0
0
0
0
0
0
0
0
0
0
0
0
0
0
0
0
0
0
0
0
0
0
0
0
0
0
0
0
0
0
0
0
0
0
0
0
0
0
0
0
0
0
0
0
0
0
0
0
0
0
0
0
0
0
0
0
0
0
0
0
0
0
0
0
0
0
0
0
0
0
0
0
0
0
0
0
0
0
0
0
0
0
0
0
0
0
0
0
0
0
0
0.0015328220843433028
0
0
0
0
0
0
0
0
0
0
0
0
0
0
0
0
0
0
0
0
0
0
0
0
0
0
0
0
0
0
0
0
0
0
0
0
0
0
0
0
0
0
0
0
0
0
0
0
0
0
0
0
0
0
0
0
0
0
0
0
0
0
0
0
0
0
0
0
0
0
0
0
0
0
0
0
0
0
0
0
0
0
0
0
0
0
0
0
0
0
0
0
0
0
0
0
0
0
0
0
0
0
0
0
0
0
0
0
0
0
0
0
0
0
0
0
0
0
0
0
0
0
0
0
0
0
0
0
0
0
0
0
0
0
0
0
0
0
0
0
0
0
0
0
0
0
0
0
0
0
0
0
0
0
0
0
0
0
0
0
0
0
0
0
0
0
0
0
0
0
0
0
0
0
0
0
0
0
0
0
0
0
0
0
0
0
0
0
0
0
0
0
0
0
0
0
0
0
0
0
0
0
0
0
0
0
0
0
0
0
0
0
0
0
0
0
0
0
0
0
0
0
0
0
0
0
0
0
0
0
0
0
0
0
0
0
0
0
0
0
0
0
0
0
0
0
0
0
0
0
0
0
0
0
0
0
0
0
0
0
0
0
0
0
0
0
0
0
0
0
0
0
0
0
0
0
0
0
0
0
0
0
0
0
0
0
0
0
0
0
0
0
0
0
0
0
0
0
0
0
0
0
0
0
0
0
0
0
0
0
0
0
0
0
0
0
0
0
0
0
0
0
0
0
0
0
0
0
0
0
0
0
0
0
0
0
0
0
0
0
0
0
0
0
0
0
0
0
0
0
0
0
0
0
0
0
0
0
0
0
0
0
0
0
0
0
0
0
0
0
0
0
0
0
0
0
0
0
0
0
0
0
0
0
0
0
0
0
0
0
0
0
0
0
0
0
0
0
0
0
0
0
0
0
0
0
0
0
0
0
0
0
0
0
0
0
0
0
0
0
0
0
0
0
0
0
0
0
0
0
0
0
0
0
0
0
0
0
0
0
0
0
0
0
0
0
0
0
0
0
0
0
0
0
0
0
0
0
0
0
0
0
0
0
0
0
0
0
0
0
0
0
0
0
0
0
0
0
0
0
0
0
0
0
0
0
0
0
0
0
0
0
0
0
0
0
0
0
0
0
0
0
0
0
0
0
0
0
0
0
0
0
0
0
0
0
0
0
0
0
0
0
0
0
0
0
0
0
0
0
0
0
0
0
0
0
0
0
0
0
0
0
0
0
0
0
0
0
0
0
0
0
0
0
0
0
0
0
0
0
0
0
0
0
0
0
0
0
0
0
0
0
0
0
0
0
0
0
0
0
0
0
0
0
0
0
0
0
0
0
0
0
0
0
0
0
0
0
0
0
0
0
0
0
0
0
0
0
0
0
0
0
0
0
0
0
0
0
0
0
0
0
0
0
0
0
0
0
0
0
0
0
0
0
0
0
0
0
0
0
0
0
0
0
0
0
0
0
0
0
0
0
0
0
0
0
0
0
0
0
0
0
0
0
0
0
0
0
0
0
0
0
0
0
0
0
0
0
0
0
0
0
0
0
0
0
0
0
0
0
0
0
0
0
0
0
0
0
0
0
0
0
0
0
0
0
0
0
0
0
0
0
0
0
0
0
0
0
0
0
0
0
0
0
0
0
0
0
0
0
0
0
0
0
0
0
0
0
0
0
0
0
0
0
0
0
0
0
0
0
0
0
0
0
0
0
0
0
0
0
0
0
0
0
0
0
0
0
0
0
0
0
0
0
0
0
0
0
0
0
0
0
0
0
0
0
0
0
0
0
0
0
0
0
0
0
0
0
0
0
0
0
0
0
0
0
0
0
0
0
0
0
0
0
0
0
0
0
0
0
0
0
0
0
0
0
0
0
0
0
0
0
0
0
0
0
0
0
0
0
0
0
0
0
0
0
0
0
0
0
0
0
0
0
0
0
0
0
0
0
0
0
0
0
0
0
0
0
0
0
0
0
0
0
0
0
0
0
0
0
0
0
0
0
0
0
0
0
0
0
0
0
0
0
0
0
0
0
0
0
0
0
0
0
0
0
0
0
0
0
0
0
0
0
0
0
0
0
0
0
0
0
0
0
0
0
0
0
0
0
0
0
0
0
0
0
0
0
0
0
0
0
0
0
0
0
0
0
0
0
0
0
0
0
0
0
0
0
0
0
0
0
0
0
0
0
0
0
0
0
0
0
0
0
0
0
0
0
0
0
0
0
0
0
0
0
0
0
0
0
0
0
0
0
0
0
0
0
0
0
0
0
0
0
0
0
0
0
0
0
0
0
0
0
0
0
0
0
0
0
0
0
0
0
0
0
0
0
0
0
0
0
0
0
0
0
0
0
0
0
0
0
0
0
0
0
0
0
0
0
0
0
0
0
0
0
0
0
0
0
0
0
0
0
0
0
0
0
0
0
0
0
0
0
0
0
0
0
0
0
0
0
0
0
0
0
0
0
0
0
0
0
0
0
0
0
0
0
0
0
0
0
0
0
0
0
0
0
0
0
0
0
0
0
0
0
0
0
0
0
0
0
0
0
0
0
0
0
0
0
0
0
0
0
0
0
0
0
0
0
0
0
0
0
0
0
0
0
0
0
0
0
0
0
0
0
0
0
0
0
0
0
0
0
0
0
0
0
0
0
0
0
0
0
0
0
0
0
0
0
0
0
0
0
0
0
0
0
0
0
0
0
0
0
0
0
0
0
0
0
0
0
0
0
0
0
0
0
0
0
0
0
0
0
0
0
0
0
0
0
0
0
0
0
0
0
0
0
0
0
0
0
0
0
0
0
0
0
0
0
0
0
0
0
0
0
0
0
0
0
0
0
0
0
0
0
0
0
0
0
0
0
0
0
0
0
0
0
0
0
0
0
0
0
0
0
0
0
0
0
0
0
0
0
0
0
0
0
0
0
0
0
0
0
0
0
0
0
0
0
0
0
0
0
0
0
0
0
0
0
0
0
0
0
0
0
0
0
0
0
0
0
0
0
0
0
0
0
0
0
0
0
0
0
0
0
0
0
0
0
0
0
0
0
0
0
0
0
0
0
0
0
0
0
0
0
0
0
0
0
0
0
0
0
0
0
0
0
0
0
0
0
0
0
0
0
0
0
0
0
0
0
0
0
0
0
0
0
0
0
0
0
0
0
0
0
0
0
0
0
0
0
0
0
0
0
0
0
0
0
0
0
0
0
0
0
0
0
0
0
0
0
0
0
0
0
0
0
0
0
0
0
0
0
0
0
0
0
0
0
0
0
0
0
0
0
0
0
0
0
0
0
0
0
0
0
0
0
0
0
0
0
0
0
0
0
0
0
0
0
0
0
0
0
0
0
0
0
0
0
0
0
0
0
0
0
0
0
0
0
0
0
0
0
0
0
0
0
0
0
0
0
0
0
0
0
0
0
0
0
0
0
0
0
0
0
0
0
0
0
0
0
0
0
0
0
0
0
0
0
0
0
0
0
0
0
0
0
0
0
0
0
0
0
0
0
0
0
0
0
0
0
0
0
0
0
0
0
0
0
0
0
0
0
0
0
0
0
0
0
0
0
0
0
0
0
0
0
0
0
0
0
0
0
0
0
0
0
0
0
0
0
0
0
0
0
0
)
;

boundaryField
{
    inlet
    {
        type            fixedValue;
        value           uniform 0;
    }
    outlet
    {
        type            zeroGradient;
    }
    wall
    {
        type            zeroGradient;
    }
    wedgeBack
    {
        type            wedge;
    }
    wedgeFront
    {
        type            wedge;
    }
    defaultFaces
    {
        type            empty;
    }
}


// ************************************************************************* //
