/*--------------------------------*- C++ -*----------------------------------*\
  =========                 |
  \\      /  F ield         | OpenFOAM: The Open Source CFD Toolbox
   \\    /   O peration     | Website:  https://openfoam.org
    \\  /    A nd           | Version:  10
     \\/     M anipulation  |
\*---------------------------------------------------------------------------*/
FoamFile
{
    format      ascii;
    class       labelList;
    note        "nPoints: 15621 nCells: 7600 nFaces: 30420 nInternalFaces: 14800";
    location    "constant/polyMesh";
    object      neighbour;
}
// * * * * * * * * * * * * * * * * * * * * * * * * * * * * * * * * * * * * * //


14800
(
1
80
2
81
3
82
4
83
5
84
6
85
7
86
8
87
9
88
10
89
11
90
12
91
13
92
14
93
15
94
16
95
17
96
18
97
19
98
20
99
21
100
22
101
23
102
24
103
25
104
26
105
27
106
28
107
29
108
30
109
31
110
32
111
33
112
34
113
35
114
36
115
37
116
38
117
39
118
40
119
41
120
42
121
43
122
44
123
45
124
46
125
47
126
48
127
49
128
50
129
51
130
52
131
53
132
54
133
55
134
56
135
57
136
58
137
59
138
60
139
61
140
62
141
63
142
64
143
65
144
66
145
67
146
68
147
69
148
70
149
71
150
72
151
73
152
74
153
75
154
76
155
77
156
78
157
79
158
159
1600
81
160
82
161
83
162
84
163
85
164
86
165
87
166
88
167
89
168
90
169
91
170
92
171
93
172
94
173
95
174
96
175
97
176
98
177
99
178
100
179
101
180
102
181
103
182
104
183
105
184
106
185
107
186
108
187
109
188
110
189
111
190
112
191
113
192
114
193
115
194
116
195
117
196
118
197
119
198
120
199
121
200
122
201
123
202
124
203
125
204
126
205
127
206
128
207
129
208
130
209
131
210
132
211
133
212
134
213
135
214
136
215
137
216
138
217
139
218
140
219
141
220
142
221
143
222
144
223
145
224
146
225
147
226
148
227
149
228
150
229
151
230
152
231
153
232
154
233
155
234
156
235
157
236
158
237
159
238
239
1680
161
240
162
241
163
242
164
243
165
244
166
245
167
246
168
247
169
248
170
249
171
250
172
251
173
252
174
253
175
254
176
255
177
256
178
257
179
258
180
259
181
260
182
261
183
262
184
263
185
264
186
265
187
266
188
267
189
268
190
269
191
270
192
271
193
272
194
273
195
274
196
275
197
276
198
277
199
278
200
279
201
280
202
281
203
282
204
283
205
284
206
285
207
286
208
287
209
288
210
289
211
290
212
291
213
292
214
293
215
294
216
295
217
296
218
297
219
298
220
299
221
300
222
301
223
302
224
303
225
304
226
305
227
306
228
307
229
308
230
309
231
310
232
311
233
312
234
313
235
314
236
315
237
316
238
317
239
318
319
1760
241
320
242
321
243
322
244
323
245
324
246
325
247
326
248
327
249
328
250
329
251
330
252
331
253
332
254
333
255
334
256
335
257
336
258
337
259
338
260
339
261
340
262
341
263
342
264
343
265
344
266
345
267
346
268
347
269
348
270
349
271
350
272
351
273
352
274
353
275
354
276
355
277
356
278
357
279
358
280
359
281
360
282
361
283
362
284
363
285
364
286
365
287
366
288
367
289
368
290
369
291
370
292
371
293
372
294
373
295
374
296
375
297
376
298
377
299
378
300
379
301
380
302
381
303
382
304
383
305
384
306
385
307
386
308
387
309
388
310
389
311
390
312
391
313
392
314
393
315
394
316
395
317
396
318
397
319
398
399
1840
321
400
322
401
323
402
324
403
325
404
326
405
327
406
328
407
329
408
330
409
331
410
332
411
333
412
334
413
335
414
336
415
337
416
338
417
339
418
340
419
341
420
342
421
343
422
344
423
345
424
346
425
347
426
348
427
349
428
350
429
351
430
352
431
353
432
354
433
355
434
356
435
357
436
358
437
359
438
360
439
361
440
362
441
363
442
364
443
365
444
366
445
367
446
368
447
369
448
370
449
371
450
372
451
373
452
374
453
375
454
376
455
377
456
378
457
379
458
380
459
381
460
382
461
383
462
384
463
385
464
386
465
387
466
388
467
389
468
390
469
391
470
392
471
393
472
394
473
395
474
396
475
397
476
398
477
399
478
479
1920
401
480
402
481
403
482
404
483
405
484
406
485
407
486
408
487
409
488
410
489
411
490
412
491
413
492
414
493
415
494
416
495
417
496
418
497
419
498
420
499
421
500
422
501
423
502
424
503
425
504
426
505
427
506
428
507
429
508
430
509
431
510
432
511
433
512
434
513
435
514
436
515
437
516
438
517
439
518
440
519
441
520
442
521
443
522
444
523
445
524
446
525
447
526
448
527
449
528
450
529
451
530
452
531
453
532
454
533
455
534
456
535
457
536
458
537
459
538
460
539
461
540
462
541
463
542
464
543
465
544
466
545
467
546
468
547
469
548
470
549
471
550
472
551
473
552
474
553
475
554
476
555
477
556
478
557
479
558
559
2000
481
560
482
561
483
562
484
563
485
564
486
565
487
566
488
567
489
568
490
569
491
570
492
571
493
572
494
573
495
574
496
575
497
576
498
577
499
578
500
579
501
580
502
581
503
582
504
583
505
584
506
585
507
586
508
587
509
588
510
589
511
590
512
591
513
592
514
593
515
594
516
595
517
596
518
597
519
598
520
599
521
600
522
601
523
602
524
603
525
604
526
605
527
606
528
607
529
608
530
609
531
610
532
611
533
612
534
613
535
614
536
615
537
616
538
617
539
618
540
619
541
620
542
621
543
622
544
623
545
624
546
625
547
626
548
627
549
628
550
629
551
630
552
631
553
632
554
633
555
634
556
635
557
636
558
637
559
638
639
2080
561
640
562
641
563
642
564
643
565
644
566
645
567
646
568
647
569
648
570
649
571
650
572
651
573
652
574
653
575
654
576
655
577
656
578
657
579
658
580
659
581
660
582
661
583
662
584
663
585
664
586
665
587
666
588
667
589
668
590
669
591
670
592
671
593
672
594
673
595
674
596
675
597
676
598
677
599
678
600
679
601
680
602
681
603
682
604
683
605
684
606
685
607
686
608
687
609
688
610
689
611
690
612
691
613
692
614
693
615
694
616
695
617
696
618
697
619
698
620
699
621
700
622
701
623
702
624
703
625
704
626
705
627
706
628
707
629
708
630
709
631
710
632
711
633
712
634
713
635
714
636
715
637
716
638
717
639
718
719
2160
641
720
642
721
643
722
644
723
645
724
646
725
647
726
648
727
649
728
650
729
651
730
652
731
653
732
654
733
655
734
656
735
657
736
658
737
659
738
660
739
661
740
662
741
663
742
664
743
665
744
666
745
667
746
668
747
669
748
670
749
671
750
672
751
673
752
674
753
675
754
676
755
677
756
678
757
679
758
680
759
681
760
682
761
683
762
684
763
685
764
686
765
687
766
688
767
689
768
690
769
691
770
692
771
693
772
694
773
695
774
696
775
697
776
698
777
699
778
700
779
701
780
702
781
703
782
704
783
705
784
706
785
707
786
708
787
709
788
710
789
711
790
712
791
713
792
714
793
715
794
716
795
717
796
718
797
719
798
799
2240
721
800
722
801
723
802
724
803
725
804
726
805
727
806
728
807
729
808
730
809
731
810
732
811
733
812
734
813
735
814
736
815
737
816
738
817
739
818
740
819
741
820
742
821
743
822
744
823
745
824
746
825
747
826
748
827
749
828
750
829
751
830
752
831
753
832
754
833
755
834
756
835
757
836
758
837
759
838
760
839
761
840
762
841
763
842
764
843
765
844
766
845
767
846
768
847
769
848
770
849
771
850
772
851
773
852
774
853
775
854
776
855
777
856
778
857
779
858
780
859
781
860
782
861
783
862
784
863
785
864
786
865
787
866
788
867
789
868
790
869
791
870
792
871
793
872
794
873
795
874
796
875
797
876
798
877
799
878
879
2320
801
880
802
881
803
882
804
883
805
884
806
885
807
886
808
887
809
888
810
889
811
890
812
891
813
892
814
893
815
894
816
895
817
896
818
897
819
898
820
899
821
900
822
901
823
902
824
903
825
904
826
905
827
906
828
907
829
908
830
909
831
910
832
911
833
912
834
913
835
914
836
915
837
916
838
917
839
918
840
919
841
920
842
921
843
922
844
923
845
924
846
925
847
926
848
927
849
928
850
929
851
930
852
931
853
932
854
933
855
934
856
935
857
936
858
937
859
938
860
939
861
940
862
941
863
942
864
943
865
944
866
945
867
946
868
947
869
948
870
949
871
950
872
951
873
952
874
953
875
954
876
955
877
956
878
957
879
958
959
2400
881
960
882
961
883
962
884
963
885
964
886
965
887
966
888
967
889
968
890
969
891
970
892
971
893
972
894
973
895
974
896
975
897
976
898
977
899
978
900
979
901
980
902
981
903
982
904
983
905
984
906
985
907
986
908
987
909
988
910
989
911
990
912
991
913
992
914
993
915
994
916
995
917
996
918
997
919
998
920
999
921
1000
922
1001
923
1002
924
1003
925
1004
926
1005
927
1006
928
1007
929
1008
930
1009
931
1010
932
1011
933
1012
934
1013
935
1014
936
1015
937
1016
938
1017
939
1018
940
1019
941
1020
942
1021
943
1022
944
1023
945
1024
946
1025
947
1026
948
1027
949
1028
950
1029
951
1030
952
1031
953
1032
954
1033
955
1034
956
1035
957
1036
958
1037
959
1038
1039
2480
961
1040
962
1041
963
1042
964
1043
965
1044
966
1045
967
1046
968
1047
969
1048
970
1049
971
1050
972
1051
973
1052
974
1053
975
1054
976
1055
977
1056
978
1057
979
1058
980
1059
981
1060
982
1061
983
1062
984
1063
985
1064
986
1065
987
1066
988
1067
989
1068
990
1069
991
1070
992
1071
993
1072
994
1073
995
1074
996
1075
997
1076
998
1077
999
1078
1000
1079
1001
1080
1002
1081
1003
1082
1004
1083
1005
1084
1006
1085
1007
1086
1008
1087
1009
1088
1010
1089
1011
1090
1012
1091
1013
1092
1014
1093
1015
1094
1016
1095
1017
1096
1018
1097
1019
1098
1020
1099
1021
1100
1022
1101
1023
1102
1024
1103
1025
1104
1026
1105
1027
1106
1028
1107
1029
1108
1030
1109
1031
1110
1032
1111
1033
1112
1034
1113
1035
1114
1036
1115
1037
1116
1038
1117
1039
1118
1119
2560
1041
1120
1042
1121
1043
1122
1044
1123
1045
1124
1046
1125
1047
1126
1048
1127
1049
1128
1050
1129
1051
1130
1052
1131
1053
1132
1054
1133
1055
1134
1056
1135
1057
1136
1058
1137
1059
1138
1060
1139
1061
1140
1062
1141
1063
1142
1064
1143
1065
1144
1066
1145
1067
1146
1068
1147
1069
1148
1070
1149
1071
1150
1072
1151
1073
1152
1074
1153
1075
1154
1076
1155
1077
1156
1078
1157
1079
1158
1080
1159
1081
1160
1082
1161
1083
1162
1084
1163
1085
1164
1086
1165
1087
1166
1088
1167
1089
1168
1090
1169
1091
1170
1092
1171
1093
1172
1094
1173
1095
1174
1096
1175
1097
1176
1098
1177
1099
1178
1100
1179
1101
1180
1102
1181
1103
1182
1104
1183
1105
1184
1106
1185
1107
1186
1108
1187
1109
1188
1110
1189
1111
1190
1112
1191
1113
1192
1114
1193
1115
1194
1116
1195
1117
1196
1118
1197
1119
1198
1199
2640
1121
1200
1122
1201
1123
1202
1124
1203
1125
1204
1126
1205
1127
1206
1128
1207
1129
1208
1130
1209
1131
1210
1132
1211
1133
1212
1134
1213
1135
1214
1136
1215
1137
1216
1138
1217
1139
1218
1140
1219
1141
1220
1142
1221
1143
1222
1144
1223
1145
1224
1146
1225
1147
1226
1148
1227
1149
1228
1150
1229
1151
1230
1152
1231
1153
1232
1154
1233
1155
1234
1156
1235
1157
1236
1158
1237
1159
1238
1160
1239
1161
1240
1162
1241
1163
1242
1164
1243
1165
1244
1166
1245
1167
1246
1168
1247
1169
1248
1170
1249
1171
1250
1172
1251
1173
1252
1174
1253
1175
1254
1176
1255
1177
1256
1178
1257
1179
1258
1180
1259
1181
1260
1182
1261
1183
1262
1184
1263
1185
1264
1186
1265
1187
1266
1188
1267
1189
1268
1190
1269
1191
1270
1192
1271
1193
1272
1194
1273
1195
1274
1196
1275
1197
1276
1198
1277
1199
1278
1279
2720
1201
1280
1202
1281
1203
1282
1204
1283
1205
1284
1206
1285
1207
1286
1208
1287
1209
1288
1210
1289
1211
1290
1212
1291
1213
1292
1214
1293
1215
1294
1216
1295
1217
1296
1218
1297
1219
1298
1220
1299
1221
1300
1222
1301
1223
1302
1224
1303
1225
1304
1226
1305
1227
1306
1228
1307
1229
1308
1230
1309
1231
1310
1232
1311
1233
1312
1234
1313
1235
1314
1236
1315
1237
1316
1238
1317
1239
1318
1240
1319
1241
1320
1242
1321
1243
1322
1244
1323
1245
1324
1246
1325
1247
1326
1248
1327
1249
1328
1250
1329
1251
1330
1252
1331
1253
1332
1254
1333
1255
1334
1256
1335
1257
1336
1258
1337
1259
1338
1260
1339
1261
1340
1262
1341
1263
1342
1264
1343
1265
1344
1266
1345
1267
1346
1268
1347
1269
1348
1270
1349
1271
1350
1272
1351
1273
1352
1274
1353
1275
1354
1276
1355
1277
1356
1278
1357
1279
1358
1359
2800
1281
1360
1282
1361
1283
1362
1284
1363
1285
1364
1286
1365
1287
1366
1288
1367
1289
1368
1290
1369
1291
1370
1292
1371
1293
1372
1294
1373
1295
1374
1296
1375
1297
1376
1298
1377
1299
1378
1300
1379
1301
1380
1302
1381
1303
1382
1304
1383
1305
1384
1306
1385
1307
1386
1308
1387
1309
1388
1310
1389
1311
1390
1312
1391
1313
1392
1314
1393
1315
1394
1316
1395
1317
1396
1318
1397
1319
1398
1320
1399
1321
1400
1322
1401
1323
1402
1324
1403
1325
1404
1326
1405
1327
1406
1328
1407
1329
1408
1330
1409
1331
1410
1332
1411
1333
1412
1334
1413
1335
1414
1336
1415
1337
1416
1338
1417
1339
1418
1340
1419
1341
1420
1342
1421
1343
1422
1344
1423
1345
1424
1346
1425
1347
1426
1348
1427
1349
1428
1350
1429
1351
1430
1352
1431
1353
1432
1354
1433
1355
1434
1356
1435
1357
1436
1358
1437
1359
1438
1439
2880
1361
1440
1362
1441
1363
1442
1364
1443
1365
1444
1366
1445
1367
1446
1368
1447
1369
1448
1370
1449
1371
1450
1372
1451
1373
1452
1374
1453
1375
1454
1376
1455
1377
1456
1378
1457
1379
1458
1380
1459
1381
1460
1382
1461
1383
1462
1384
1463
1385
1464
1386
1465
1387
1466
1388
1467
1389
1468
1390
1469
1391
1470
1392
1471
1393
1472
1394
1473
1395
1474
1396
1475
1397
1476
1398
1477
1399
1478
1400
1479
1401
1480
1402
1481
1403
1482
1404
1483
1405
1484
1406
1485
1407
1486
1408
1487
1409
1488
1410
1489
1411
1490
1412
1491
1413
1492
1414
1493
1415
1494
1416
1495
1417
1496
1418
1497
1419
1498
1420
1499
1421
1500
1422
1501
1423
1502
1424
1503
1425
1504
1426
1505
1427
1506
1428
1507
1429
1508
1430
1509
1431
1510
1432
1511
1433
1512
1434
1513
1435
1514
1436
1515
1437
1516
1438
1517
1439
1518
1519
2960
1441
1520
1442
1521
1443
1522
1444
1523
1445
1524
1446
1525
1447
1526
1448
1527
1449
1528
1450
1529
1451
1530
1452
1531
1453
1532
1454
1533
1455
1534
1456
1535
1457
1536
1458
1537
1459
1538
1460
1539
1461
1540
1462
1541
1463
1542
1464
1543
1465
1544
1466
1545
1467
1546
1468
1547
1469
1548
1470
1549
1471
1550
1472
1551
1473
1552
1474
1553
1475
1554
1476
1555
1477
1556
1478
1557
1479
1558
1480
1559
1481
1560
1482
1561
1483
1562
1484
1563
1485
1564
1486
1565
1487
1566
1488
1567
1489
1568
1490
1569
1491
1570
1492
1571
1493
1572
1494
1573
1495
1574
1496
1575
1497
1576
1498
1577
1499
1578
1500
1579
1501
1580
1502
1581
1503
1582
1504
1583
1505
1584
1506
1585
1507
1586
1508
1587
1509
1588
1510
1589
1511
1590
1512
1591
1513
1592
1514
1593
1515
1594
1516
1595
1517
1596
1518
1597
1519
1598
1599
3040
1521
1522
1523
1524
1525
1526
1527
1528
1529
1530
1531
1532
1533
1534
1535
1536
1537
1538
1539
1540
1541
1542
1543
1544
1545
1546
1547
1548
1549
1550
1551
1552
1553
1554
1555
1556
1557
1558
1559
1560
1561
1562
1563
1564
1565
1566
1567
1568
1569
1570
1571
1572
1573
1574
1575
1576
1577
1578
1579
1580
1581
1582
1583
1584
1585
1586
1587
1588
1589
1590
1591
1592
1593
1594
1595
1596
1597
1598
1599
3120
1601
1680
1602
1681
1603
1682
1604
1683
1605
1684
1606
1685
1607
1686
1608
1687
1609
1688
1610
1689
1611
1690
1612
1691
1613
1692
1614
1693
1615
1694
1616
1695
1617
1696
1618
1697
1619
1698
1620
1699
1621
1700
1622
1701
1623
1702
1624
1703
1625
1704
1626
1705
1627
1706
1628
1707
1629
1708
1630
1709
1631
1710
1632
1711
1633
1712
1634
1713
1635
1714
1636
1715
1637
1716
1638
1717
1639
1718
1640
1719
1641
1720
1642
1721
1643
1722
1644
1723
1645
1724
1646
1725
1647
1726
1648
1727
1649
1728
1650
1729
1651
1730
1652
1731
1653
1732
1654
1733
1655
1734
1656
1735
1657
1736
1658
1737
1659
1738
1660
1739
1661
1740
1662
1741
1663
1742
1664
1743
1665
1744
1666
1745
1667
1746
1668
1747
1669
1748
1670
1749
1671
1750
1672
1751
1673
1752
1674
1753
1675
1754
1676
1755
1677
1756
1678
1757
1679
1758
1759
3200
1681
1760
1682
1761
1683
1762
1684
1763
1685
1764
1686
1765
1687
1766
1688
1767
1689
1768
1690
1769
1691
1770
1692
1771
1693
1772
1694
1773
1695
1774
1696
1775
1697
1776
1698
1777
1699
1778
1700
1779
1701
1780
1702
1781
1703
1782
1704
1783
1705
1784
1706
1785
1707
1786
1708
1787
1709
1788
1710
1789
1711
1790
1712
1791
1713
1792
1714
1793
1715
1794
1716
1795
1717
1796
1718
1797
1719
1798
1720
1799
1721
1800
1722
1801
1723
1802
1724
1803
1725
1804
1726
1805
1727
1806
1728
1807
1729
1808
1730
1809
1731
1810
1732
1811
1733
1812
1734
1813
1735
1814
1736
1815
1737
1816
1738
1817
1739
1818
1740
1819
1741
1820
1742
1821
1743
1822
1744
1823
1745
1824
1746
1825
1747
1826
1748
1827
1749
1828
1750
1829
1751
1830
1752
1831
1753
1832
1754
1833
1755
1834
1756
1835
1757
1836
1758
1837
1759
1838
1839
3220
1761
1840
1762
1841
1763
1842
1764
1843
1765
1844
1766
1845
1767
1846
1768
1847
1769
1848
1770
1849
1771
1850
1772
1851
1773
1852
1774
1853
1775
1854
1776
1855
1777
1856
1778
1857
1779
1858
1780
1859
1781
1860
1782
1861
1783
1862
1784
1863
1785
1864
1786
1865
1787
1866
1788
1867
1789
1868
1790
1869
1791
1870
1792
1871
1793
1872
1794
1873
1795
1874
1796
1875
1797
1876
1798
1877
1799
1878
1800
1879
1801
1880
1802
1881
1803
1882
1804
1883
1805
1884
1806
1885
1807
1886
1808
1887
1809
1888
1810
1889
1811
1890
1812
1891
1813
1892
1814
1893
1815
1894
1816
1895
1817
1896
1818
1897
1819
1898
1820
1899
1821
1900
1822
1901
1823
1902
1824
1903
1825
1904
1826
1905
1827
1906
1828
1907
1829
1908
1830
1909
1831
1910
1832
1911
1833
1912
1834
1913
1835
1914
1836
1915
1837
1916
1838
1917
1839
1918
1919
3240
1841
1920
1842
1921
1843
1922
1844
1923
1845
1924
1846
1925
1847
1926
1848
1927
1849
1928
1850
1929
1851
1930
1852
1931
1853
1932
1854
1933
1855
1934
1856
1935
1857
1936
1858
1937
1859
1938
1860
1939
1861
1940
1862
1941
1863
1942
1864
1943
1865
1944
1866
1945
1867
1946
1868
1947
1869
1948
1870
1949
1871
1950
1872
1951
1873
1952
1874
1953
1875
1954
1876
1955
1877
1956
1878
1957
1879
1958
1880
1959
1881
1960
1882
1961
1883
1962
1884
1963
1885
1964
1886
1965
1887
1966
1888
1967
1889
1968
1890
1969
1891
1970
1892
1971
1893
1972
1894
1973
1895
1974
1896
1975
1897
1976
1898
1977
1899
1978
1900
1979
1901
1980
1902
1981
1903
1982
1904
1983
1905
1984
1906
1985
1907
1986
1908
1987
1909
1988
1910
1989
1911
1990
1912
1991
1913
1992
1914
1993
1915
1994
1916
1995
1917
1996
1918
1997
1919
1998
1999
3260
1921
2000
1922
2001
1923
2002
1924
2003
1925
2004
1926
2005
1927
2006
1928
2007
1929
2008
1930
2009
1931
2010
1932
2011
1933
2012
1934
2013
1935
2014
1936
2015
1937
2016
1938
2017
1939
2018
1940
2019
1941
2020
1942
2021
1943
2022
1944
2023
1945
2024
1946
2025
1947
2026
1948
2027
1949
2028
1950
2029
1951
2030
1952
2031
1953
2032
1954
2033
1955
2034
1956
2035
1957
2036
1958
2037
1959
2038
1960
2039
1961
2040
1962
2041
1963
2042
1964
2043
1965
2044
1966
2045
1967
2046
1968
2047
1969
2048
1970
2049
1971
2050
1972
2051
1973
2052
1974
2053
1975
2054
1976
2055
1977
2056
1978
2057
1979
2058
1980
2059
1981
2060
1982
2061
1983
2062
1984
2063
1985
2064
1986
2065
1987
2066
1988
2067
1989
2068
1990
2069
1991
2070
1992
2071
1993
2072
1994
2073
1995
2074
1996
2075
1997
2076
1998
2077
1999
2078
2079
3280
2001
2080
2002
2081
2003
2082
2004
2083
2005
2084
2006
2085
2007
2086
2008
2087
2009
2088
2010
2089
2011
2090
2012
2091
2013
2092
2014
2093
2015
2094
2016
2095
2017
2096
2018
2097
2019
2098
2020
2099
2021
2100
2022
2101
2023
2102
2024
2103
2025
2104
2026
2105
2027
2106
2028
2107
2029
2108
2030
2109
2031
2110
2032
2111
2033
2112
2034
2113
2035
2114
2036
2115
2037
2116
2038
2117
2039
2118
2040
2119
2041
2120
2042
2121
2043
2122
2044
2123
2045
2124
2046
2125
2047
2126
2048
2127
2049
2128
2050
2129
2051
2130
2052
2131
2053
2132
2054
2133
2055
2134
2056
2135
2057
2136
2058
2137
2059
2138
2060
2139
2061
2140
2062
2141
2063
2142
2064
2143
2065
2144
2066
2145
2067
2146
2068
2147
2069
2148
2070
2149
2071
2150
2072
2151
2073
2152
2074
2153
2075
2154
2076
2155
2077
2156
2078
2157
2079
2158
2159
3300
2081
2160
2082
2161
2083
2162
2084
2163
2085
2164
2086
2165
2087
2166
2088
2167
2089
2168
2090
2169
2091
2170
2092
2171
2093
2172
2094
2173
2095
2174
2096
2175
2097
2176
2098
2177
2099
2178
2100
2179
2101
2180
2102
2181
2103
2182
2104
2183
2105
2184
2106
2185
2107
2186
2108
2187
2109
2188
2110
2189
2111
2190
2112
2191
2113
2192
2114
2193
2115
2194
2116
2195
2117
2196
2118
2197
2119
2198
2120
2199
2121
2200
2122
2201
2123
2202
2124
2203
2125
2204
2126
2205
2127
2206
2128
2207
2129
2208
2130
2209
2131
2210
2132
2211
2133
2212
2134
2213
2135
2214
2136
2215
2137
2216
2138
2217
2139
2218
2140
2219
2141
2220
2142
2221
2143
2222
2144
2223
2145
2224
2146
2225
2147
2226
2148
2227
2149
2228
2150
2229
2151
2230
2152
2231
2153
2232
2154
2233
2155
2234
2156
2235
2157
2236
2158
2237
2159
2238
2239
3320
2161
2240
2162
2241
2163
2242
2164
2243
2165
2244
2166
2245
2167
2246
2168
2247
2169
2248
2170
2249
2171
2250
2172
2251
2173
2252
2174
2253
2175
2254
2176
2255
2177
2256
2178
2257
2179
2258
2180
2259
2181
2260
2182
2261
2183
2262
2184
2263
2185
2264
2186
2265
2187
2266
2188
2267
2189
2268
2190
2269
2191
2270
2192
2271
2193
2272
2194
2273
2195
2274
2196
2275
2197
2276
2198
2277
2199
2278
2200
2279
2201
2280
2202
2281
2203
2282
2204
2283
2205
2284
2206
2285
2207
2286
2208
2287
2209
2288
2210
2289
2211
2290
2212
2291
2213
2292
2214
2293
2215
2294
2216
2295
2217
2296
2218
2297
2219
2298
2220
2299
2221
2300
2222
2301
2223
2302
2224
2303
2225
2304
2226
2305
2227
2306
2228
2307
2229
2308
2230
2309
2231
2310
2232
2311
2233
2312
2234
2313
2235
2314
2236
2315
2237
2316
2238
2317
2239
2318
2319
3340
2241
2320
2242
2321
2243
2322
2244
2323
2245
2324
2246
2325
2247
2326
2248
2327
2249
2328
2250
2329
2251
2330
2252
2331
2253
2332
2254
2333
2255
2334
2256
2335
2257
2336
2258
2337
2259
2338
2260
2339
2261
2340
2262
2341
2263
2342
2264
2343
2265
2344
2266
2345
2267
2346
2268
2347
2269
2348
2270
2349
2271
2350
2272
2351
2273
2352
2274
2353
2275
2354
2276
2355
2277
2356
2278
2357
2279
2358
2280
2359
2281
2360
2282
2361
2283
2362
2284
2363
2285
2364
2286
2365
2287
2366
2288
2367
2289
2368
2290
2369
2291
2370
2292
2371
2293
2372
2294
2373
2295
2374
2296
2375
2297
2376
2298
2377
2299
2378
2300
2379
2301
2380
2302
2381
2303
2382
2304
2383
2305
2384
2306
2385
2307
2386
2308
2387
2309
2388
2310
2389
2311
2390
2312
2391
2313
2392
2314
2393
2315
2394
2316
2395
2317
2396
2318
2397
2319
2398
2399
3360
2321
2400
2322
2401
2323
2402
2324
2403
2325
2404
2326
2405
2327
2406
2328
2407
2329
2408
2330
2409
2331
2410
2332
2411
2333
2412
2334
2413
2335
2414
2336
2415
2337
2416
2338
2417
2339
2418
2340
2419
2341
2420
2342
2421
2343
2422
2344
2423
2345
2424
2346
2425
2347
2426
2348
2427
2349
2428
2350
2429
2351
2430
2352
2431
2353
2432
2354
2433
2355
2434
2356
2435
2357
2436
2358
2437
2359
2438
2360
2439
2361
2440
2362
2441
2363
2442
2364
2443
2365
2444
2366
2445
2367
2446
2368
2447
2369
2448
2370
2449
2371
2450
2372
2451
2373
2452
2374
2453
2375
2454
2376
2455
2377
2456
2378
2457
2379
2458
2380
2459
2381
2460
2382
2461
2383
2462
2384
2463
2385
2464
2386
2465
2387
2466
2388
2467
2389
2468
2390
2469
2391
2470
2392
2471
2393
2472
2394
2473
2395
2474
2396
2475
2397
2476
2398
2477
2399
2478
2479
3380
2401
2480
2402
2481
2403
2482
2404
2483
2405
2484
2406
2485
2407
2486
2408
2487
2409
2488
2410
2489
2411
2490
2412
2491
2413
2492
2414
2493
2415
2494
2416
2495
2417
2496
2418
2497
2419
2498
2420
2499
2421
2500
2422
2501
2423
2502
2424
2503
2425
2504
2426
2505
2427
2506
2428
2507
2429
2508
2430
2509
2431
2510
2432
2511
2433
2512
2434
2513
2435
2514
2436
2515
2437
2516
2438
2517
2439
2518
2440
2519
2441
2520
2442
2521
2443
2522
2444
2523
2445
2524
2446
2525
2447
2526
2448
2527
2449
2528
2450
2529
2451
2530
2452
2531
2453
2532
2454
2533
2455
2534
2456
2535
2457
2536
2458
2537
2459
2538
2460
2539
2461
2540
2462
2541
2463
2542
2464
2543
2465
2544
2466
2545
2467
2546
2468
2547
2469
2548
2470
2549
2471
2550
2472
2551
2473
2552
2474
2553
2475
2554
2476
2555
2477
2556
2478
2557
2479
2558
2559
3400
2481
2560
2482
2561
2483
2562
2484
2563
2485
2564
2486
2565
2487
2566
2488
2567
2489
2568
2490
2569
2491
2570
2492
2571
2493
2572
2494
2573
2495
2574
2496
2575
2497
2576
2498
2577
2499
2578
2500
2579
2501
2580
2502
2581
2503
2582
2504
2583
2505
2584
2506
2585
2507
2586
2508
2587
2509
2588
2510
2589
2511
2590
2512
2591
2513
2592
2514
2593
2515
2594
2516
2595
2517
2596
2518
2597
2519
2598
2520
2599
2521
2600
2522
2601
2523
2602
2524
2603
2525
2604
2526
2605
2527
2606
2528
2607
2529
2608
2530
2609
2531
2610
2532
2611
2533
2612
2534
2613
2535
2614
2536
2615
2537
2616
2538
2617
2539
2618
2540
2619
2541
2620
2542
2621
2543
2622
2544
2623
2545
2624
2546
2625
2547
2626
2548
2627
2549
2628
2550
2629
2551
2630
2552
2631
2553
2632
2554
2633
2555
2634
2556
2635
2557
2636
2558
2637
2559
2638
2639
3420
2561
2640
2562
2641
2563
2642
2564
2643
2565
2644
2566
2645
2567
2646
2568
2647
2569
2648
2570
2649
2571
2650
2572
2651
2573
2652
2574
2653
2575
2654
2576
2655
2577
2656
2578
2657
2579
2658
2580
2659
2581
2660
2582
2661
2583
2662
2584
2663
2585
2664
2586
2665
2587
2666
2588
2667
2589
2668
2590
2669
2591
2670
2592
2671
2593
2672
2594
2673
2595
2674
2596
2675
2597
2676
2598
2677
2599
2678
2600
2679
2601
2680
2602
2681
2603
2682
2604
2683
2605
2684
2606
2685
2607
2686
2608
2687
2609
2688
2610
2689
2611
2690
2612
2691
2613
2692
2614
2693
2615
2694
2616
2695
2617
2696
2618
2697
2619
2698
2620
2699
2621
2700
2622
2701
2623
2702
2624
2703
2625
2704
2626
2705
2627
2706
2628
2707
2629
2708
2630
2709
2631
2710
2632
2711
2633
2712
2634
2713
2635
2714
2636
2715
2637
2716
2638
2717
2639
2718
2719
3440
2641
2720
2642
2721
2643
2722
2644
2723
2645
2724
2646
2725
2647
2726
2648
2727
2649
2728
2650
2729
2651
2730
2652
2731
2653
2732
2654
2733
2655
2734
2656
2735
2657
2736
2658
2737
2659
2738
2660
2739
2661
2740
2662
2741
2663
2742
2664
2743
2665
2744
2666
2745
2667
2746
2668
2747
2669
2748
2670
2749
2671
2750
2672
2751
2673
2752
2674
2753
2675
2754
2676
2755
2677
2756
2678
2757
2679
2758
2680
2759
2681
2760
2682
2761
2683
2762
2684
2763
2685
2764
2686
2765
2687
2766
2688
2767
2689
2768
2690
2769
2691
2770
2692
2771
2693
2772
2694
2773
2695
2774
2696
2775
2697
2776
2698
2777
2699
2778
2700
2779
2701
2780
2702
2781
2703
2782
2704
2783
2705
2784
2706
2785
2707
2786
2708
2787
2709
2788
2710
2789
2711
2790
2712
2791
2713
2792
2714
2793
2715
2794
2716
2795
2717
2796
2718
2797
2719
2798
2799
3460
2721
2800
2722
2801
2723
2802
2724
2803
2725
2804
2726
2805
2727
2806
2728
2807
2729
2808
2730
2809
2731
2810
2732
2811
2733
2812
2734
2813
2735
2814
2736
2815
2737
2816
2738
2817
2739
2818
2740
2819
2741
2820
2742
2821
2743
2822
2744
2823
2745
2824
2746
2825
2747
2826
2748
2827
2749
2828
2750
2829
2751
2830
2752
2831
2753
2832
2754
2833
2755
2834
2756
2835
2757
2836
2758
2837
2759
2838
2760
2839
2761
2840
2762
2841
2763
2842
2764
2843
2765
2844
2766
2845
2767
2846
2768
2847
2769
2848
2770
2849
2771
2850
2772
2851
2773
2852
2774
2853
2775
2854
2776
2855
2777
2856
2778
2857
2779
2858
2780
2859
2781
2860
2782
2861
2783
2862
2784
2863
2785
2864
2786
2865
2787
2866
2788
2867
2789
2868
2790
2869
2791
2870
2792
2871
2793
2872
2794
2873
2795
2874
2796
2875
2797
2876
2798
2877
2799
2878
2879
3480
2801
2880
2802
2881
2803
2882
2804
2883
2805
2884
2806
2885
2807
2886
2808
2887
2809
2888
2810
2889
2811
2890
2812
2891
2813
2892
2814
2893
2815
2894
2816
2895
2817
2896
2818
2897
2819
2898
2820
2899
2821
2900
2822
2901
2823
2902
2824
2903
2825
2904
2826
2905
2827
2906
2828
2907
2829
2908
2830
2909
2831
2910
2832
2911
2833
2912
2834
2913
2835
2914
2836
2915
2837
2916
2838
2917
2839
2918
2840
2919
2841
2920
2842
2921
2843
2922
2844
2923
2845
2924
2846
2925
2847
2926
2848
2927
2849
2928
2850
2929
2851
2930
2852
2931
2853
2932
2854
2933
2855
2934
2856
2935
2857
2936
2858
2937
2859
2938
2860
2939
2861
2940
2862
2941
2863
2942
2864
2943
2865
2944
2866
2945
2867
2946
2868
2947
2869
2948
2870
2949
2871
2950
2872
2951
2873
2952
2874
2953
2875
2954
2876
2955
2877
2956
2878
2957
2879
2958
2959
3500
2881
2960
2882
2961
2883
2962
2884
2963
2885
2964
2886
2965
2887
2966
2888
2967
2889
2968
2890
2969
2891
2970
2892
2971
2893
2972
2894
2973
2895
2974
2896
2975
2897
2976
2898
2977
2899
2978
2900
2979
2901
2980
2902
2981
2903
2982
2904
2983
2905
2984
2906
2985
2907
2986
2908
2987
2909
2988
2910
2989
2911
2990
2912
2991
2913
2992
2914
2993
2915
2994
2916
2995
2917
2996
2918
2997
2919
2998
2920
2999
2921
3000
2922
3001
2923
3002
2924
3003
2925
3004
2926
3005
2927
3006
2928
3007
2929
3008
2930
3009
2931
3010
2932
3011
2933
3012
2934
3013
2935
3014
2936
3015
2937
3016
2938
3017
2939
3018
2940
3019
2941
3020
2942
3021
2943
3022
2944
3023
2945
3024
2946
3025
2947
3026
2948
3027
2949
3028
2950
3029
2951
3030
2952
3031
2953
3032
2954
3033
2955
3034
2956
3035
2957
3036
2958
3037
2959
3038
3039
3520
2961
3040
2962
3041
2963
3042
2964
3043
2965
3044
2966
3045
2967
3046
2968
3047
2969
3048
2970
3049
2971
3050
2972
3051
2973
3052
2974
3053
2975
3054
2976
3055
2977
3056
2978
3057
2979
3058
2980
3059
2981
3060
2982
3061
2983
3062
2984
3063
2985
3064
2986
3065
2987
3066
2988
3067
2989
3068
2990
3069
2991
3070
2992
3071
2993
3072
2994
3073
2995
3074
2996
3075
2997
3076
2998
3077
2999
3078
3000
3079
3001
3080
3002
3081
3003
3082
3004
3083
3005
3084
3006
3085
3007
3086
3008
3087
3009
3088
3010
3089
3011
3090
3012
3091
3013
3092
3014
3093
3015
3094
3016
3095
3017
3096
3018
3097
3019
3098
3020
3099
3021
3100
3022
3101
3023
3102
3024
3103
3025
3104
3026
3105
3027
3106
3028
3107
3029
3108
3030
3109
3031
3110
3032
3111
3033
3112
3034
3113
3035
3114
3036
3115
3037
3116
3038
3117
3039
3118
3119
3540
3041
3120
3042
3121
3043
3122
3044
3123
3045
3124
3046
3125
3047
3126
3048
3127
3049
3128
3050
3129
3051
3130
3052
3131
3053
3132
3054
3133
3055
3134
3056
3135
3057
3136
3058
3137
3059
3138
3060
3139
3061
3140
3062
3141
3063
3142
3064
3143
3065
3144
3066
3145
3067
3146
3068
3147
3069
3148
3070
3149
3071
3150
3072
3151
3073
3152
3074
3153
3075
3154
3076
3155
3077
3156
3078
3157
3079
3158
3080
3159
3081
3160
3082
3161
3083
3162
3084
3163
3085
3164
3086
3165
3087
3166
3088
3167
3089
3168
3090
3169
3091
3170
3092
3171
3093
3172
3094
3173
3095
3174
3096
3175
3097
3176
3098
3177
3099
3178
3100
3179
3101
3180
3102
3181
3103
3182
3104
3183
3105
3184
3106
3185
3107
3186
3108
3187
3109
3188
3110
3189
3111
3190
3112
3191
3113
3192
3114
3193
3115
3194
3116
3195
3117
3196
3118
3197
3119
3198
3199
3560
3121
3122
3123
3124
3125
3126
3127
3128
3129
3130
3131
3132
3133
3134
3135
3136
3137
3138
3139
3140
3141
3142
3143
3144
3145
3146
3147
3148
3149
3150
3151
3152
3153
3154
3155
3156
3157
3158
3159
3160
3161
3162
3163
3164
3165
3166
3167
3168
3169
3170
3171
3172
3173
3174
3175
3176
3177
3178
3179
3180
3181
3182
3183
3184
3185
3186
3187
3188
3189
3190
3191
3192
3193
3194
3195
3196
3197
3198
3199
3580
3201
3220
3202
3221
3203
3222
3204
3223
3205
3224
3206
3225
3207
3226
3208
3227
3209
3228
3210
3229
3211
3230
3212
3231
3213
3232
3214
3233
3215
3234
3216
3235
3217
3236
3218
3237
3219
3238
3239
3600
3221
3240
3222
3241
3223
3242
3224
3243
3225
3244
3226
3245
3227
3246
3228
3247
3229
3248
3230
3249
3231
3250
3232
3251
3233
3252
3234
3253
3235
3254
3236
3255
3237
3256
3238
3257
3239
3258
3259
3800
3241
3260
3242
3261
3243
3262
3244
3263
3245
3264
3246
3265
3247
3266
3248
3267
3249
3268
3250
3269
3251
3270
3252
3271
3253
3272
3254
3273
3255
3274
3256
3275
3257
3276
3258
3277
3259
3278
3279
4000
3261
3280
3262
3281
3263
3282
3264
3283
3265
3284
3266
3285
3267
3286
3268
3287
3269
3288
3270
3289
3271
3290
3272
3291
3273
3292
3274
3293
3275
3294
3276
3295
3277
3296
3278
3297
3279
3298
3299
4200
3281
3300
3282
3301
3283
3302
3284
3303
3285
3304
3286
3305
3287
3306
3288
3307
3289
3308
3290
3309
3291
3310
3292
3311
3293
3312
3294
3313
3295
3314
3296
3315
3297
3316
3298
3317
3299
3318
3319
4400
3301
3320
3302
3321
3303
3322
3304
3323
3305
3324
3306
3325
3307
3326
3308
3327
3309
3328
3310
3329
3311
3330
3312
3331
3313
3332
3314
3333
3315
3334
3316
3335
3317
3336
3318
3337
3319
3338
3339
4600
3321
3340
3322
3341
3323
3342
3324
3343
3325
3344
3326
3345
3327
3346
3328
3347
3329
3348
3330
3349
3331
3350
3332
3351
3333
3352
3334
3353
3335
3354
3336
3355
3337
3356
3338
3357
3339
3358
3359
4800
3341
3360
3342
3361
3343
3362
3344
3363
3345
3364
3346
3365
3347
3366
3348
3367
3349
3368
3350
3369
3351
3370
3352
3371
3353
3372
3354
3373
3355
3374
3356
3375
3357
3376
3358
3377
3359
3378
3379
5000
3361
3380
3362
3381
3363
3382
3364
3383
3365
3384
3366
3385
3367
3386
3368
3387
3369
3388
3370
3389
3371
3390
3372
3391
3373
3392
3374
3393
3375
3394
3376
3395
3377
3396
3378
3397
3379
3398
3399
5200
3381
3400
3382
3401
3383
3402
3384
3403
3385
3404
3386
3405
3387
3406
3388
3407
3389
3408
3390
3409
3391
3410
3392
3411
3393
3412
3394
3413
3395
3414
3396
3415
3397
3416
3398
3417
3399
3418
3419
5400
3401
3420
3402
3421
3403
3422
3404
3423
3405
3424
3406
3425
3407
3426
3408
3427
3409
3428
3410
3429
3411
3430
3412
3431
3413
3432
3414
3433
3415
3434
3416
3435
3417
3436
3418
3437
3419
3438
3439
5600
3421
3440
3422
3441
3423
3442
3424
3443
3425
3444
3426
3445
3427
3446
3428
3447
3429
3448
3430
3449
3431
3450
3432
3451
3433
3452
3434
3453
3435
3454
3436
3455
3437
3456
3438
3457
3439
3458
3459
5800
3441
3460
3442
3461
3443
3462
3444
3463
3445
3464
3446
3465
3447
3466
3448
3467
3449
3468
3450
3469
3451
3470
3452
3471
3453
3472
3454
3473
3455
3474
3456
3475
3457
3476
3458
3477
3459
3478
3479
6000
3461
3480
3462
3481
3463
3482
3464
3483
3465
3484
3466
3485
3467
3486
3468
3487
3469
3488
3470
3489
3471
3490
3472
3491
3473
3492
3474
3493
3475
3494
3476
3495
3477
3496
3478
3497
3479
3498
3499
6200
3481
3500
3482
3501
3483
3502
3484
3503
3485
3504
3486
3505
3487
3506
3488
3507
3489
3508
3490
3509
3491
3510
3492
3511
3493
3512
3494
3513
3495
3514
3496
3515
3497
3516
3498
3517
3499
3518
3519
6400
3501
3520
3502
3521
3503
3522
3504
3523
3505
3524
3506
3525
3507
3526
3508
3527
3509
3528
3510
3529
3511
3530
3512
3531
3513
3532
3514
3533
3515
3534
3516
3535
3517
3536
3518
3537
3519
3538
3539
6600
3521
3540
3522
3541
3523
3542
3524
3543
3525
3544
3526
3545
3527
3546
3528
3547
3529
3548
3530
3549
3531
3550
3532
3551
3533
3552
3534
3553
3535
3554
3536
3555
3537
3556
3538
3557
3539
3558
3559
6800
3541
3560
3542
3561
3543
3562
3544
3563
3545
3564
3546
3565
3547
3566
3548
3567
3549
3568
3550
3569
3551
3570
3552
3571
3553
3572
3554
3573
3555
3574
3556
3575
3557
3576
3558
3577
3559
3578
3579
7000
3561
3580
3562
3581
3563
3582
3564
3583
3565
3584
3566
3585
3567
3586
3568
3587
3569
3588
3570
3589
3571
3590
3572
3591
3573
3592
3574
3593
3575
3594
3576
3595
3577
3596
3578
3597
3579
3598
3599
7200
3581
3582
3583
3584
3585
3586
3587
3588
3589
3590
3591
3592
3593
3594
3595
3596
3597
3598
3599
7400
3601
3800
3602
3801
3603
3802
3604
3803
3605
3804
3606
3805
3607
3806
3608
3807
3609
3808
3610
3809
3611
3810
3612
3811
3613
3812
3614
3813
3615
3814
3616
3815
3617
3816
3618
3817
3619
3818
3620
3819
3621
3820
3622
3821
3623
3822
3624
3823
3625
3824
3626
3825
3627
3826
3628
3827
3629
3828
3630
3829
3631
3830
3632
3831
3633
3832
3634
3833
3635
3834
3636
3835
3637
3836
3638
3837
3639
3838
3640
3839
3641
3840
3642
3841
3643
3842
3644
3843
3645
3844
3646
3845
3647
3846
3648
3847
3649
3848
3650
3849
3651
3850
3652
3851
3653
3852
3654
3853
3655
3854
3656
3855
3657
3856
3658
3857
3659
3858
3660
3859
3661
3860
3662
3861
3663
3862
3664
3863
3665
3864
3666
3865
3667
3866
3668
3867
3669
3868
3670
3869
3671
3870
3672
3871
3673
3872
3674
3873
3675
3874
3676
3875
3677
3876
3678
3877
3679
3878
3680
3879
3681
3880
3682
3881
3683
3882
3684
3883
3685
3884
3686
3885
3687
3886
3688
3887
3689
3888
3690
3889
3691
3890
3692
3891
3693
3892
3694
3893
3695
3894
3696
3895
3697
3896
3698
3897
3699
3898
3700
3899
3701
3900
3702
3901
3703
3902
3704
3903
3705
3904
3706
3905
3707
3906
3708
3907
3709
3908
3710
3909
3711
3910
3712
3911
3713
3912
3714
3913
3715
3914
3716
3915
3717
3916
3718
3917
3719
3918
3720
3919
3721
3920
3722
3921
3723
3922
3724
3923
3725
3924
3726
3925
3727
3926
3728
3927
3729
3928
3730
3929
3731
3930
3732
3931
3733
3932
3734
3933
3735
3934
3736
3935
3737
3936
3738
3937
3739
3938
3740
3939
3741
3940
3742
3941
3743
3942
3744
3943
3745
3944
3746
3945
3747
3946
3748
3947
3749
3948
3750
3949
3751
3950
3752
3951
3753
3952
3754
3953
3755
3954
3756
3955
3757
3956
3758
3957
3759
3958
3760
3959
3761
3960
3762
3961
3763
3962
3764
3963
3765
3964
3766
3965
3767
3966
3768
3967
3769
3968
3770
3969
3771
3970
3772
3971
3773
3972
3774
3973
3775
3974
3776
3975
3777
3976
3778
3977
3779
3978
3780
3979
3781
3980
3782
3981
3783
3982
3784
3983
3785
3984
3786
3985
3787
3986
3788
3987
3789
3988
3790
3989
3791
3990
3792
3991
3793
3992
3794
3993
3795
3994
3796
3995
3797
3996
3798
3997
3799
3998
3999
3801
4000
3802
4001
3803
4002
3804
4003
3805
4004
3806
4005
3807
4006
3808
4007
3809
4008
3810
4009
3811
4010
3812
4011
3813
4012
3814
4013
3815
4014
3816
4015
3817
4016
3818
4017
3819
4018
3820
4019
3821
4020
3822
4021
3823
4022
3824
4023
3825
4024
3826
4025
3827
4026
3828
4027
3829
4028
3830
4029
3831
4030
3832
4031
3833
4032
3834
4033
3835
4034
3836
4035
3837
4036
3838
4037
3839
4038
3840
4039
3841
4040
3842
4041
3843
4042
3844
4043
3845
4044
3846
4045
3847
4046
3848
4047
3849
4048
3850
4049
3851
4050
3852
4051
3853
4052
3854
4053
3855
4054
3856
4055
3857
4056
3858
4057
3859
4058
3860
4059
3861
4060
3862
4061
3863
4062
3864
4063
3865
4064
3866
4065
3867
4066
3868
4067
3869
4068
3870
4069
3871
4070
3872
4071
3873
4072
3874
4073
3875
4074
3876
4075
3877
4076
3878
4077
3879
4078
3880
4079
3881
4080
3882
4081
3883
4082
3884
4083
3885
4084
3886
4085
3887
4086
3888
4087
3889
4088
3890
4089
3891
4090
3892
4091
3893
4092
3894
4093
3895
4094
3896
4095
3897
4096
3898
4097
3899
4098
3900
4099
3901
4100
3902
4101
3903
4102
3904
4103
3905
4104
3906
4105
3907
4106
3908
4107
3909
4108
3910
4109
3911
4110
3912
4111
3913
4112
3914
4113
3915
4114
3916
4115
3917
4116
3918
4117
3919
4118
3920
4119
3921
4120
3922
4121
3923
4122
3924
4123
3925
4124
3926
4125
3927
4126
3928
4127
3929
4128
3930
4129
3931
4130
3932
4131
3933
4132
3934
4133
3935
4134
3936
4135
3937
4136
3938
4137
3939
4138
3940
4139
3941
4140
3942
4141
3943
4142
3944
4143
3945
4144
3946
4145
3947
4146
3948
4147
3949
4148
3950
4149
3951
4150
3952
4151
3953
4152
3954
4153
3955
4154
3956
4155
3957
4156
3958
4157
3959
4158
3960
4159
3961
4160
3962
4161
3963
4162
3964
4163
3965
4164
3966
4165
3967
4166
3968
4167
3969
4168
3970
4169
3971
4170
3972
4171
3973
4172
3974
4173
3975
4174
3976
4175
3977
4176
3978
4177
3979
4178
3980
4179
3981
4180
3982
4181
3983
4182
3984
4183
3985
4184
3986
4185
3987
4186
3988
4187
3989
4188
3990
4189
3991
4190
3992
4191
3993
4192
3994
4193
3995
4194
3996
4195
3997
4196
3998
4197
3999
4198
4199
4001
4200
4002
4201
4003
4202
4004
4203
4005
4204
4006
4205
4007
4206
4008
4207
4009
4208
4010
4209
4011
4210
4012
4211
4013
4212
4014
4213
4015
4214
4016
4215
4017
4216
4018
4217
4019
4218
4020
4219
4021
4220
4022
4221
4023
4222
4024
4223
4025
4224
4026
4225
4027
4226
4028
4227
4029
4228
4030
4229
4031
4230
4032
4231
4033
4232
4034
4233
4035
4234
4036
4235
4037
4236
4038
4237
4039
4238
4040
4239
4041
4240
4042
4241
4043
4242
4044
4243
4045
4244
4046
4245
4047
4246
4048
4247
4049
4248
4050
4249
4051
4250
4052
4251
4053
4252
4054
4253
4055
4254
4056
4255
4057
4256
4058
4257
4059
4258
4060
4259
4061
4260
4062
4261
4063
4262
4064
4263
4065
4264
4066
4265
4067
4266
4068
4267
4069
4268
4070
4269
4071
4270
4072
4271
4073
4272
4074
4273
4075
4274
4076
4275
4077
4276
4078
4277
4079
4278
4080
4279
4081
4280
4082
4281
4083
4282
4084
4283
4085
4284
4086
4285
4087
4286
4088
4287
4089
4288
4090
4289
4091
4290
4092
4291
4093
4292
4094
4293
4095
4294
4096
4295
4097
4296
4098
4297
4099
4298
4100
4299
4101
4300
4102
4301
4103
4302
4104
4303
4105
4304
4106
4305
4107
4306
4108
4307
4109
4308
4110
4309
4111
4310
4112
4311
4113
4312
4114
4313
4115
4314
4116
4315
4117
4316
4118
4317
4119
4318
4120
4319
4121
4320
4122
4321
4123
4322
4124
4323
4125
4324
4126
4325
4127
4326
4128
4327
4129
4328
4130
4329
4131
4330
4132
4331
4133
4332
4134
4333
4135
4334
4136
4335
4137
4336
4138
4337
4139
4338
4140
4339
4141
4340
4142
4341
4143
4342
4144
4343
4145
4344
4146
4345
4147
4346
4148
4347
4149
4348
4150
4349
4151
4350
4152
4351
4153
4352
4154
4353
4155
4354
4156
4355
4157
4356
4158
4357
4159
4358
4160
4359
4161
4360
4162
4361
4163
4362
4164
4363
4165
4364
4166
4365
4167
4366
4168
4367
4169
4368
4170
4369
4171
4370
4172
4371
4173
4372
4174
4373
4175
4374
4176
4375
4177
4376
4178
4377
4179
4378
4180
4379
4181
4380
4182
4381
4183
4382
4184
4383
4185
4384
4186
4385
4187
4386
4188
4387
4189
4388
4190
4389
4191
4390
4192
4391
4193
4392
4194
4393
4195
4394
4196
4395
4197
4396
4198
4397
4199
4398
4399
4201
4400
4202
4401
4203
4402
4204
4403
4205
4404
4206
4405
4207
4406
4208
4407
4209
4408
4210
4409
4211
4410
4212
4411
4213
4412
4214
4413
4215
4414
4216
4415
4217
4416
4218
4417
4219
4418
4220
4419
4221
4420
4222
4421
4223
4422
4224
4423
4225
4424
4226
4425
4227
4426
4228
4427
4229
4428
4230
4429
4231
4430
4232
4431
4233
4432
4234
4433
4235
4434
4236
4435
4237
4436
4238
4437
4239
4438
4240
4439
4241
4440
4242
4441
4243
4442
4244
4443
4245
4444
4246
4445
4247
4446
4248
4447
4249
4448
4250
4449
4251
4450
4252
4451
4253
4452
4254
4453
4255
4454
4256
4455
4257
4456
4258
4457
4259
4458
4260
4459
4261
4460
4262
4461
4263
4462
4264
4463
4265
4464
4266
4465
4267
4466
4268
4467
4269
4468
4270
4469
4271
4470
4272
4471
4273
4472
4274
4473
4275
4474
4276
4475
4277
4476
4278
4477
4279
4478
4280
4479
4281
4480
4282
4481
4283
4482
4284
4483
4285
4484
4286
4485
4287
4486
4288
4487
4289
4488
4290
4489
4291
4490
4292
4491
4293
4492
4294
4493
4295
4494
4296
4495
4297
4496
4298
4497
4299
4498
4300
4499
4301
4500
4302
4501
4303
4502
4304
4503
4305
4504
4306
4505
4307
4506
4308
4507
4309
4508
4310
4509
4311
4510
4312
4511
4313
4512
4314
4513
4315
4514
4316
4515
4317
4516
4318
4517
4319
4518
4320
4519
4321
4520
4322
4521
4323
4522
4324
4523
4325
4524
4326
4525
4327
4526
4328
4527
4329
4528
4330
4529
4331
4530
4332
4531
4333
4532
4334
4533
4335
4534
4336
4535
4337
4536
4338
4537
4339
4538
4340
4539
4341
4540
4342
4541
4343
4542
4344
4543
4345
4544
4346
4545
4347
4546
4348
4547
4349
4548
4350
4549
4351
4550
4352
4551
4353
4552
4354
4553
4355
4554
4356
4555
4357
4556
4358
4557
4359
4558
4360
4559
4361
4560
4362
4561
4363
4562
4364
4563
4365
4564
4366
4565
4367
4566
4368
4567
4369
4568
4370
4569
4371
4570
4372
4571
4373
4572
4374
4573
4375
4574
4376
4575
4377
4576
4378
4577
4379
4578
4380
4579
4381
4580
4382
4581
4383
4582
4384
4583
4385
4584
4386
4585
4387
4586
4388
4587
4389
4588
4390
4589
4391
4590
4392
4591
4393
4592
4394
4593
4395
4594
4396
4595
4397
4596
4398
4597
4399
4598
4599
4401
4600
4402
4601
4403
4602
4404
4603
4405
4604
4406
4605
4407
4606
4408
4607
4409
4608
4410
4609
4411
4610
4412
4611
4413
4612
4414
4613
4415
4614
4416
4615
4417
4616
4418
4617
4419
4618
4420
4619
4421
4620
4422
4621
4423
4622
4424
4623
4425
4624
4426
4625
4427
4626
4428
4627
4429
4628
4430
4629
4431
4630
4432
4631
4433
4632
4434
4633
4435
4634
4436
4635
4437
4636
4438
4637
4439
4638
4440
4639
4441
4640
4442
4641
4443
4642
4444
4643
4445
4644
4446
4645
4447
4646
4448
4647
4449
4648
4450
4649
4451
4650
4452
4651
4453
4652
4454
4653
4455
4654
4456
4655
4457
4656
4458
4657
4459
4658
4460
4659
4461
4660
4462
4661
4463
4662
4464
4663
4465
4664
4466
4665
4467
4666
4468
4667
4469
4668
4470
4669
4471
4670
4472
4671
4473
4672
4474
4673
4475
4674
4476
4675
4477
4676
4478
4677
4479
4678
4480
4679
4481
4680
4482
4681
4483
4682
4484
4683
4485
4684
4486
4685
4487
4686
4488
4687
4489
4688
4490
4689
4491
4690
4492
4691
4493
4692
4494
4693
4495
4694
4496
4695
4497
4696
4498
4697
4499
4698
4500
4699
4501
4700
4502
4701
4503
4702
4504
4703
4505
4704
4506
4705
4507
4706
4508
4707
4509
4708
4510
4709
4511
4710
4512
4711
4513
4712
4514
4713
4515
4714
4516
4715
4517
4716
4518
4717
4519
4718
4520
4719
4521
4720
4522
4721
4523
4722
4524
4723
4525
4724
4526
4725
4527
4726
4528
4727
4529
4728
4530
4729
4531
4730
4532
4731
4533
4732
4534
4733
4535
4734
4536
4735
4537
4736
4538
4737
4539
4738
4540
4739
4541
4740
4542
4741
4543
4742
4544
4743
4545
4744
4546
4745
4547
4746
4548
4747
4549
4748
4550
4749
4551
4750
4552
4751
4553
4752
4554
4753
4555
4754
4556
4755
4557
4756
4558
4757
4559
4758
4560
4759
4561
4760
4562
4761
4563
4762
4564
4763
4565
4764
4566
4765
4567
4766
4568
4767
4569
4768
4570
4769
4571
4770
4572
4771
4573
4772
4574
4773
4575
4774
4576
4775
4577
4776
4578
4777
4579
4778
4580
4779
4581
4780
4582
4781
4583
4782
4584
4783
4585
4784
4586
4785
4587
4786
4588
4787
4589
4788
4590
4789
4591
4790
4592
4791
4593
4792
4594
4793
4595
4794
4596
4795
4597
4796
4598
4797
4599
4798
4799
4601
4800
4602
4801
4603
4802
4604
4803
4605
4804
4606
4805
4607
4806
4608
4807
4609
4808
4610
4809
4611
4810
4612
4811
4613
4812
4614
4813
4615
4814
4616
4815
4617
4816
4618
4817
4619
4818
4620
4819
4621
4820
4622
4821
4623
4822
4624
4823
4625
4824
4626
4825
4627
4826
4628
4827
4629
4828
4630
4829
4631
4830
4632
4831
4633
4832
4634
4833
4635
4834
4636
4835
4637
4836
4638
4837
4639
4838
4640
4839
4641
4840
4642
4841
4643
4842
4644
4843
4645
4844
4646
4845
4647
4846
4648
4847
4649
4848
4650
4849
4651
4850
4652
4851
4653
4852
4654
4853
4655
4854
4656
4855
4657
4856
4658
4857
4659
4858
4660
4859
4661
4860
4662
4861
4663
4862
4664
4863
4665
4864
4666
4865
4667
4866
4668
4867
4669
4868
4670
4869
4671
4870
4672
4871
4673
4872
4674
4873
4675
4874
4676
4875
4677
4876
4678
4877
4679
4878
4680
4879
4681
4880
4682
4881
4683
4882
4684
4883
4685
4884
4686
4885
4687
4886
4688
4887
4689
4888
4690
4889
4691
4890
4692
4891
4693
4892
4694
4893
4695
4894
4696
4895
4697
4896
4698
4897
4699
4898
4700
4899
4701
4900
4702
4901
4703
4902
4704
4903
4705
4904
4706
4905
4707
4906
4708
4907
4709
4908
4710
4909
4711
4910
4712
4911
4713
4912
4714
4913
4715
4914
4716
4915
4717
4916
4718
4917
4719
4918
4720
4919
4721
4920
4722
4921
4723
4922
4724
4923
4725
4924
4726
4925
4727
4926
4728
4927
4729
4928
4730
4929
4731
4930
4732
4931
4733
4932
4734
4933
4735
4934
4736
4935
4737
4936
4738
4937
4739
4938
4740
4939
4741
4940
4742
4941
4743
4942
4744
4943
4745
4944
4746
4945
4747
4946
4748
4947
4749
4948
4750
4949
4751
4950
4752
4951
4753
4952
4754
4953
4755
4954
4756
4955
4757
4956
4758
4957
4759
4958
4760
4959
4761
4960
4762
4961
4763
4962
4764
4963
4765
4964
4766
4965
4767
4966
4768
4967
4769
4968
4770
4969
4771
4970
4772
4971
4773
4972
4774
4973
4775
4974
4776
4975
4777
4976
4778
4977
4779
4978
4780
4979
4781
4980
4782
4981
4783
4982
4784
4983
4785
4984
4786
4985
4787
4986
4788
4987
4789
4988
4790
4989
4791
4990
4792
4991
4793
4992
4794
4993
4795
4994
4796
4995
4797
4996
4798
4997
4799
4998
4999
4801
5000
4802
5001
4803
5002
4804
5003
4805
5004
4806
5005
4807
5006
4808
5007
4809
5008
4810
5009
4811
5010
4812
5011
4813
5012
4814
5013
4815
5014
4816
5015
4817
5016
4818
5017
4819
5018
4820
5019
4821
5020
4822
5021
4823
5022
4824
5023
4825
5024
4826
5025
4827
5026
4828
5027
4829
5028
4830
5029
4831
5030
4832
5031
4833
5032
4834
5033
4835
5034
4836
5035
4837
5036
4838
5037
4839
5038
4840
5039
4841
5040
4842
5041
4843
5042
4844
5043
4845
5044
4846
5045
4847
5046
4848
5047
4849
5048
4850
5049
4851
5050
4852
5051
4853
5052
4854
5053
4855
5054
4856
5055
4857
5056
4858
5057
4859
5058
4860
5059
4861
5060
4862
5061
4863
5062
4864
5063
4865
5064
4866
5065
4867
5066
4868
5067
4869
5068
4870
5069
4871
5070
4872
5071
4873
5072
4874
5073
4875
5074
4876
5075
4877
5076
4878
5077
4879
5078
4880
5079
4881
5080
4882
5081
4883
5082
4884
5083
4885
5084
4886
5085
4887
5086
4888
5087
4889
5088
4890
5089
4891
5090
4892
5091
4893
5092
4894
5093
4895
5094
4896
5095
4897
5096
4898
5097
4899
5098
4900
5099
4901
5100
4902
5101
4903
5102
4904
5103
4905
5104
4906
5105
4907
5106
4908
5107
4909
5108
4910
5109
4911
5110
4912
5111
4913
5112
4914
5113
4915
5114
4916
5115
4917
5116
4918
5117
4919
5118
4920
5119
4921
5120
4922
5121
4923
5122
4924
5123
4925
5124
4926
5125
4927
5126
4928
5127
4929
5128
4930
5129
4931
5130
4932
5131
4933
5132
4934
5133
4935
5134
4936
5135
4937
5136
4938
5137
4939
5138
4940
5139
4941
5140
4942
5141
4943
5142
4944
5143
4945
5144
4946
5145
4947
5146
4948
5147
4949
5148
4950
5149
4951
5150
4952
5151
4953
5152
4954
5153
4955
5154
4956
5155
4957
5156
4958
5157
4959
5158
4960
5159
4961
5160
4962
5161
4963
5162
4964
5163
4965
5164
4966
5165
4967
5166
4968
5167
4969
5168
4970
5169
4971
5170
4972
5171
4973
5172
4974
5173
4975
5174
4976
5175
4977
5176
4978
5177
4979
5178
4980
5179
4981
5180
4982
5181
4983
5182
4984
5183
4985
5184
4986
5185
4987
5186
4988
5187
4989
5188
4990
5189
4991
5190
4992
5191
4993
5192
4994
5193
4995
5194
4996
5195
4997
5196
4998
5197
4999
5198
5199
5001
5200
5002
5201
5003
5202
5004
5203
5005
5204
5006
5205
5007
5206
5008
5207
5009
5208
5010
5209
5011
5210
5012
5211
5013
5212
5014
5213
5015
5214
5016
5215
5017
5216
5018
5217
5019
5218
5020
5219
5021
5220
5022
5221
5023
5222
5024
5223
5025
5224
5026
5225
5027
5226
5028
5227
5029
5228
5030
5229
5031
5230
5032
5231
5033
5232
5034
5233
5035
5234
5036
5235
5037
5236
5038
5237
5039
5238
5040
5239
5041
5240
5042
5241
5043
5242
5044
5243
5045
5244
5046
5245
5047
5246
5048
5247
5049
5248
5050
5249
5051
5250
5052
5251
5053
5252
5054
5253
5055
5254
5056
5255
5057
5256
5058
5257
5059
5258
5060
5259
5061
5260
5062
5261
5063
5262
5064
5263
5065
5264
5066
5265
5067
5266
5068
5267
5069
5268
5070
5269
5071
5270
5072
5271
5073
5272
5074
5273
5075
5274
5076
5275
5077
5276
5078
5277
5079
5278
5080
5279
5081
5280
5082
5281
5083
5282
5084
5283
5085
5284
5086
5285
5087
5286
5088
5287
5089
5288
5090
5289
5091
5290
5092
5291
5093
5292
5094
5293
5095
5294
5096
5295
5097
5296
5098
5297
5099
5298
5100
5299
5101
5300
5102
5301
5103
5302
5104
5303
5105
5304
5106
5305
5107
5306
5108
5307
5109
5308
5110
5309
5111
5310
5112
5311
5113
5312
5114
5313
5115
5314
5116
5315
5117
5316
5118
5317
5119
5318
5120
5319
5121
5320
5122
5321
5123
5322
5124
5323
5125
5324
5126
5325
5127
5326
5128
5327
5129
5328
5130
5329
5131
5330
5132
5331
5133
5332
5134
5333
5135
5334
5136
5335
5137
5336
5138
5337
5139
5338
5140
5339
5141
5340
5142
5341
5143
5342
5144
5343
5145
5344
5146
5345
5147
5346
5148
5347
5149
5348
5150
5349
5151
5350
5152
5351
5153
5352
5154
5353
5155
5354
5156
5355
5157
5356
5158
5357
5159
5358
5160
5359
5161
5360
5162
5361
5163
5362
5164
5363
5165
5364
5166
5365
5167
5366
5168
5367
5169
5368
5170
5369
5171
5370
5172
5371
5173
5372
5174
5373
5175
5374
5176
5375
5177
5376
5178
5377
5179
5378
5180
5379
5181
5380
5182
5381
5183
5382
5184
5383
5185
5384
5186
5385
5187
5386
5188
5387
5189
5388
5190
5389
5191
5390
5192
5391
5193
5392
5194
5393
5195
5394
5196
5395
5197
5396
5198
5397
5199
5398
5399
5201
5400
5202
5401
5203
5402
5204
5403
5205
5404
5206
5405
5207
5406
5208
5407
5209
5408
5210
5409
5211
5410
5212
5411
5213
5412
5214
5413
5215
5414
5216
5415
5217
5416
5218
5417
5219
5418
5220
5419
5221
5420
5222
5421
5223
5422
5224
5423
5225
5424
5226
5425
5227
5426
5228
5427
5229
5428
5230
5429
5231
5430
5232
5431
5233
5432
5234
5433
5235
5434
5236
5435
5237
5436
5238
5437
5239
5438
5240
5439
5241
5440
5242
5441
5243
5442
5244
5443
5245
5444
5246
5445
5247
5446
5248
5447
5249
5448
5250
5449
5251
5450
5252
5451
5253
5452
5254
5453
5255
5454
5256
5455
5257
5456
5258
5457
5259
5458
5260
5459
5261
5460
5262
5461
5263
5462
5264
5463
5265
5464
5266
5465
5267
5466
5268
5467
5269
5468
5270
5469
5271
5470
5272
5471
5273
5472
5274
5473
5275
5474
5276
5475
5277
5476
5278
5477
5279
5478
5280
5479
5281
5480
5282
5481
5283
5482
5284
5483
5285
5484
5286
5485
5287
5486
5288
5487
5289
5488
5290
5489
5291
5490
5292
5491
5293
5492
5294
5493
5295
5494
5296
5495
5297
5496
5298
5497
5299
5498
5300
5499
5301
5500
5302
5501
5303
5502
5304
5503
5305
5504
5306
5505
5307
5506
5308
5507
5309
5508
5310
5509
5311
5510
5312
5511
5313
5512
5314
5513
5315
5514
5316
5515
5317
5516
5318
5517
5319
5518
5320
5519
5321
5520
5322
5521
5323
5522
5324
5523
5325
5524
5326
5525
5327
5526
5328
5527
5329
5528
5330
5529
5331
5530
5332
5531
5333
5532
5334
5533
5335
5534
5336
5535
5337
5536
5338
5537
5339
5538
5340
5539
5341
5540
5342
5541
5343
5542
5344
5543
5345
5544
5346
5545
5347
5546
5348
5547
5349
5548
5350
5549
5351
5550
5352
5551
5353
5552
5354
5553
5355
5554
5356
5555
5357
5556
5358
5557
5359
5558
5360
5559
5361
5560
5362
5561
5363
5562
5364
5563
5365
5564
5366
5565
5367
5566
5368
5567
5369
5568
5370
5569
5371
5570
5372
5571
5373
5572
5374
5573
5375
5574
5376
5575
5377
5576
5378
5577
5379
5578
5380
5579
5381
5580
5382
5581
5383
5582
5384
5583
5385
5584
5386
5585
5387
5586
5388
5587
5389
5588
5390
5589
5391
5590
5392
5591
5393
5592
5394
5593
5395
5594
5396
5595
5397
5596
5398
5597
5399
5598
5599
5401
5600
5402
5601
5403
5602
5404
5603
5405
5604
5406
5605
5407
5606
5408
5607
5409
5608
5410
5609
5411
5610
5412
5611
5413
5612
5414
5613
5415
5614
5416
5615
5417
5616
5418
5617
5419
5618
5420
5619
5421
5620
5422
5621
5423
5622
5424
5623
5425
5624
5426
5625
5427
5626
5428
5627
5429
5628
5430
5629
5431
5630
5432
5631
5433
5632
5434
5633
5435
5634
5436
5635
5437
5636
5438
5637
5439
5638
5440
5639
5441
5640
5442
5641
5443
5642
5444
5643
5445
5644
5446
5645
5447
5646
5448
5647
5449
5648
5450
5649
5451
5650
5452
5651
5453
5652
5454
5653
5455
5654
5456
5655
5457
5656
5458
5657
5459
5658
5460
5659
5461
5660
5462
5661
5463
5662
5464
5663
5465
5664
5466
5665
5467
5666
5468
5667
5469
5668
5470
5669
5471
5670
5472
5671
5473
5672
5474
5673
5475
5674
5476
5675
5477
5676
5478
5677
5479
5678
5480
5679
5481
5680
5482
5681
5483
5682
5484
5683
5485
5684
5486
5685
5487
5686
5488
5687
5489
5688
5490
5689
5491
5690
5492
5691
5493
5692
5494
5693
5495
5694
5496
5695
5497
5696
5498
5697
5499
5698
5500
5699
5501
5700
5502
5701
5503
5702
5504
5703
5505
5704
5506
5705
5507
5706
5508
5707
5509
5708
5510
5709
5511
5710
5512
5711
5513
5712
5514
5713
5515
5714
5516
5715
5517
5716
5518
5717
5519
5718
5520
5719
5521
5720
5522
5721
5523
5722
5524
5723
5525
5724
5526
5725
5527
5726
5528
5727
5529
5728
5530
5729
5531
5730
5532
5731
5533
5732
5534
5733
5535
5734
5536
5735
5537
5736
5538
5737
5539
5738
5540
5739
5541
5740
5542
5741
5543
5742
5544
5743
5545
5744
5546
5745
5547
5746
5548
5747
5549
5748
5550
5749
5551
5750
5552
5751
5553
5752
5554
5753
5555
5754
5556
5755
5557
5756
5558
5757
5559
5758
5560
5759
5561
5760
5562
5761
5563
5762
5564
5763
5565
5764
5566
5765
5567
5766
5568
5767
5569
5768
5570
5769
5571
5770
5572
5771
5573
5772
5574
5773
5575
5774
5576
5775
5577
5776
5578
5777
5579
5778
5580
5779
5581
5780
5582
5781
5583
5782
5584
5783
5585
5784
5586
5785
5587
5786
5588
5787
5589
5788
5590
5789
5591
5790
5592
5791
5593
5792
5594
5793
5595
5794
5596
5795
5597
5796
5598
5797
5599
5798
5799
5601
5800
5602
5801
5603
5802
5604
5803
5605
5804
5606
5805
5607
5806
5608
5807
5609
5808
5610
5809
5611
5810
5612
5811
5613
5812
5614
5813
5615
5814
5616
5815
5617
5816
5618
5817
5619
5818
5620
5819
5621
5820
5622
5821
5623
5822
5624
5823
5625
5824
5626
5825
5627
5826
5628
5827
5629
5828
5630
5829
5631
5830
5632
5831
5633
5832
5634
5833
5635
5834
5636
5835
5637
5836
5638
5837
5639
5838
5640
5839
5641
5840
5642
5841
5643
5842
5644
5843
5645
5844
5646
5845
5647
5846
5648
5847
5649
5848
5650
5849
5651
5850
5652
5851
5653
5852
5654
5853
5655
5854
5656
5855
5657
5856
5658
5857
5659
5858
5660
5859
5661
5860
5662
5861
5663
5862
5664
5863
5665
5864
5666
5865
5667
5866
5668
5867
5669
5868
5670
5869
5671
5870
5672
5871
5673
5872
5674
5873
5675
5874
5676
5875
5677
5876
5678
5877
5679
5878
5680
5879
5681
5880
5682
5881
5683
5882
5684
5883
5685
5884
5686
5885
5687
5886
5688
5887
5689
5888
5690
5889
5691
5890
5692
5891
5693
5892
5694
5893
5695
5894
5696
5895
5697
5896
5698
5897
5699
5898
5700
5899
5701
5900
5702
5901
5703
5902
5704
5903
5705
5904
5706
5905
5707
5906
5708
5907
5709
5908
5710
5909
5711
5910
5712
5911
5713
5912
5714
5913
5715
5914
5716
5915
5717
5916
5718
5917
5719
5918
5720
5919
5721
5920
5722
5921
5723
5922
5724
5923
5725
5924
5726
5925
5727
5926
5728
5927
5729
5928
5730
5929
5731
5930
5732
5931
5733
5932
5734
5933
5735
5934
5736
5935
5737
5936
5738
5937
5739
5938
5740
5939
5741
5940
5742
5941
5743
5942
5744
5943
5745
5944
5746
5945
5747
5946
5748
5947
5749
5948
5750
5949
5751
5950
5752
5951
5753
5952
5754
5953
5755
5954
5756
5955
5757
5956
5758
5957
5759
5958
5760
5959
5761
5960
5762
5961
5763
5962
5764
5963
5765
5964
5766
5965
5767
5966
5768
5967
5769
5968
5770
5969
5771
5970
5772
5971
5773
5972
5774
5973
5775
5974
5776
5975
5777
5976
5778
5977
5779
5978
5780
5979
5781
5980
5782
5981
5783
5982
5784
5983
5785
5984
5786
5985
5787
5986
5788
5987
5789
5988
5790
5989
5791
5990
5792
5991
5793
5992
5794
5993
5795
5994
5796
5995
5797
5996
5798
5997
5799
5998
5999
5801
6000
5802
6001
5803
6002
5804
6003
5805
6004
5806
6005
5807
6006
5808
6007
5809
6008
5810
6009
5811
6010
5812
6011
5813
6012
5814
6013
5815
6014
5816
6015
5817
6016
5818
6017
5819
6018
5820
6019
5821
6020
5822
6021
5823
6022
5824
6023
5825
6024
5826
6025
5827
6026
5828
6027
5829
6028
5830
6029
5831
6030
5832
6031
5833
6032
5834
6033
5835
6034
5836
6035
5837
6036
5838
6037
5839
6038
5840
6039
5841
6040
5842
6041
5843
6042
5844
6043
5845
6044
5846
6045
5847
6046
5848
6047
5849
6048
5850
6049
5851
6050
5852
6051
5853
6052
5854
6053
5855
6054
5856
6055
5857
6056
5858
6057
5859
6058
5860
6059
5861
6060
5862
6061
5863
6062
5864
6063
5865
6064
5866
6065
5867
6066
5868
6067
5869
6068
5870
6069
5871
6070
5872
6071
5873
6072
5874
6073
5875
6074
5876
6075
5877
6076
5878
6077
5879
6078
5880
6079
5881
6080
5882
6081
5883
6082
5884
6083
5885
6084
5886
6085
5887
6086
5888
6087
5889
6088
5890
6089
5891
6090
5892
6091
5893
6092
5894
6093
5895
6094
5896
6095
5897
6096
5898
6097
5899
6098
5900
6099
5901
6100
5902
6101
5903
6102
5904
6103
5905
6104
5906
6105
5907
6106
5908
6107
5909
6108
5910
6109
5911
6110
5912
6111
5913
6112
5914
6113
5915
6114
5916
6115
5917
6116
5918
6117
5919
6118
5920
6119
5921
6120
5922
6121
5923
6122
5924
6123
5925
6124
5926
6125
5927
6126
5928
6127
5929
6128
5930
6129
5931
6130
5932
6131
5933
6132
5934
6133
5935
6134
5936
6135
5937
6136
5938
6137
5939
6138
5940
6139
5941
6140
5942
6141
5943
6142
5944
6143
5945
6144
5946
6145
5947
6146
5948
6147
5949
6148
5950
6149
5951
6150
5952
6151
5953
6152
5954
6153
5955
6154
5956
6155
5957
6156
5958
6157
5959
6158
5960
6159
5961
6160
5962
6161
5963
6162
5964
6163
5965
6164
5966
6165
5967
6166
5968
6167
5969
6168
5970
6169
5971
6170
5972
6171
5973
6172
5974
6173
5975
6174
5976
6175
5977
6176
5978
6177
5979
6178
5980
6179
5981
6180
5982
6181
5983
6182
5984
6183
5985
6184
5986
6185
5987
6186
5988
6187
5989
6188
5990
6189
5991
6190
5992
6191
5993
6192
5994
6193
5995
6194
5996
6195
5997
6196
5998
6197
5999
6198
6199
6001
6200
6002
6201
6003
6202
6004
6203
6005
6204
6006
6205
6007
6206
6008
6207
6009
6208
6010
6209
6011
6210
6012
6211
6013
6212
6014
6213
6015
6214
6016
6215
6017
6216
6018
6217
6019
6218
6020
6219
6021
6220
6022
6221
6023
6222
6024
6223
6025
6224
6026
6225
6027
6226
6028
6227
6029
6228
6030
6229
6031
6230
6032
6231
6033
6232
6034
6233
6035
6234
6036
6235
6037
6236
6038
6237
6039
6238
6040
6239
6041
6240
6042
6241
6043
6242
6044
6243
6045
6244
6046
6245
6047
6246
6048
6247
6049
6248
6050
6249
6051
6250
6052
6251
6053
6252
6054
6253
6055
6254
6056
6255
6057
6256
6058
6257
6059
6258
6060
6259
6061
6260
6062
6261
6063
6262
6064
6263
6065
6264
6066
6265
6067
6266
6068
6267
6069
6268
6070
6269
6071
6270
6072
6271
6073
6272
6074
6273
6075
6274
6076
6275
6077
6276
6078
6277
6079
6278
6080
6279
6081
6280
6082
6281
6083
6282
6084
6283
6085
6284
6086
6285
6087
6286
6088
6287
6089
6288
6090
6289
6091
6290
6092
6291
6093
6292
6094
6293
6095
6294
6096
6295
6097
6296
6098
6297
6099
6298
6100
6299
6101
6300
6102
6301
6103
6302
6104
6303
6105
6304
6106
6305
6107
6306
6108
6307
6109
6308
6110
6309
6111
6310
6112
6311
6113
6312
6114
6313
6115
6314
6116
6315
6117
6316
6118
6317
6119
6318
6120
6319
6121
6320
6122
6321
6123
6322
6124
6323
6125
6324
6126
6325
6127
6326
6128
6327
6129
6328
6130
6329
6131
6330
6132
6331
6133
6332
6134
6333
6135
6334
6136
6335
6137
6336
6138
6337
6139
6338
6140
6339
6141
6340
6142
6341
6143
6342
6144
6343
6145
6344
6146
6345
6147
6346
6148
6347
6149
6348
6150
6349
6151
6350
6152
6351
6153
6352
6154
6353
6155
6354
6156
6355
6157
6356
6158
6357
6159
6358
6160
6359
6161
6360
6162
6361
6163
6362
6164
6363
6165
6364
6166
6365
6167
6366
6168
6367
6169
6368
6170
6369
6171
6370
6172
6371
6173
6372
6174
6373
6175
6374
6176
6375
6177
6376
6178
6377
6179
6378
6180
6379
6181
6380
6182
6381
6183
6382
6184
6383
6185
6384
6186
6385
6187
6386
6188
6387
6189
6388
6190
6389
6191
6390
6192
6391
6193
6392
6194
6393
6195
6394
6196
6395
6197
6396
6198
6397
6199
6398
6399
6201
6400
6202
6401
6203
6402
6204
6403
6205
6404
6206
6405
6207
6406
6208
6407
6209
6408
6210
6409
6211
6410
6212
6411
6213
6412
6214
6413
6215
6414
6216
6415
6217
6416
6218
6417
6219
6418
6220
6419
6221
6420
6222
6421
6223
6422
6224
6423
6225
6424
6226
6425
6227
6426
6228
6427
6229
6428
6230
6429
6231
6430
6232
6431
6233
6432
6234
6433
6235
6434
6236
6435
6237
6436
6238
6437
6239
6438
6240
6439
6241
6440
6242
6441
6243
6442
6244
6443
6245
6444
6246
6445
6247
6446
6248
6447
6249
6448
6250
6449
6251
6450
6252
6451
6253
6452
6254
6453
6255
6454
6256
6455
6257
6456
6258
6457
6259
6458
6260
6459
6261
6460
6262
6461
6263
6462
6264
6463
6265
6464
6266
6465
6267
6466
6268
6467
6269
6468
6270
6469
6271
6470
6272
6471
6273
6472
6274
6473
6275
6474
6276
6475
6277
6476
6278
6477
6279
6478
6280
6479
6281
6480
6282
6481
6283
6482
6284
6483
6285
6484
6286
6485
6287
6486
6288
6487
6289
6488
6290
6489
6291
6490
6292
6491
6293
6492
6294
6493
6295
6494
6296
6495
6297
6496
6298
6497
6299
6498
6300
6499
6301
6500
6302
6501
6303
6502
6304
6503
6305
6504
6306
6505
6307
6506
6308
6507
6309
6508
6310
6509
6311
6510
6312
6511
6313
6512
6314
6513
6315
6514
6316
6515
6317
6516
6318
6517
6319
6518
6320
6519
6321
6520
6322
6521
6323
6522
6324
6523
6325
6524
6326
6525
6327
6526
6328
6527
6329
6528
6330
6529
6331
6530
6332
6531
6333
6532
6334
6533
6335
6534
6336
6535
6337
6536
6338
6537
6339
6538
6340
6539
6341
6540
6342
6541
6343
6542
6344
6543
6345
6544
6346
6545
6347
6546
6348
6547
6349
6548
6350
6549
6351
6550
6352
6551
6353
6552
6354
6553
6355
6554
6356
6555
6357
6556
6358
6557
6359
6558
6360
6559
6361
6560
6362
6561
6363
6562
6364
6563
6365
6564
6366
6565
6367
6566
6368
6567
6369
6568
6370
6569
6371
6570
6372
6571
6373
6572
6374
6573
6375
6574
6376
6575
6377
6576
6378
6577
6379
6578
6380
6579
6381
6580
6382
6581
6383
6582
6384
6583
6385
6584
6386
6585
6387
6586
6388
6587
6389
6588
6390
6589
6391
6590
6392
6591
6393
6592
6394
6593
6395
6594
6396
6595
6397
6596
6398
6597
6399
6598
6599
6401
6600
6402
6601
6403
6602
6404
6603
6405
6604
6406
6605
6407
6606
6408
6607
6409
6608
6410
6609
6411
6610
6412
6611
6413
6612
6414
6613
6415
6614
6416
6615
6417
6616
6418
6617
6419
6618
6420
6619
6421
6620
6422
6621
6423
6622
6424
6623
6425
6624
6426
6625
6427
6626
6428
6627
6429
6628
6430
6629
6431
6630
6432
6631
6433
6632
6434
6633
6435
6634
6436
6635
6437
6636
6438
6637
6439
6638
6440
6639
6441
6640
6442
6641
6443
6642
6444
6643
6445
6644
6446
6645
6447
6646
6448
6647
6449
6648
6450
6649
6451
6650
6452
6651
6453
6652
6454
6653
6455
6654
6456
6655
6457
6656
6458
6657
6459
6658
6460
6659
6461
6660
6462
6661
6463
6662
6464
6663
6465
6664
6466
6665
6467
6666
6468
6667
6469
6668
6470
6669
6471
6670
6472
6671
6473
6672
6474
6673
6475
6674
6476
6675
6477
6676
6478
6677
6479
6678
6480
6679
6481
6680
6482
6681
6483
6682
6484
6683
6485
6684
6486
6685
6487
6686
6488
6687
6489
6688
6490
6689
6491
6690
6492
6691
6493
6692
6494
6693
6495
6694
6496
6695
6497
6696
6498
6697
6499
6698
6500
6699
6501
6700
6502
6701
6503
6702
6504
6703
6505
6704
6506
6705
6507
6706
6508
6707
6509
6708
6510
6709
6511
6710
6512
6711
6513
6712
6514
6713
6515
6714
6516
6715
6517
6716
6518
6717
6519
6718
6520
6719
6521
6720
6522
6721
6523
6722
6524
6723
6525
6724
6526
6725
6527
6726
6528
6727
6529
6728
6530
6729
6531
6730
6532
6731
6533
6732
6534
6733
6535
6734
6536
6735
6537
6736
6538
6737
6539
6738
6540
6739
6541
6740
6542
6741
6543
6742
6544
6743
6545
6744
6546
6745
6547
6746
6548
6747
6549
6748
6550
6749
6551
6750
6552
6751
6553
6752
6554
6753
6555
6754
6556
6755
6557
6756
6558
6757
6559
6758
6560
6759
6561
6760
6562
6761
6563
6762
6564
6763
6565
6764
6566
6765
6567
6766
6568
6767
6569
6768
6570
6769
6571
6770
6572
6771
6573
6772
6574
6773
6575
6774
6576
6775
6577
6776
6578
6777
6579
6778
6580
6779
6581
6780
6582
6781
6583
6782
6584
6783
6585
6784
6586
6785
6587
6786
6588
6787
6589
6788
6590
6789
6591
6790
6592
6791
6593
6792
6594
6793
6595
6794
6596
6795
6597
6796
6598
6797
6599
6798
6799
6601
6800
6602
6801
6603
6802
6604
6803
6605
6804
6606
6805
6607
6806
6608
6807
6609
6808
6610
6809
6611
6810
6612
6811
6613
6812
6614
6813
6615
6814
6616
6815
6617
6816
6618
6817
6619
6818
6620
6819
6621
6820
6622
6821
6623
6822
6624
6823
6625
6824
6626
6825
6627
6826
6628
6827
6629
6828
6630
6829
6631
6830
6632
6831
6633
6832
6634
6833
6635
6834
6636
6835
6637
6836
6638
6837
6639
6838
6640
6839
6641
6840
6642
6841
6643
6842
6644
6843
6645
6844
6646
6845
6647
6846
6648
6847
6649
6848
6650
6849
6651
6850
6652
6851
6653
6852
6654
6853
6655
6854
6656
6855
6657
6856
6658
6857
6659
6858
6660
6859
6661
6860
6662
6861
6663
6862
6664
6863
6665
6864
6666
6865
6667
6866
6668
6867
6669
6868
6670
6869
6671
6870
6672
6871
6673
6872
6674
6873
6675
6874
6676
6875
6677
6876
6678
6877
6679
6878
6680
6879
6681
6880
6682
6881
6683
6882
6684
6883
6685
6884
6686
6885
6687
6886
6688
6887
6689
6888
6690
6889
6691
6890
6692
6891
6693
6892
6694
6893
6695
6894
6696
6895
6697
6896
6698
6897
6699
6898
6700
6899
6701
6900
6702
6901
6703
6902
6704
6903
6705
6904
6706
6905
6707
6906
6708
6907
6709
6908
6710
6909
6711
6910
6712
6911
6713
6912
6714
6913
6715
6914
6716
6915
6717
6916
6718
6917
6719
6918
6720
6919
6721
6920
6722
6921
6723
6922
6724
6923
6725
6924
6726
6925
6727
6926
6728
6927
6729
6928
6730
6929
6731
6930
6732
6931
6733
6932
6734
6933
6735
6934
6736
6935
6737
6936
6738
6937
6739
6938
6740
6939
6741
6940
6742
6941
6743
6942
6744
6943
6745
6944
6746
6945
6747
6946
6748
6947
6749
6948
6750
6949
6751
6950
6752
6951
6753
6952
6754
6953
6755
6954
6756
6955
6757
6956
6758
6957
6759
6958
6760
6959
6761
6960
6762
6961
6763
6962
6764
6963
6765
6964
6766
6965
6767
6966
6768
6967
6769
6968
6770
6969
6771
6970
6772
6971
6773
6972
6774
6973
6775
6974
6776
6975
6777
6976
6778
6977
6779
6978
6780
6979
6781
6980
6782
6981
6783
6982
6784
6983
6785
6984
6786
6985
6787
6986
6788
6987
6789
6988
6790
6989
6791
6990
6792
6991
6793
6992
6794
6993
6795
6994
6796
6995
6797
6996
6798
6997
6799
6998
6999
6801
7000
6802
7001
6803
7002
6804
7003
6805
7004
6806
7005
6807
7006
6808
7007
6809
7008
6810
7009
6811
7010
6812
7011
6813
7012
6814
7013
6815
7014
6816
7015
6817
7016
6818
7017
6819
7018
6820
7019
6821
7020
6822
7021
6823
7022
6824
7023
6825
7024
6826
7025
6827
7026
6828
7027
6829
7028
6830
7029
6831
7030
6832
7031
6833
7032
6834
7033
6835
7034
6836
7035
6837
7036
6838
7037
6839
7038
6840
7039
6841
7040
6842
7041
6843
7042
6844
7043
6845
7044
6846
7045
6847
7046
6848
7047
6849
7048
6850
7049
6851
7050
6852
7051
6853
7052
6854
7053
6855
7054
6856
7055
6857
7056
6858
7057
6859
7058
6860
7059
6861
7060
6862
7061
6863
7062
6864
7063
6865
7064
6866
7065
6867
7066
6868
7067
6869
7068
6870
7069
6871
7070
6872
7071
6873
7072
6874
7073
6875
7074
6876
7075
6877
7076
6878
7077
6879
7078
6880
7079
6881
7080
6882
7081
6883
7082
6884
7083
6885
7084
6886
7085
6887
7086
6888
7087
6889
7088
6890
7089
6891
7090
6892
7091
6893
7092
6894
7093
6895
7094
6896
7095
6897
7096
6898
7097
6899
7098
6900
7099
6901
7100
6902
7101
6903
7102
6904
7103
6905
7104
6906
7105
6907
7106
6908
7107
6909
7108
6910
7109
6911
7110
6912
7111
6913
7112
6914
7113
6915
7114
6916
7115
6917
7116
6918
7117
6919
7118
6920
7119
6921
7120
6922
7121
6923
7122
6924
7123
6925
7124
6926
7125
6927
7126
6928
7127
6929
7128
6930
7129
6931
7130
6932
7131
6933
7132
6934
7133
6935
7134
6936
7135
6937
7136
6938
7137
6939
7138
6940
7139
6941
7140
6942
7141
6943
7142
6944
7143
6945
7144
6946
7145
6947
7146
6948
7147
6949
7148
6950
7149
6951
7150
6952
7151
6953
7152
6954
7153
6955
7154
6956
7155
6957
7156
6958
7157
6959
7158
6960
7159
6961
7160
6962
7161
6963
7162
6964
7163
6965
7164
6966
7165
6967
7166
6968
7167
6969
7168
6970
7169
6971
7170
6972
7171
6973
7172
6974
7173
6975
7174
6976
7175
6977
7176
6978
7177
6979
7178
6980
7179
6981
7180
6982
7181
6983
7182
6984
7183
6985
7184
6986
7185
6987
7186
6988
7187
6989
7188
6990
7189
6991
7190
6992
7191
6993
7192
6994
7193
6995
7194
6996
7195
6997
7196
6998
7197
6999
7198
7199
7001
7200
7002
7201
7003
7202
7004
7203
7005
7204
7006
7205
7007
7206
7008
7207
7009
7208
7010
7209
7011
7210
7012
7211
7013
7212
7014
7213
7015
7214
7016
7215
7017
7216
7018
7217
7019
7218
7020
7219
7021
7220
7022
7221
7023
7222
7024
7223
7025
7224
7026
7225
7027
7226
7028
7227
7029
7228
7030
7229
7031
7230
7032
7231
7033
7232
7034
7233
7035
7234
7036
7235
7037
7236
7038
7237
7039
7238
7040
7239
7041
7240
7042
7241
7043
7242
7044
7243
7045
7244
7046
7245
7047
7246
7048
7247
7049
7248
7050
7249
7051
7250
7052
7251
7053
7252
7054
7253
7055
7254
7056
7255
7057
7256
7058
7257
7059
7258
7060
7259
7061
7260
7062
7261
7063
7262
7064
7263
7065
7264
7066
7265
7067
7266
7068
7267
7069
7268
7070
7269
7071
7270
7072
7271
7073
7272
7074
7273
7075
7274
7076
7275
7077
7276
7078
7277
7079
7278
7080
7279
7081
7280
7082
7281
7083
7282
7084
7283
7085
7284
7086
7285
7087
7286
7088
7287
7089
7288
7090
7289
7091
7290
7092
7291
7093
7292
7094
7293
7095
7294
7096
7295
7097
7296
7098
7297
7099
7298
7100
7299
7101
7300
7102
7301
7103
7302
7104
7303
7105
7304
7106
7305
7107
7306
7108
7307
7109
7308
7110
7309
7111
7310
7112
7311
7113
7312
7114
7313
7115
7314
7116
7315
7117
7316
7118
7317
7119
7318
7120
7319
7121
7320
7122
7321
7123
7322
7124
7323
7125
7324
7126
7325
7127
7326
7128
7327
7129
7328
7130
7329
7131
7330
7132
7331
7133
7332
7134
7333
7135
7334
7136
7335
7137
7336
7138
7337
7139
7338
7140
7339
7141
7340
7142
7341
7143
7342
7144
7343
7145
7344
7146
7345
7147
7346
7148
7347
7149
7348
7150
7349
7151
7350
7152
7351
7153
7352
7154
7353
7155
7354
7156
7355
7157
7356
7158
7357
7159
7358
7160
7359
7161
7360
7162
7361
7163
7362
7164
7363
7165
7364
7166
7365
7167
7366
7168
7367
7169
7368
7170
7369
7171
7370
7172
7371
7173
7372
7174
7373
7175
7374
7176
7375
7177
7376
7178
7377
7179
7378
7180
7379
7181
7380
7182
7381
7183
7382
7184
7383
7185
7384
7186
7385
7187
7386
7188
7387
7189
7388
7190
7389
7191
7390
7192
7391
7193
7392
7194
7393
7195
7394
7196
7395
7197
7396
7198
7397
7199
7398
7399
7201
7400
7202
7401
7203
7402
7204
7403
7205
7404
7206
7405
7207
7406
7208
7407
7209
7408
7210
7409
7211
7410
7212
7411
7213
7412
7214
7413
7215
7414
7216
7415
7217
7416
7218
7417
7219
7418
7220
7419
7221
7420
7222
7421
7223
7422
7224
7423
7225
7424
7226
7425
7227
7426
7228
7427
7229
7428
7230
7429
7231
7430
7232
7431
7233
7432
7234
7433
7235
7434
7236
7435
7237
7436
7238
7437
7239
7438
7240
7439
7241
7440
7242
7441
7243
7442
7244
7443
7245
7444
7246
7445
7247
7446
7248
7447
7249
7448
7250
7449
7251
7450
7252
7451
7253
7452
7254
7453
7255
7454
7256
7455
7257
7456
7258
7457
7259
7458
7260
7459
7261
7460
7262
7461
7263
7462
7264
7463
7265
7464
7266
7465
7267
7466
7268
7467
7269
7468
7270
7469
7271
7470
7272
7471
7273
7472
7274
7473
7275
7474
7276
7475
7277
7476
7278
7477
7279
7478
7280
7479
7281
7480
7282
7481
7283
7482
7284
7483
7285
7484
7286
7485
7287
7486
7288
7487
7289
7488
7290
7489
7291
7490
7292
7491
7293
7492
7294
7493
7295
7494
7296
7495
7297
7496
7298
7497
7299
7498
7300
7499
7301
7500
7302
7501
7303
7502
7304
7503
7305
7504
7306
7505
7307
7506
7308
7507
7309
7508
7310
7509
7311
7510
7312
7511
7313
7512
7314
7513
7315
7514
7316
7515
7317
7516
7318
7517
7319
7518
7320
7519
7321
7520
7322
7521
7323
7522
7324
7523
7325
7524
7326
7525
7327
7526
7328
7527
7329
7528
7330
7529
7331
7530
7332
7531
7333
7532
7334
7533
7335
7534
7336
7535
7337
7536
7338
7537
7339
7538
7340
7539
7341
7540
7342
7541
7343
7542
7344
7543
7345
7544
7346
7545
7347
7546
7348
7547
7349
7548
7350
7549
7351
7550
7352
7551
7353
7552
7354
7553
7355
7554
7356
7555
7357
7556
7358
7557
7359
7558
7360
7559
7361
7560
7362
7561
7363
7562
7364
7563
7365
7564
7366
7565
7367
7566
7368
7567
7369
7568
7370
7569
7371
7570
7372
7571
7373
7572
7374
7573
7375
7574
7376
7575
7377
7576
7378
7577
7379
7578
7380
7579
7381
7580
7382
7581
7383
7582
7384
7583
7385
7584
7386
7585
7387
7586
7388
7587
7389
7588
7390
7589
7391
7590
7392
7591
7393
7592
7394
7593
7395
7594
7396
7595
7397
7596
7398
7597
7399
7598
7599
7401
7402
7403
7404
7405
7406
7407
7408
7409
7410
7411
7412
7413
7414
7415
7416
7417
7418
7419
7420
7421
7422
7423
7424
7425
7426
7427
7428
7429
7430
7431
7432
7433
7434
7435
7436
7437
7438
7439
7440
7441
7442
7443
7444
7445
7446
7447
7448
7449
7450
7451
7452
7453
7454
7455
7456
7457
7458
7459
7460
7461
7462
7463
7464
7465
7466
7467
7468
7469
7470
7471
7472
7473
7474
7475
7476
7477
7478
7479
7480
7481
7482
7483
7484
7485
7486
7487
7488
7489
7490
7491
7492
7493
7494
7495
7496
7497
7498
7499
7500
7501
7502
7503
7504
7505
7506
7507
7508
7509
7510
7511
7512
7513
7514
7515
7516
7517
7518
7519
7520
7521
7522
7523
7524
7525
7526
7527
7528
7529
7530
7531
7532
7533
7534
7535
7536
7537
7538
7539
7540
7541
7542
7543
7544
7545
7546
7547
7548
7549
7550
7551
7552
7553
7554
7555
7556
7557
7558
7559
7560
7561
7562
7563
7564
7565
7566
7567
7568
7569
7570
7571
7572
7573
7574
7575
7576
7577
7578
7579
7580
7581
7582
7583
7584
7585
7586
7587
7588
7589
7590
7591
7592
7593
7594
7595
7596
7597
7598
7599
)


// ************************************************************************* //
