/*--------------------------------*- C++ -*----------------------------------*\
  =========                 |
  \\      /  F ield         | OpenFOAM: The Open Source CFD Toolbox
   \\    /   O peration     | Website:  https://openfoam.org
    \\  /    A nd           | Version:  10
     \\/     M anipulation  |
\*---------------------------------------------------------------------------*/
FoamFile
{
    format      ascii;
    class       volVectorField;
    location    "2e-05";
    object      U;
}
// * * * * * * * * * * * * * * * * * * * * * * * * * * * * * * * * * * * * * //

dimensions      [0 1 -1 0 0 0 0];

internalField   nonuniform List<vector> 
100
(
(0.97014255098342 1.2838236702302e-24 1.2838236702302e-24)
(0.97014255098342 -6.5081355741899e-23 -6.5081355741899e-23)
(0.97014255098342 -2.072188553964e-23 -2.072188553964e-23)
(0.97014255098342 5.0522516654583e-23 5.0522516654583e-23)
(0.97014255098342 3.4865525304671e-23 3.4865525304671e-23)
(0.97014255098342 7.2518888764614e-24 7.2518888764614e-24)
(0.97014255098342 1.9350341109576e-24 1.9350341109576e-24)
(0.97014255098342 8.9591540890486e-25 8.9591540890486e-25)
(0.97014255098342 -2.4849705714593e-23 -2.4849705714593e-23)
(0.97014255098342 2.3938974438769e-23 2.3938974438769e-23)
(0.97014255098342 2.4555078979754e-23 2.4555078979754e-23)
(0.97014255098342 -2.3253664266855e-23 -2.3253664266855e-23)
(0.97014255098342 -2.3950091880896e-23 -2.3950091880896e-23)
(0.97014255098342 8.008490858018e-23 8.008490858018e-23)
(0.97014255098342 -6.6824087671512e-25 -6.6824087671512e-25)
(0.97014255098342 -6.7125213717395e-23 -6.7125213717395e-23)
(0.97014255098342 1.2678341760643e-22 1.2678341760643e-22)
(0.97014255098342 -4.7731737827742e-25 -4.7731737827742e-25)
(0.97014255098342 -1.1270398954652e-22 -1.1270398954652e-22)
(0.97014255098342 9.1640506996522e-23 9.1640506996522e-23)
(0.97014255098342 1.2855937902235e-25 1.2855937902235e-25)
(0.97014255098342 -9.1681026390569e-23 -9.1681026390569e-23)
(0.97014255098342 9.1569308564634e-23 9.1569308564634e-23)
(0.97014255098342 -4.4992179758938e-25 -4.4992179758938e-25)
(0.97014255098342 -1.0284670569481e-22 -1.0284670569481e-22)
(0.97014255098342 -1.0165180886424e-23 -1.0165180886424e-23)
(0.97014255098342 1.9088102513613e-23 1.9088102513613e-23)
(0.97014255098342 1.2209351907659e-22 1.2209351907659e-22)
(0.97014255098342 2.3651891633638e-25 2.3651891633638e-25)
(0.97014255098342 -1.2191864962637e-22 -1.2191864962637e-22)
(0.97014255098342 -1.9581575044924e-23 -1.9581575044924e-23)
(0.97014255098342 8.6954482735461e-26 8.6954482735461e-26)
(0.97014255098342 2.0980413629168e-23 2.0980413629168e-23)
(0.97014255098342 1.2046566888206e-22 1.2046566888206e-22)
(0.97014255098342 -5.6824217281907e-24 -5.6824217281907e-24)
(0.97014255098342 -1.2775654392283e-22 -1.2775654392283e-22)
(0.97014255098342 -2.2528228192384e-23 -2.2528228192384e-23)
(0.97014255098342 -2.4259779328526e-26 -2.4259779328526e-26)
(0.97014255098342 2.2324783807477e-23 2.2324783807477e-23)
(0.97014255098342 1.2778799779776e-22 1.2778799779776e-22)
(0.97014255098342 6.150850330448e-24 6.150850330448e-24)
(0.97014255098342 -1.2051411537275e-22 -1.2051411537275e-22)
(0.97014255098342 -2.1288293004328e-23 -2.1288293004328e-23)
(0.97014255098342 2.5465776841499e-26 2.5465776841499e-26)
(0.97014255098342 2.1747550925541e-23 2.1747550925541e-23)
(0.97014255098342 1.1716080722796e-22 1.1716080722796e-22)
(0.97014255098342 2.3583689376457e-25 2.3583689376457e-25)
(0.97014255098342 -1.1709939492499e-22 -1.1709939492499e-22)
(0.97014255098342 -2.1326649962793e-23 -2.1326649962793e-23)
(0.97014255098342 -7.5144747500737e-25 -7.5144747500737e-25)
(0.97014255098342 -1.7737494354927e-26 -1.7737494354927e-26)
(0.97014255098342 2.9103268127036e-29 2.9103268127036e-29)
(0.97014255098342 1.8530462247714e-26 1.8530462247714e-26)
(0.97014255098342 7.4035857562416e-25 7.4035857562416e-25)
(0.97014255098342 1.9454974370515e-23 1.9454974370515e-23)
(0.97014255098342 1.2620020518118e-22 1.2620020518118e-22)
(0.97014255098342 -7.4146136012788e-23 -7.4146136012788e-23)
(0.97014255098342 -1.9529328980502e-22 -1.9529328980502e-22)
(0.97014255098342 -1.7839382728842e-23 -1.7839382728842e-23)
(0.97014255098342 -5.5723466118247e-25 -5.5723466118247e-25)
(0.97014255098342 -1.2989753228692e-26 -1.2989753228692e-26)
(0.97014255098342 -2.4039452509977e-28 -2.4039452509977e-28)
(0.97014255098342 -1.4408960388788e-31 -1.4408960388788e-31)
(0.97014255098342 2.343208751768e-28 2.343208751768e-28)
(0.97014255098342 1.2460508459403e-26 1.2460508459403e-26)
(0.97014255098342 5.0744902151189e-25 5.0744902151189e-25)
(0.97014255098342 1.5424338875621e-23 1.5424338875621e-23)
(0.97014255098342 1.5862349359313e-22 1.5862349359313e-22)
(0.97014255098342 3.1143603598236e-25 3.1143603598236e-25)
(0.97014255098342 -1.5241528334613e-22 -1.5241528334613e-22)
(0.97014255098342 5.6333865687086e-23 5.6333865687086e-23)
(0.97014255098342 5.8582136126674e-23 5.8582136126674e-23)
(0.97014255098342 -7.5430845091151e-23 -7.5430845091151e-23)
(0.97014255098342 -5.8614604830611e-23 -5.8614604830611e-23)
(0.97014255098342 7.6145878344934e-23 7.6145878344934e-23)
(0.97014255098342 5.864127404578e-23 5.864127404578e-23)
(0.97014255098342 -7.6196361314705e-23 -7.6196361314705e-23)
(0.97014255098342 -5.929472901638e-23 -5.929472901638e-23)
(0.97014255098342 7.7036909645923e-23 7.7036909645923e-23)
(0.97014255098342 8.4630987255102e-23 8.4630987255102e-23)
(0.97014255098342 1.2492841979907e-22 1.2492841979907e-22)
(0.97014255098342 -7.5504463652824e-23 -7.5504463652824e-23)
(0.97014255098342 -1.9532712764956e-22 -1.9532712764956e-22)
(0.97014255098342 -1.7825144764414e-23 -1.7825144764414e-23)
(0.97014255098342 -5.5709463900218e-25 -5.5709463900218e-25)
(0.97014255098342 -1.298842917172e-26 -1.298842917172e-26)
(0.97014255098342 -2.4038221436615e-28 -2.4038221436615e-28)
(0.97014255098342 -1.4397986919575e-31 -1.4397986919575e-31)
(0.97014255098342 2.3432087390139e-28 2.3432087390139e-28)
(0.97014255098342 1.2460508154369e-26 1.2460508154369e-26)
(0.97014255098342 5.0744898638993e-25 5.0744898638993e-25)
(0.97014255098342 1.5424335529374e-23 1.5424335529374e-23)
(0.97014255098342 1.5862340715101e-22 1.5862340715101e-22)
(0.97014255098342 3.1165092606357e-25 3.1165092606357e-25)
(0.97014255098342 -1.5240967100139e-22 -1.5240967100139e-22)
(0.97014255098342 5.6332944527984e-23 5.6332944527984e-23)
(0.97014255098342 5.8361654096771e-23 5.8361654096771e-23)
(0.97014255098342 -7.6405461456981e-23 -7.6405461456981e-23)
(0.97014255098342 -5.7114666426829e-23 -5.7114666426829e-23)
(0.97014255098342 2.6184716311544e-23 2.6184716311544e-23)
)
;

boundaryField
{
    left
    {
        type            zeroGradient;
    }
    right
    {
        type            zeroGradient;
    }
    sides
    {
        type            empty;
    }
}


// ************************************************************************* //
