/*--------------------------------*- C++ -*----------------------------------*\
  =========                 |
  \\      /  F ield         | OpenFOAM: The Open Source CFD Toolbox
   \\    /   O peration     | Website:  https://openfoam.org
    \\  /    A nd           | Version:  10
     \\/     M anipulation  |
\*---------------------------------------------------------------------------*/
FoamFile
{
    format      ascii;
    class       volVectorField;
    location    "2e-05";
    object      Us;
}
// * * * * * * * * * * * * * * * * * * * * * * * * * * * * * * * * * * * * * //

dimensions      [0 1 -1 0 0 0 0];

internalField   nonuniform List<vector> 
100
(
(0.29884398689554 1.6551618468197e-25 1.6551618468197e-25)
(0.29884398689554 1.0837448662285e-24 1.0837448662285e-24)
(0.29884398689554 -2.7292701688572e-24 -2.7292701688572e-24)
(0.29884398689554 2.0137513114678e-24 2.0137513114678e-24)
(0.29884398689554 1.0669324128666e-23 1.0669324128666e-23)
(0.29884398689554 7.3334370452425e-24 7.3334370452425e-24)
(0.29884398689554 3.3660774055684e-25 3.3660774055684e-25)
(0.29884398689554 -2.3826353548699e-24 -2.3826353548699e-24)
(0.29884398689554 1.9363293915504e-24 1.9363293915504e-24)
(0.29884398689554 4.2895391732402e-25 4.2895391732402e-25)
(0.29884398689554 -2.0122894263975e-24 -2.0122894263975e-24)
(0.29884398689554 2.1826312812953e-24 2.1826312812953e-24)
(0.29884398689554 2.1131862403788e-24 2.1131862403788e-24)
(0.29884398689554 -2.6863984131103e-24 -2.6863984131103e-24)
(0.29884398689554 -1.2467143796549e-25 -1.2467143796549e-25)
(0.29884398689554 4.1349642117476e-24 4.1349642117476e-24)
(0.29884398689554 1.6259376781781e-23 1.6259376781781e-23)
(0.29884398689554 -1.3325696517199e-25 -1.3325696517199e-25)
(0.29884398689554 -1.4656210016391e-23 -1.4656210016391e-23)
(0.29884398689554 1.4545690962406e-23 1.4545690962406e-23)
(0.29884398689554 1.2772201318898e-26 1.2772201318898e-26)
(0.29884398689554 -1.4516114436834e-23 -1.4516114436834e-23)
(0.29884398689554 1.4505439485631e-23 1.4505439485631e-23)
(0.29884398689554 -3.5665263479764e-26 -3.5665263479764e-26)
(0.29884398689554 -1.5716999918616e-23 -1.5716999918616e-23)
(0.29884398689554 -1.0992360769172e-24 -1.0992360769172e-24)
(0.29884398689554 2.520702358521e-24 2.520702358521e-24)
(0.29884398689554 2.7993682566798e-23 2.7993682566798e-23)
(0.29884398689554 3.0338876460058e-26 3.0338876460058e-26)
(0.29884398689554 -2.798091544041e-23 -2.798091544041e-23)
(0.29884398689554 -2.5804221570422e-24 -2.5804221570422e-24)
(0.29884398689554 1.057951745649e-26 1.057951745649e-26)
(0.29884398689554 2.9838716705683e-24 2.9838716705683e-24)
(0.29884398689554 3.2012437474935e-23 3.2012437474935e-23)
(0.29884398689554 6.1533017329763e-24 6.1533017329763e-24)
(0.29884398689554 -3.22319880334e-23 -3.22319880334e-23)
(0.29884398689554 -3.2499091233043e-24 -3.2499091233043e-24)
(0.29884398689554 -2.4231102231092e-27 -2.4231102231092e-27)
(0.29884398689554 3.2202496924696e-24 3.2202496924696e-24)
(0.29884398689554 3.2237409830626e-23 3.2237409830626e-23)
(0.29884398689554 -6.0861642271778e-24 -6.0861642271778e-24)
(0.29884398689554 -3.2021079741006e-23 -3.2021079741006e-23)
(0.29884398689554 -3.0261062750593e-24 -3.0261062750593e-24)
(0.29884398689554 4.0923441613336e-27 4.0923441613336e-27)
(0.29884398689554 3.1900398025969e-24 3.1900398025969e-24)
(0.29884398689554 3.1265311459646e-23 3.1265311459646e-23)
(0.29884398689554 3.5297605731371e-26 3.5297605731371e-26)
(0.29884398689554 -3.1262756050107e-23 -3.1262756050107e-23)
(0.29884398689554 -3.156897057498e-24 -3.156897057498e-24)
(0.29884398689554 -7.620054752333e-26 -7.620054752333e-26)
(0.29884398689554 -1.3903212833409e-27 -1.3903212833409e-27)
(0.29884398689554 3.0115014893426e-30 3.0115014893426e-30)
(0.29884398689554 1.5380059892569e-27 1.5380059892569e-27)
(0.29884398689554 8.0340997297675e-26 8.0340997297675e-26)
(0.29884398689554 3.1425349465961e-24 3.1425349465961e-24)
(0.29884398689554 2.9048446416978e-23 2.9048446416978e-23)
(0.29884398689554 -8.8897619297702e-24 -8.8897619297702e-24)
(0.29884398689554 -2.909026957493e-23 -2.909026957493e-23)
(0.29884398689554 -2.3639883062028e-24 -2.3639883062028e-24)
(0.29884398689554 -5.6682438525648e-26 -5.6682438525648e-26)
(0.29884398689554 -1.0666047472913e-27 -1.0666047472913e-27)
(0.29884398689554 -1.6578530170071e-29 -1.6578530170071e-29)
(0.29884398689554 -9.4724097482811e-33 -9.4724097482811e-33)
(0.29884398689554 1.6251162017992e-29 1.6251162017992e-29)
(0.29884398689554 1.0520787275795e-27 1.0520787275795e-27)
(0.29884398689554 5.4907452729258e-26 5.4907452729258e-26)
(0.29884398689554 2.1767884128472e-24 2.1767884128472e-24)
(0.29884398689554 2.3426682740261e-23 2.3426682740261e-23)
(0.29884398689554 4.4019681099894e-26 4.4019681099894e-26)
(0.29884398689554 -2.2722090514752e-23 -2.2722090514752e-23)
(0.29884398689554 6.2751080136339e-24 6.2751080136339e-24)
(0.29884398689554 -1.0485025565582e-24 -1.0485025565582e-24)
(0.29884398689554 -9.6485090742898e-24 -9.6485090742898e-24)
(0.29884398689554 1.2806389777966e-24 1.2806389777966e-24)
(0.29884398689554 9.7319657413258e-24 9.7319657413258e-24)
(0.29884398689554 -1.2819842399589e-24 -1.2819842399589e-24)
(0.29884398689554 -9.7360284434392e-24 -9.7360284434392e-24)
(0.29884398689554 1.2208854024375e-24 1.2208854024375e-24)
(0.29884398689554 9.7517214941286e-24 9.7517214941286e-24)
(0.29884398689554 2.7732076553617e-24 2.7732076553617e-24)
(0.29884398689554 2.8179865981348e-23 2.8179865981348e-23)
(0.29884398689554 -8.9686537188744e-24 -8.9686537188744e-24)
(0.29884398689554 -2.9090047363251e-23 -2.9090047363251e-23)
(0.29884398689554 -2.3632851702331e-24 -2.3632851702331e-24)
(0.29884398689554 -5.6675672442459e-26 -5.6675672442459e-26)
(0.29884398689554 -1.0665416259502e-27 -1.0665416259502e-27)
(0.29884398689554 -1.657796652757e-29 -1.657796652757e-29)
(0.29884398689554 -9.4675305280794e-33 -9.4675305280794e-33)
(0.29884398689554 1.6251161985666e-29 1.6251161985666e-29)
(0.29884398689554 1.0520787152649e-27 1.0520787152649e-27)
(0.29884398689554 5.4907451125643e-26 5.4907451125643e-26)
(0.29884398689554 2.1767882363714e-24 2.1767882363714e-24)
(0.29884398689554 2.3426677224375e-23 2.3426677224375e-23)
(0.29884398689554 4.4028862695801e-26 4.4028862695801e-26)
(0.29884398689554 -2.2721647705441e-23 -2.2721647705441e-23)
(0.29884398689554 6.2761470021408e-24 6.2761470021408e-24)
(0.29884398689554 -1.0708189469616e-24 -1.0708189469616e-24)
(0.29884398689554 -9.9021461103856e-24 -9.9021461103856e-24)
(0.29884398689554 1.9940229720969e-24 1.9940229720969e-24)
(0.29884398689554 1.2740620158278e-23 1.2740620158278e-23)
)
;

boundaryField
{
    left
    {
        type            zeroGradient;
    }
    right
    {
        type            zeroGradient;
    }
    sides
    {
        type            empty;
    }
}


// ************************************************************************* //
