/*--------------------------------*- C++ -*----------------------------------*\
  =========                 |
  \\      /  F ield         | OpenFOAM: The Open Source CFD Toolbox
   \\    /   O peration     | Website:  https://openfoam.org
    \\  /    A nd           | Version:  10
     \\/     M anipulation  |
\*---------------------------------------------------------------------------*/
FoamFile
{
    format      ascii;
    class       volVectorField;
    location    "7e-05";
    object      U;
}
// * * * * * * * * * * * * * * * * * * * * * * * * * * * * * * * * * * * * * //

dimensions      [0 1 -1 0 0 0 0];

internalField   nonuniform List<vector> 
100
(
(0.93173937786412 -1.3069529461403e-24 -1.3069529461403e-24)
(0.93172634984207 9.4076820590834e-23 9.4076820590834e-23)
(0.93172578459888 1.0340966175684e-22 1.0340966175684e-22)
(0.93172576001779 1.765604709797e-22 1.765604709797e-22)
(0.93172575936176 2.0563818408343e-23 2.0563818408343e-23)
(0.93172575934911 -2.5500912924684e-23 -2.5500912924684e-23)
(0.93172575934893 4.533376302629e-23 4.533376302629e-23)
(0.93172575934893 -1.7627236267844e-22 -1.7627236267844e-22)
(0.93172575934893 3.0969655795479e-23 3.0969655795479e-23)
(0.93172575934893 4.1885268306731e-23 4.1885268306731e-23)
(0.93172575934893 -8.4128460462375e-23 -8.4128460462375e-23)
(0.93172575934893 -7.0572926273406e-23 -7.0572926273406e-23)
(0.93172575934893 -1.0827936013799e-22 -1.0827936013799e-22)
(0.93172575934893 6.0576932659371e-23 6.0576932659371e-23)
(0.93172575934893 1.9081745499879e-22 1.9081745499879e-22)
(0.93172575934893 8.2298353978385e-23 8.2298353978385e-23)
(0.93172575934893 -3.2759258141561e-22 -3.2759258141561e-22)
(0.93172575934893 6.8159954783974e-24 6.8159954783974e-24)
(0.93172575934893 3.9743840584001e-22 3.9743840584001e-22)
(0.93172575934893 4.847865622558e-23 4.847865622558e-23)
(0.93172575934893 9.1569374976965e-24 9.1569374976965e-24)
(0.93172575934893 6.0186388567325e-23 6.0186388567325e-23)
(0.93172575934893 -6.3325403772964e-23 -6.3325403772964e-23)
(0.93172575934893 -1.640999288956e-23 -1.640999288956e-23)
(0.93172575934893 -2.7047282634688e-24 -2.7047282634688e-24)
(0.93172575934893 -7.2862421742123e-23 -7.2862421742123e-23)
(0.93172575934893 -8.9356068448466e-23 -8.9356068448466e-23)
(0.93172575934893 -1.3929004499617e-22 -1.3929004499617e-22)
(0.93172575934893 -9.7370852608747e-24 -9.7370852608747e-24)
(0.93172575934893 -1.4235872064625e-23 -1.4235872064625e-23)
(0.93172575934893 7.1465250130974e-23 7.1465250130974e-23)
(0.93172575934893 1.5185902222095e-22 1.5185902222095e-22)
(0.93172575934893 9.7697734853471e-25 9.7697734853471e-25)
(0.93172575934893 -1.2078830059406e-22 -1.2078830059406e-22)
(0.93172575934893 -1.5593455365365e-22 -1.5593455365365e-22)
(0.93172575934893 -1.878479669733e-22 -1.878479669733e-22)
(0.93172575934893 -1.056914494196e-22 -1.056914494196e-22)
(0.93172575934893 7.4456506051764e-23 7.4456506051764e-23)
(0.93172575934893 2.5992081139853e-22 2.5992081139853e-22)
(0.93172575934894 3.127569029343e-22 3.127569029343e-22)
(0.93172575934893 6.151644844556e-24 6.151644844556e-24)
(0.93172575934893 -2.3031966591023e-22 -2.3031966591023e-22)
(0.93172575934893 -6.3950862304047e-24 -6.3950862304047e-24)
(0.93172575934893 1.5090109789273e-22 1.5090109789273e-22)
(0.93172575934893 1.5132550580275e-24 1.5132550580275e-24)
(0.93172575934893 -1.015530720423e-22 -1.015530720423e-22)
(0.93172575934893 -5.6490282649671e-23 -5.6490282649671e-23)
(0.93172575934893 -4.8460427391199e-23 -4.8460427391199e-23)
(0.93172575934893 6.0234347245759e-23 6.0234347245759e-23)
(0.93172575934893 1.6474930401549e-22 1.6474930401549e-22)
(0.93172575934893 1.708982893257e-23 1.708982893257e-23)
(0.93172575934893 6.5369572656682e-25 6.5369572656682e-25)
(0.93172575934893 1.0807977642237e-24 1.0807977642237e-24)
(0.93172575934893 1.332729393916e-23 1.332729393916e-23)
(0.93172575934893 5.7754789244502e-23 5.7754789244502e-23)
(0.93172575934893 5.870713478265e-23 5.870713478265e-23)
(0.93172575934893 -1.8751172654382e-22 -1.8751172654382e-22)
(0.93172575934893 -2.5939875160617e-22 -2.5939875160617e-22)
(0.93172575934893 -1.650551952016e-22 -1.650551952016e-22)
(0.93172575934893 -8.5087963149598e-23 -8.5087963149598e-23)
(0.93172575934893 -1.6886879240349e-23 -1.6886879240349e-23)
(0.93172575934893 -5.7684132032608e-25 -5.7684132032608e-25)
(0.93172575934893 -1.1437547529954e-26 -1.1437547529954e-26)
(0.93172575934893 4.9515464861241e-26 4.9515464861241e-26)
(0.93172575934893 8.8137120928428e-25 8.8137120928428e-25)
(0.93172575934893 6.912950481064e-24 6.912950481064e-24)
(0.93172575934893 -4.0270208400166e-23 -4.0270208400166e-23)
(0.93172575934893 -1.4292083493363e-22 -1.4292083493363e-22)
(0.93172575934893 4.0711055624457e-23 4.0711055624457e-23)
(0.93172575934893 1.4813855250612e-22 1.4813855250612e-22)
(0.93172575934893 1.6829967932846e-22 1.6829967932846e-22)
(0.93172575934893 4.6981516476069e-23 4.6981516476069e-23)
(0.93172575934893 -1.2482592656409e-22 -1.2482592656409e-22)
(0.93172575934893 5.8580157443327e-23 5.8580157443327e-23)
(0.93172575934893 1.9807594144674e-22 1.9807594144674e-22)
(0.93172575934893 -6.0644389795575e-23 -6.0644389795575e-23)
(0.93172575934893 -1.9975074931312e-22 -1.9975074931312e-22)
(0.93172575934893 5.7712253050329e-23 5.7712253050329e-23)
(0.93172575934893 2.1036537615577e-22 2.1036537615577e-22)
(0.93172575934893 5.5055367984313e-23 5.5055367984313e-23)
(0.93172575934893 1.0185937325159e-22 1.0185937325159e-22)
(0.93172575934893 -1.0222401890307e-23 -1.0222401890307e-23)
(0.93172575934893 -2.4480256645024e-22 -2.4480256645024e-22)
(0.93172575934893 -1.6715153127988e-22 -1.6715153127988e-22)
(0.93172575934893 -8.5608694265197e-23 -8.5608694265197e-23)
(0.93172575934893 -1.6839383938639e-23 -1.6839383938639e-23)
(0.93172575934893 -5.7502601828643e-25 -5.7502601828643e-25)
(0.93172575934893 -1.1397596940693e-26 -1.1397596940693e-26)
(0.93172575934893 4.9494870951425e-26 4.9494870951425e-26)
(0.93172575934893 8.7717485496531e-25 8.7717485496531e-25)
(0.93172575934893 7.0435209427334e-24 7.0435209427334e-24)
(0.93172575934893 3.7067179982803e-25 3.7067179982803e-25)
(0.93172575934893 -1.9975414232529e-22 -1.9975414232529e-22)
(0.93172575934892 -1.88318538204e-23 -1.88318538204e-23)
(0.9317257593484 2.6563469468699e-22 2.6563469468699e-22)
(0.93172575930738 2.1062388450861e-22 2.1062388450861e-22)
(0.93172575687166 1.1325684310571e-22 1.1325684310571e-22)
(0.93172564699457 -2.5742746965241e-22 -2.5742746965241e-22)
(0.93172236143041 -1.5185527920958e-22 -1.5185527920958e-22)
(0.93164791795923 9.9094181787717e-23 9.9094181787717e-23)
)
;

boundaryField
{
    left
    {
        type            zeroGradient;
    }
    right
    {
        type            zeroGradient;
    }
    sides
    {
        type            empty;
    }
}


// ************************************************************************* //
