/*--------------------------------*- C++ -*----------------------------------*\
  =========                 |
  \\      /  F ield         | OpenFOAM: The Open Source CFD Toolbox
   \\    /   O peration     | Website:  https://openfoam.org
    \\  /    A nd           | Version:  10
     \\/     M anipulation  |
\*---------------------------------------------------------------------------*/
FoamFile
{
    format      ascii;
    class       volVectorField;
    location    "7e-05";
    object      Us;
}
// * * * * * * * * * * * * * * * * * * * * * * * * * * * * * * * * * * * * * //

dimensions      [0 1 -1 0 0 0 0];

internalField   nonuniform List<vector> 
100
(
(0.68335860903128 -2.3076671101986e-23 -2.3076671101986e-23)
(0.68335802182962 -5.5017512521463e-23 -5.5017512521463e-23)
(0.68335799796346 1.0579315616092e-23 1.0579315616092e-23)
(0.68335799706679 1.4305258469685e-22 1.4305258469685e-22)
(0.68335799704638 7.8131829763144e-23 7.8131829763144e-23)
(0.68335799704603 -1.4768569224976e-23 -1.4768569224976e-23)
(0.68335799704602 2.7900571744577e-24 2.7900571744577e-24)
(0.68335799704602 -5.4744563547703e-23 -5.4744563547703e-23)
(0.68335799704602 -2.2084435410986e-23 -2.2084435410986e-23)
(0.68335799704602 6.5287500734257e-23 6.5287500734257e-23)
(0.68335799704602 1.4596810497153e-23 1.4596810497153e-23)
(0.68335799704602 -5.6015748770358e-23 -5.6015748770358e-23)
(0.68335799704602 -4.339106685466e-23 -4.339106685466e-23)
(0.68335799704602 8.8092286267573e-24 8.8092286267573e-24)
(0.68335799704602 3.1416895981389e-23 3.1416895981389e-23)
(0.68335799704602 1.5635783941413e-23 1.5635783941413e-23)
(0.68335799704602 -7.8259682396316e-23 -7.8259682396316e-23)
(0.68335799704602 1.4538504425151e-24 1.4538504425151e-24)
(0.68335799704602 1.0279887229651e-22 1.0279887229651e-22)
(0.68335799704602 8.565941125804e-23 8.565941125804e-23)
(0.68335799704602 2.1903975082764e-24 2.1903975082764e-24)
(0.68335799704602 -5.4035451960947e-23 -5.4035451960947e-23)
(0.68335799704602 5.2926893889529e-23 5.2926893889529e-23)
(0.68335799704602 -4.879688169127e-24 -4.879688169127e-24)
(0.68335799704602 -8.778905606523e-23 -8.778905606523e-23)
(0.68335799704602 -3.5573254195428e-23 -3.5573254195428e-23)
(0.68335799704602 -1.0316065855004e-23 -1.0316065855004e-23)
(0.68335799704602 -6.210179773055e-24 -6.210179773055e-24)
(0.68335799704602 1.3062296452941e-23 1.3062296452941e-23)
(0.68335799704602 -1.5545503214711e-23 -1.5545503214711e-23)
(0.68335799704602 -8.0129066761023e-24 -8.0129066761023e-24)
(0.68335799704602 2.1498056242879e-23 2.1498056242879e-23)
(0.68335799704602 -1.2040678758465e-24 -1.2040678758465e-24)
(0.68335799704602 1.3802720679578e-23 1.3802720679578e-23)
(0.68335799704602 -1.3506143419004e-23 -1.3506143419004e-23)
(0.68335799704602 -9.1574344503167e-23 -9.1574344503167e-23)
(0.68335799704602 -3.8505668517636e-23 -3.8505668517636e-23)
(0.68335799704602 -5.9672792892123e-25 -5.9672792892123e-25)
(0.68335799704602 6.6310416423363e-23 6.6310416423363e-23)
(0.68335799704603 1.0640346487235e-22 1.0640346487235e-22)
(0.68335799704602 7.7080252783069e-25 7.7080252783069e-25)
(0.68335799704602 -4.9806696688733e-23 -4.9806696688733e-23)
(0.68335799704602 -1.3989051564862e-23 -1.3989051564862e-23)
(0.68335799704602 2.1645785804242e-23 2.1645785804242e-23)
(0.68335799704602 -6.6702979515728e-25 -6.6702979515728e-25)
(0.68335799704602 1.5238516695476e-23 1.5238516695476e-23)
(0.68335799704602 1.3368648734476e-23 1.3368648734476e-23)
(0.68335799704602 -3.6458265248879e-23 -3.6458265248879e-23)
(0.68335799704602 -1.1188002395024e-23 -1.1188002395024e-23)
(0.68335799704602 2.5015748491676e-23 2.5015748491676e-23)
(0.68335799704602 2.22767365303e-24 2.22767365303e-24)
(0.68335799704602 7.0992449963128e-26 7.0992449963128e-26)
(0.68335799704602 2.6726955839269e-25 2.6726955839269e-25)
(0.68335799704602 4.2600032730382e-24 4.2600032730382e-24)
(0.68335799704602 3.4431588120105e-23 3.4431588120105e-23)
(0.68335799704602 8.8538121279672e-23 8.8538121279672e-23)
(0.68335799704602 -7.9606088731463e-23 -7.9606088731463e-23)
(0.68335799704602 -1.5643829006112e-22 -1.5643829006112e-22)
(0.68335799704602 -5.5617203990833e-23 -5.5617203990833e-23)
(0.68335799704602 -3.4477138517203e-23 -3.4477138517203e-23)
(0.68335799704602 -2.5098747097981e-24 -2.5098747097981e-24)
(0.68335799704602 -6.3506250810224e-26 -6.3506250810224e-26)
(0.68335799704602 -1.003949287727e-27 -1.003949287727e-27)
(0.68335799704602 1.019643058433e-26 1.019643058433e-26)
(0.68335799704602 1.928225384637e-25 1.928225384637e-25)
(0.68335799704602 2.7865765160134e-24 2.7865765160134e-24)
(0.68335799704602 1.437555395173e-23 1.437555395173e-23)
(0.68335799704602 3.9407118632538e-24 3.9407118632538e-24)
(0.68335799704602 2.4608257764319e-24 2.4608257764319e-24)
(0.68335799704602 1.6097412754357e-23 1.6097412754357e-23)
(0.68335799704602 6.2949702395797e-23 6.2949702395797e-23)
(0.68335799704602 3.8330239538979e-23 3.8330239538979e-23)
(0.68335799704602 -6.8083542936712e-23 -6.8083542936712e-23)
(0.68335799704602 -1.914617669873e-23 -1.914617669873e-23)
(0.68335799704602 7.1644704678482e-23 7.1644704678482e-23)
(0.68335799704602 1.9092778877434e-23 1.9092778877434e-23)
(0.68335799704602 -7.2088795401456e-23 -7.2088795401456e-23)
(0.68335799704602 -2.0758562289612e-23 -2.0758562289612e-23)
(0.68335799704602 7.6537493838602e-23 7.6537493838602e-23)
(0.68335799704602 6.6886538538859e-23 6.6886538538859e-23)
(0.68335799704602 1.0540121080539e-22 1.0540121080539e-22)
(0.68335799704602 -5.2655280935261e-23 -5.2655280935261e-23)
(0.68335799704602 -1.5482085042303e-22 -1.5482085042303e-22)
(0.68335799704602 -5.6052902792411e-23 -5.6052902792411e-23)
(0.68335799704602 -3.4533946926948e-23 -3.4533946926948e-23)
(0.68335799704602 -2.5023885358137e-24 -2.5023885358137e-24)
(0.68335799704602 -6.3320909870004e-26 -6.3320909870004e-26)
(0.68335799704602 -1.0006591963984e-27 -1.0006591963984e-27)
(0.68335799704602 1.0196099092162e-26 1.0196099092162e-26)
(0.68335799704602 1.9274530632273e-25 1.9274530632273e-25)
(0.68335799704602 2.7889126213481e-24 2.7889126213481e-24)
(0.68335799704602 1.5349176970718e-23 1.5349176970718e-23)
(0.68335799704602 2.9152860710338e-24 2.9152860710338e-24)
(0.68335799704602 7.8871720090943e-25 7.8871720090943e-25)
(0.68335799704601 1.9505151551391e-23 1.9505151551391e-23)
(0.68335799704491 6.3916449698391e-23 6.3916449698391e-23)
(0.68335799697171 4.0737770248077e-23 4.0737770248077e-23)
(0.68335799308204 -7.5286566023083e-23 -7.5286566023083e-23)
(0.68335785450088 -6.2416575038005e-23 -6.2416575038005e-23)
(0.67751245994099 -7.7600190468993e-24 -7.7600190468993e-24)
)
;

boundaryField
{
    left
    {
        type            zeroGradient;
    }
    right
    {
        type            zeroGradient;
    }
    sides
    {
        type            empty;
    }
}


// ************************************************************************* //
