/*--------------------------------*- C++ -*----------------------------------*\
  =========                 |
  \\      /  F ield         | OpenFOAM: The Open Source CFD Toolbox
   \\    /   O peration     | Website:  https://openfoam.org
    \\  /    A nd           | Version:  10
     \\/     M anipulation  |
\*---------------------------------------------------------------------------*/
FoamFile
{
    format      ascii;
    class       volVectorField;
    location    "1e-05";
    object      U;
}
// * * * * * * * * * * * * * * * * * * * * * * * * * * * * * * * * * * * * * //

dimensions      [0 1 -1 0 0 0 0];

internalField   nonuniform List<vector> 
100
(
(0.98358312140574 2.4921336015583e-25 2.4921336015583e-25)
(0.98358312140574 5.9911641019799e-24 5.9911641019799e-24)
(0.98358312140574 -6.3966060540434e-24 -6.3966060540434e-24)
(0.98358312140574 -1.2026282851119e-23 -1.2026282851119e-23)
(0.98358312140574 2.5698043924689e-23 2.5698043924689e-23)
(0.98358312140574 5.8408288208281e-23 5.8408288208281e-23)
(0.98358312140574 8.2326680584912e-25 8.2326680584912e-25)
(0.98358312140574 -3.1804974214475e-23 -3.1804974214475e-23)
(0.98358312140574 3.1687999456603e-23 3.1687999456603e-23)
(0.98358312140574 1.1787629966892e-26 1.1787629966892e-26)
(0.98358312140574 -3.1970492913584e-23 -3.1970492913584e-23)
(0.98358312140574 3.2442343726024e-23 3.2442343726024e-23)
(0.98358312140574 3.4190345330194e-23 3.4190345330194e-23)
(0.98358312140574 -1.3443071674626e-23 -1.3443071674626e-23)
(0.98358312140574 4.1277857076236e-26 4.1277857076236e-26)
(0.98358312140574 1.5221644593893e-23 1.5221644593893e-23)
(0.98358312140574 1.5853648148491e-23 1.5853648148491e-23)
(0.98358312140574 -1.9877194344676e-26 -1.9877194344676e-26)
(0.98358312140574 -1.5627402145968e-23 -1.5627402145968e-23)
(0.98358312140574 1.5614280902898e-23 1.5614280902898e-23)
(0.98358312140574 1.3134899005542e-26 1.3134899005542e-26)
(0.98358312140574 -1.5626557375139e-23 -1.5626557375139e-23)
(0.98358312140574 1.5624165923506e-23 1.5624165923506e-23)
(0.98358312140574 -5.2899313725419e-26 -5.2899313725419e-26)
(0.98358312140574 -1.7035441410221e-23 -1.7035441410221e-23)
(0.98358312140574 -1.2193939426304e-24 -1.2193939426304e-24)
(0.98358312140574 5.38840099721e-24 5.38840099721e-24)
(0.98358312140574 9.1292759003818e-23 9.1292759003818e-23)
(0.98358312140574 6.4051755328679e-26 6.4051755328679e-26)
(0.98358312140574 -9.1280222405816e-23 -9.1280222405816e-23)
(0.98358312140574 -5.5530171593098e-24 -5.5530171593098e-24)
(0.98358312140574 1.2788264214401e-26 1.2788264214401e-26)
(0.98358312140574 7.3835462333387e-24 7.3835462333387e-24)
(0.98358312140574 1.4488485535685e-22 1.4488485535685e-22)
(0.98358312140574 4.5052694285795e-23 4.5052694285795e-23)
(0.98358312140574 -1.3750176796553e-22 -1.3750176796553e-22)
(0.98358312140574 -8.4045729637023e-24 -8.4045729637023e-24)
(0.98358312140574 -3.4072369086977e-27 -3.4072369086977e-27)
(0.98358312140574 8.3274441107814e-24 8.3274441107814e-24)
(0.98358312140574 1.3752655214734e-22 1.3752655214734e-22)
(0.98358312140574 -4.4884014192158e-23 -4.4884014192158e-23)
(0.98358312140574 -1.4491720639382e-22 -1.4491720639382e-22)
(0.98358312140574 -7.4775182452514e-24 -7.4775182452514e-24)
(0.98358312140574 1.1005686971401e-26 1.1005686971401e-26)
(0.98358312140574 8.4530042031483e-24 8.4530042031483e-24)
(0.98358312140574 1.4127928760285e-22 1.4127928760285e-22)
(0.98358312140574 9.5352768522605e-26 9.5352768522605e-26)
(0.98358312140574 -1.4128747209318e-22 -1.4128747209318e-22)
(0.98358312140574 -8.4447376636915e-24 -8.4447376636915e-24)
(0.98358312140574 -1.0877490266577e-25 -1.0877490266577e-25)
(0.98358312140574 -9.8665098931288e-28 -9.8665098931288e-28)
(0.98358312140574 3.0588339759357e-30 3.0588339759357e-30)
(0.98358312140574 1.3717627551008e-27 1.3717627551008e-27)
(0.98358312140574 1.3896750615006e-25 1.3896750615006e-25)
(0.98358312140574 9.1638931907519e-24 9.1638931907519e-24)
(0.98358312140574 1.0800723949283e-22 1.0800723949283e-22)
(0.98358312140574 -2.6955188400342e-23 -2.6955188400342e-23)
(0.98358312140574 -6.4631034314047e-23 -6.4631034314047e-23)
(0.98358312140574 -5.3723200273357e-24 -5.3723200273357e-24)
(0.98358312140574 -9.4139046914025e-26 -9.4139046914025e-26)
(0.98358312140574 -1.032646487626e-27 -1.032646487626e-27)
(0.98358312140574 -8.1575072463669e-30 -8.1575072463669e-30)
(0.98358312140574 -4.386022809278e-33 -4.386022809278e-33)
(0.98358312140574 7.6067865055117e-30 7.6067865055117e-30)
(0.98358312140574 9.9285297710414e-28 9.9285297710414e-28)
(0.98358312140574 9.6816291607926e-26 9.6816291607926e-26)
(0.98358312140574 6.3545420702804e-24 6.3545420702804e-24)
(0.98358312140574 7.6558735064895e-23 7.6558735064895e-23)
(0.98358312140574 1.4213712571558e-25 1.4213712571558e-25)
(0.98358312140574 -7.5593250442821e-23 -7.5593250442821e-23)
(0.98358312140574 1.8859261696993e-23 1.8859261696993e-23)
(0.98358312140574 -4.4199329795795e-23 -4.4199329795795e-23)
(0.98358312140574 -3.0743986935499e-23 -3.0743986935499e-23)
(0.98358312140574 4.5867621590707e-23 4.5867621590707e-23)
(0.98358312140574 3.0938266316696e-23 3.0938266316696e-23)
(0.98358312140574 -4.5882267002363e-23 -4.5882267002363e-23)
(0.98358312140574 -3.0946522949978e-23 -3.0946522949978e-23)
(0.98358312140574 4.5780583171869e-23 4.5780583171869e-23)
(0.98358312140574 3.1232948503632e-23 3.1232948503632e-23)
(0.98358312140574 -3.5228202657258e-23 -3.5228202657258e-23)
(0.98358312140574 1.0379850695498e-22 1.0379850695498e-22)
(0.98358312140574 -2.6949859745838e-23 -2.6949859745838e-23)
(0.98358312140574 -6.4619931600908e-23 -6.4619931600908e-23)
(0.98358312140574 -5.3718895146755e-24 -5.3718895146755e-24)
(0.98358312140574 -9.4137796173674e-26 -9.4137796173674e-26)
(0.98358312140574 -1.0326439359226e-27 -1.0326439359226e-27)
(0.98358312140574 -8.1575081802079e-30 -8.1575081802079e-30)
(0.98358312140574 -4.3843138873108e-33 -4.3843138873108e-33)
(0.98358312140574 7.6067865557881e-30 7.6067865557881e-30)
(0.98358312140574 9.9285297792742e-28 9.9285297792742e-28)
(0.98358312140574 9.6816291589072e-26 9.6816291589072e-26)
(0.98358312140574 6.3545420613777e-24 6.3545420613777e-24)
(0.98358312140574 7.6558734154734e-23 7.6558734154734e-23)
(0.98358312140574 1.4212769258991e-25 1.4212769258991e-25)
(0.98358312140574 -7.5593110514861e-23 -7.5593110514861e-23)
(0.98358312140574 1.8863660809712e-23 1.8863660809712e-23)
(0.98358312140574 -4.4220171063237e-23 -4.4220171063237e-23)
(0.98358312140574 -3.1963801477936e-23 -3.1963801477936e-23)
(0.98358312140574 4.981442283777e-23 4.981442283777e-23)
(0.98358312140574 8.2506883101959e-23 8.2506883101959e-23)
)
;

boundaryField
{
    left
    {
        type            zeroGradient;
    }
    right
    {
        type            zeroGradient;
    }
    sides
    {
        type            empty;
    }
}


// ************************************************************************* //
