/*--------------------------------*- C++ -*----------------------------------*\
  =========                 |
  \\      /  F ield         | OpenFOAM: The Open Source CFD Toolbox
   \\    /   O peration     | Website:  https://openfoam.org
    \\  /    A nd           | Version:  10
     \\/     M anipulation  |
\*---------------------------------------------------------------------------*/
FoamFile
{
    format      ascii;
    class       volVectorField;
    location    "1e-05";
    object      Us;
}
// * * * * * * * * * * * * * * * * * * * * * * * * * * * * * * * * * * * * * //

dimensions      [0 1 -1 0 0 0 0];

internalField   nonuniform List<vector> 
100
(
(0.16431701716234 1.2943963043262e-26 1.2943963043262e-26)
(0.16431701716234 3.9405631295581e-25 3.9405631295581e-25)
(0.16431701716234 -4.1508348185739e-25 -4.1508348185739e-25)
(0.16431701716234 -7.7842864283159e-25 -7.7842864283159e-25)
(0.16431701716234 1.6055719575655e-24 1.6055719575655e-24)
(0.16431701716234 2.8827629547047e-24 2.8827629547047e-24)
(0.16431701716234 4.5576815844215e-26 4.5576815844215e-26)
(0.16431701716234 -1.22981438614e-24 -1.22981438614e-24)
(0.16431701716234 1.2200327421647e-24 1.2200327421647e-24)
(0.16431701716234 2.7793416077676e-28 2.7793416077676e-28)
(0.16431701716234 -1.217451943459e-24 -1.217451943459e-24)
(0.16431701716234 1.2068345597868e-24 1.2068345597868e-24)
(0.16431701716234 1.3041398762066e-24 1.3041398762066e-24)
(0.16431701716234 1.4541392114073e-24 1.4541392114073e-24)
(0.16431701716234 3.6843270382274e-27 3.6843270382274e-27)
(0.16431701716234 -1.3468034949826e-24 -1.3468034949826e-24)
(0.16431701716234 1.9040320224191e-24 1.9040320224191e-24)
(0.16431701716234 6.7589396504163e-28 6.7589396504163e-28)
(0.16431701716234 -1.9010126002321e-24 -1.9010126002321e-24)
(0.16431701716234 1.8997435248487e-24 1.8997435248487e-24)
(0.16431701716234 1.2694986515971e-27 1.2694986515971e-27)
(0.16431701716234 -1.9009836763752e-24 -1.9009836763752e-24)
(0.16431701716234 1.9001222327923e-24 1.9001222327923e-24)
(0.16431701716234 -2.053511910051e-27 -2.053511910051e-27)
(0.16431701716234 -2.0263038768817e-24 -2.0263038768817e-24)
(0.16431701716234 -1.1698563202031e-25 -1.1698563202031e-25)
(0.16431701716234 3.6346803564716e-25 3.6346803564716e-25)
(0.16431701716234 8.4150181675743e-24 8.4150181675743e-24)
(0.16431701716234 4.2419325973933e-27 4.2419325973933e-27)
(0.16431701716234 -8.4143652037045e-24 -8.4143652037045e-24)
(0.16431701716234 -3.7147084755895e-25 -3.7147084755895e-25)
(0.16431701716234 3.1847311598341e-28 3.1847311598341e-28)
(0.16431701716234 4.4900054875407e-25 4.4900054875407e-25)
(0.16431701716234 1.3169012290059e-23 1.3169012290059e-23)
(0.16431701716234 5.77348588285e-24 5.77348588285e-24)
(0.16431701716234 -1.2721849232632e-23 -1.2721849232632e-23)
(0.16431701716234 -5.1553952453217e-25 -5.1553952453217e-25)
(0.16431701716234 -1.5806205311963e-28 -1.5806205311963e-28)
(0.16431701716234 5.1077027160678e-25 5.1077027160678e-25)
(0.16431701716234 1.2723255456646e-23 1.2723255456646e-23)
(0.16431701716234 -5.7631201937888e-24 -5.7631201937888e-24)
(0.16431701716234 -1.3171038838593e-23 -1.3171038838593e-23)
(0.16431701716234 -4.5421944862375e-25 -4.5421944862375e-25)
(0.16431701716234 4.7133404527242e-28 4.7133404527242e-28)
(0.16431701716234 5.1613791478461e-25 5.1613791478461e-25)
(0.16431701716234 1.2949388654436e-23 1.2949388654436e-23)
(0.16431701716234 5.8460546511447e-27 5.8460546511447e-27)
(0.16431701716234 -1.2950040281979e-23 -1.2950040281979e-23)
(0.16431701716234 -5.1688830837748e-25 -5.1688830837748e-25)
(0.16431701716234 -5.0354085748937e-27 -5.0354085748937e-27)
(0.16431701716234 -3.7413158642031e-29 -3.7413158642031e-29)
(0.16431701716234 1.0879113261137e-31 1.0879113261137e-31)
(0.16431701716234 5.4327036088757e-29 5.4327036088757e-29)
(0.16431701716234 6.9482888955234e-27 6.9482888955234e-27)
(0.16431701716234 6.5058999689336e-25 6.5058999689336e-25)
(0.16431701716234 1.380691641983e-23 1.380691641983e-23)
(0.16431701716234 -3.1931576267262e-25 -3.1931576267262e-25)
(0.16431701716234 -8.1199772843595e-24 -8.1199772843595e-24)
(0.16431701716234 -4.2577639160838e-25 -4.2577639160838e-25)
(0.16431701716234 -5.0594783850988e-27 -5.0594783850988e-27)
(0.16431701716234 -4.3288492808325e-29 -4.3288492808325e-29)
(0.16431701716234 -2.8652685024676e-31 -2.8652685024676e-31)
(0.16431701716234 -1.3169808827666e-34 -1.3169808827666e-34)
(0.16431701716234 2.6714018560739e-31 2.6714018560739e-31)
(0.16431701716234 4.1235708125268e-29 4.1235708125268e-29)
(0.16431701716234 5.0076328809805e-27 5.0076328809805e-27)
(0.16431701716234 4.5293284275866e-25 4.5293284275866e-25)
(0.16431701716234 9.5910836816603e-24 9.5910836816603e-24)
(0.16431701716234 8.9073267132453e-27 8.9073267132453e-27)
(0.16431701716234 -9.5406185053276e-24 -9.5406185053276e-24)
(0.16431701716234 -2.3587057766206e-25 -2.3587057766206e-25)
(0.16431701716234 -5.7231476514292e-24 -5.7231476514292e-24)
(0.16431701716234 -5.4819710120994e-25 -5.4819710120994e-25)
(0.16431701716234 5.8283121252605e-24 5.8283121252605e-24)
(0.16431701716234 5.5780862672904e-25 5.5780862672904e-25)
(0.16431701716234 -5.8290190163148e-24 -5.8290190163148e-24)
(0.16431701716234 -5.5811597083897e-25 -5.5811597083897e-25)
(0.16431701716234 5.8233980036772e-24 5.8233980036772e-24)
(0.16431701716234 5.761404799144e-25 5.761404799144e-25)
(0.16431701716234 -5.1025271225496e-24 -5.1025271225496e-24)
(0.16431701716234 1.3564310309302e-23 1.3564310309302e-23)
(0.16431701716234 -3.2012420281027e-25 -3.2012420281027e-25)
(0.16431701716234 -8.1194535513167e-24 -8.1194535513167e-24)
(0.16431701716234 -4.2576580500941e-25 -4.2576580500941e-25)
(0.16431701716234 -5.0594521723591e-27 -5.0594521723591e-27)
(0.16431701716234 -4.328844561942e-29 -4.328844561942e-29)
(0.16431701716234 -2.865270845221e-31 -2.865270845221e-31)
(0.16431701716234 -1.3155612543481e-34 -1.3155612543481e-34)
(0.16431701716234 2.6714018840226e-31 2.6714018840226e-31)
(0.16431701716234 4.1235708196614e-29 4.1235708196614e-29)
(0.16431701716234 5.0076328806024e-27 5.0076328806024e-27)
(0.16431701716234 4.5293284256979e-25 4.5293284256979e-25)
(0.16431701716234 9.5910836580368e-24 9.5910836580368e-24)
(0.16431701716234 8.9070439981213e-27 8.9070439981213e-27)
(0.16431701716234 -9.5406140356545e-24 -9.5406140356545e-24)
(0.16431701716234 -2.3572571811356e-25 -2.3572571811356e-25)
(0.16431701716234 -5.7239031561175e-24 -5.7239031561175e-24)
(0.16431701716234 -6.222739112681e-25 -6.222739112681e-25)
(0.16431701716234 6.0646512553019e-24 6.0646512553019e-24)
(0.16431701716234 6.7125233577531e-24 6.7125233577531e-24)
)
;

boundaryField
{
    left
    {
        type            zeroGradient;
    }
    right
    {
        type            zeroGradient;
    }
    sides
    {
        type            empty;
    }
}


// ************************************************************************* //
