/*--------------------------------*- C++ -*----------------------------------*\
  =========                 |
  \\      /  F ield         | OpenFOAM: The Open Source CFD Toolbox
   \\    /   O peration     | Website:  https://openfoam.org
    \\  /    A nd           | Version:  10
     \\/     M anipulation  |
\*---------------------------------------------------------------------------*/
FoamFile
{
    format      ascii;
    class       volVectorField;
    location    "0.00015";
    object      U;
}
// * * * * * * * * * * * * * * * * * * * * * * * * * * * * * * * * * * * * * //

dimensions      [0 1 -1 0 0 0 0];

internalField   nonuniform List<vector> 
100
(
(0.91384694187736 -9.5293758397187e-23 -9.5293758397187e-23)
(0.91381586566917 5.1497888749358e-23 5.1497888749358e-23)
(0.91380803099269 1.2153095632316e-22 1.2153095632316e-22)
(0.91379012615155 9.853370863278e-23 9.853370863278e-23)
(0.91378120321565 2.0843781863399e-22 2.0843781863399e-22)
(0.91377791011545 1.4853456449526e-22 1.4853456449526e-22)
(0.91377696338741 -9.4221179572573e-23 -9.4221179572573e-23)
(0.91377673757386 -3.319334342878e-22 -3.319334342878e-22)
(0.91377669152033 -1.6138275027022e-22 -1.6138275027022e-22)
(0.91377668330632 1.752451639966e-22 1.752451639966e-22)
(0.91377668200335 1.6026176198286e-22 1.6026176198286e-22)
(0.91377668181725 -8.8014357914471e-23 -8.8014357914471e-23)
(0.91377668179303 -1.0004584655104e-22 -1.0004584655104e-22)
(0.91377668179013 1.2780954864881e-22 1.2780954864881e-22)
(0.91377668178982 1.3123102619693e-22 1.3123102619693e-22)
(0.9137766817898 2.0938407654249e-22 2.0938407654249e-22)
(0.9137766817898 1.2951778849065e-22 1.2951778849065e-22)
(0.9137766817898 3.8604157509467e-23 3.8604157509467e-23)
(0.9137766817898 -2.9084488369727e-22 -2.9084488369727e-22)
(0.9137766817898 -4.1054456036422e-22 -4.1054456036422e-22)
(0.91377668178981 2.2567964638859e-22 2.2567964638859e-22)
(0.9137766817898 3.6023201523973e-22 3.6023201523973e-22)
(0.9137766817898 -2.1976436262982e-22 -2.1976436262982e-22)
(0.91377668178981 -1.2411623866313e-22 -1.2411623866313e-22)
(0.9137766817898 1.501187470578e-22 1.501187470578e-22)
(0.9137766817898 -7.3383574893232e-23 -7.3383574893232e-23)
(0.9137766817898 -1.1478130261248e-22 -1.1478130261248e-22)
(0.9137766817898 -6.1161920999737e-23 -6.1161920999737e-23)
(0.91377668178979 6.5624883434571e-23 6.5624883434571e-23)
(0.9137766817898 2.4090982603429e-22 2.4090982603429e-22)
(0.9137766817898 1.103495296152e-22 1.103495296152e-22)
(0.9137766817898 -1.6063471114424e-22 -1.6063471114424e-22)
(0.9137766817898 -1.0446702619557e-23 -1.0446702619557e-23)
(0.91377668178981 -1.9297960844091e-23 -1.9297960844091e-23)
(0.91377668178979 -2.527035562372e-22 -2.527035562372e-22)
(0.9137766817898 -1.7942669401794e-22 -1.7942669401794e-22)
(0.91377668178979 2.8078312491698e-22 2.8078312491698e-22)
(0.9137766817898 2.6898618083707e-22 2.6898618083707e-22)
(0.9137766817898 1.0448158775691e-22 1.0448158775691e-22)
(0.91377668178981 1.925614141618e-22 1.925614141618e-22)
(0.91377668178979 1.440825924883e-23 1.440825924883e-23)
(0.9137766817898 -7.2895283529325e-23 -7.2895283529325e-23)
(0.9137766817898 -1.273905361604e-22 -1.273905361604e-22)
(0.9137766817898 -2.451712599503e-22 -2.451712599503e-22)
(0.9137766817898 -6.8123948141132e-23 -6.8123948141132e-23)
(0.9137766817898 -3.5074401439851e-23 -3.5074401439851e-23)
(0.9137766817898 1.4002368234461e-22 1.4002368234461e-22)
(0.9137766817898 2.1595844517218e-22 2.1595844517218e-22)
(0.9137766817898 -2.7744157090574e-23 -2.7744157090574e-23)
(0.9137766817898 -6.9523822074564e-23 -6.9523822074564e-23)
(0.9137766817898 -1.9969841239452e-23 -1.9969841239452e-23)
(0.9137766817898 4.2763290613728e-23 4.2763290613728e-23)
(0.9137766817898 2.4992528781387e-23 2.4992528781387e-23)
(0.9137766817898 1.4119677483467e-22 1.4119677483467e-22)
(0.9137766817898 6.1958300995249e-23 6.1958300995249e-23)
(0.9137766817898 6.3359136083859e-23 6.3359136083859e-23)
(0.9137766817898 -5.0497114041815e-23 -5.0497114041815e-23)
(0.9137766817898 -3.7462258434675e-22 -3.7462258434675e-22)
(0.91377668178979 -1.4850513064364e-22 -1.4850513064364e-22)
(0.9137766817898 2.2437926270755e-23 2.2437926270755e-23)
(0.91377668178979 -7.568631511153e-23 -7.568631511153e-23)
(0.9137766817898 -1.6338362823806e-22 -1.6338362823806e-22)
(0.91377668178979 -5.832225131566e-23 -5.832225131566e-23)
(0.9137766817898 -1.1292410471583e-22 -1.1292410471583e-22)
(0.91377668178979 9.107228766472e-25 9.107228766472e-25)
(0.9137766817898 -6.2479408762015e-23 -6.2479408762015e-23)
(0.91377668178979 -1.7724995898231e-22 -1.7724995898231e-22)
(0.91377668178979 6.5067762018506e-23 6.5067762018506e-23)
(0.91377668178979 1.4497168083942e-23 1.4497168083942e-23)
(0.9137766817898 1.3994844801268e-23 1.3994844801268e-23)
(0.91377668178979 2.9284532409492e-22 2.9284532409492e-22)
(0.9137766817898 3.238274572389e-22 3.238274572389e-22)
(0.9137766817898 -4.0343869743011e-23 -4.0343869743011e-23)
(0.9137766817898 -9.2471787223138e-24 -9.2471787223138e-24)
(0.91377668178979 1.187512042793e-22 1.187512042793e-22)
(0.9137766817898 1.3498930672542e-24 1.3498930672542e-24)
(0.9137766817898 -6.2596245658855e-23 -6.2596245658855e-23)
(0.9137766817898 -3.7095890624561e-25 -3.7095890624561e-25)
(0.91377668178979 1.1832801669697e-22 1.1832801669697e-22)
(0.9137766817898 1.4881081880845e-22 1.4881081880845e-22)
(0.9137766817898 -3.7223184072641e-23 -3.7223184072641e-23)
(0.9137766817898 -9.9618948058474e-23 -9.9618948058474e-23)
(0.9137766817898 -9.1556626955587e-23 -9.1556626955587e-23)
(0.91377668178979 -1.1845849255174e-22 -1.1845849255174e-22)
(0.91377668178979 -1.4091750999794e-22 -1.4091750999794e-22)
(0.91377668178965 -6.7100004664114e-23 -6.7100004664114e-23)
(0.91377668178811 -1.4098088034697e-22 -1.4098088034697e-22)
(0.91377668177399 -3.7229511303457e-23 -3.7229511303457e-23)
(0.91377668165412 1.8768658884181e-22 1.8768658884181e-22)
(0.9137766807151 -4.6214814216634e-23 -4.6214814216634e-23)
(0.9137766740234 -1.5321560375775e-22 -1.5321560375775e-22)
(0.91377663105778 5.5523453684685e-23 5.5523453684685e-23)
(0.91377638563943 -5.0208575283196e-23 -5.0208575283196e-23)
(0.91377515902944 -2.3148855314449e-22 -2.3148855314449e-22)
(0.91376991386041 1.5180470920794e-22 1.5180470920794e-22)
(0.9137513061676 3.2789421088142e-22 3.2789421088142e-22)
(0.91369992318178 1.4462246141465e-22 1.4462246141465e-22)
(0.91358530753144 -1.0613872622268e-22 -1.0613872622268e-22)
(0.91349583600423 -2.1568384463148e-22 -2.1568384463148e-22)
(0.91306553341652 -2.0524361809147e-22 -2.0524361809147e-22)
)
;

boundaryField
{
    left
    {
        type            zeroGradient;
    }
    right
    {
        type            zeroGradient;
    }
    sides
    {
        type            empty;
    }
}


// ************************************************************************* //
