/*--------------------------------*- C++ -*----------------------------------*\
  =========                 |
  \\      /  F ield         | OpenFOAM: The Open Source CFD Toolbox
   \\    /   O peration     | Website:  https://openfoam.org
    \\  /    A nd           | Version:  10
     \\/     M anipulation  |
\*---------------------------------------------------------------------------*/
FoamFile
{
    format      ascii;
    class       volVectorField;
    location    "0.00015";
    object      Us;
}
// * * * * * * * * * * * * * * * * * * * * * * * * * * * * * * * * * * * * * //

dimensions      [0 1 -1 0 0 0 0];

internalField   nonuniform List<vector> 
100
(
(0.86305242426531 -3.8790031121263e-23 -3.8790031121263e-23)
(0.86302882705658 -8.3575847458527e-24 -8.3575847458527e-24)
(0.86302175611749 6.6736840433374e-23 6.6736840433374e-23)
(0.86301409022502 1.6482517970184e-22 1.6482517970184e-22)
(0.86301126159651 1.434801940368e-22 1.434801940368e-22)
(0.8630104119265 5.855203228844e-23 5.855203228844e-23)
(0.86301020384508 1.3178062060281e-24 1.3178062060281e-24)
(0.86301016044852 -1.7513668732019e-22 -1.7513668732019e-22)
(0.8630101525576 -1.0431458777137e-22 -1.0431458777137e-22)
(0.86301015128457 1.3363671901363e-22 1.3363671901363e-22)
(0.86301015109982 3.3387452688055e-23 3.3387452688055e-23)
(0.86301015107546 -1.815542039514e-22 -1.815542039514e-22)
(0.86301015107252 -4.2733208596393e-23 -4.2733208596393e-23)
(0.86301015107219 1.2935965034396e-22 1.2935965034396e-22)
(0.86301015107216 1.1133684306474e-22 1.1133684306474e-22)
(0.86301015107216 1.4162698425819e-22 1.4162698425819e-22)
(0.86301015107216 4.5149486541371e-23 4.5149486541371e-23)
(0.86301015107216 -3.1739508916041e-23 -3.1739508916041e-23)
(0.86301015107216 -7.846561170228e-23 -7.846561170228e-23)
(0.86301015107216 -8.9044277834733e-23 -8.9044277834733e-23)
(0.86301015107216 8.8146705843464e-23 8.8146705843464e-23)
(0.86301015107216 1.4454849950617e-22 1.4454849950617e-22)
(0.86301015107216 -1.0085120689026e-22 -1.0085120689026e-22)
(0.86301015107216 -6.1568637794876e-23 -6.1568637794876e-23)
(0.86301015107216 8.0317103332873e-23 8.0317103332873e-23)
(0.86301015107216 -8.7342856265647e-23 -8.7342856265647e-23)
(0.86301015107216 -9.1518914253009e-23 -9.1518914253009e-23)
(0.86301015107216 -4.276085495651e-23 -4.276085495651e-23)
(0.86301015107215 1.7582391064648e-23 1.7582391064648e-23)
(0.86301015107216 9.7140297661637e-23 9.7140297661637e-23)
(0.86301015107216 7.0792995651574e-23 7.0792995651574e-23)
(0.86301015107216 -3.7263168621992e-23 -3.7263168621992e-23)
(0.86301015107216 -5.5227658381825e-23 -5.5227658381825e-23)
(0.86301015107216 -3.9039444282942e-23 -3.9039444282942e-23)
(0.86301015107215 -1.9992592740439e-22 -1.9992592740439e-22)
(0.86301015107216 -2.0433420528647e-22 -2.0433420528647e-22)
(0.86301015107216 1.5073378791038e-22 1.5073378791038e-22)
(0.86301015107216 2.1917150900748e-22 2.1917150900748e-22)
(0.86301015107216 1.1053255025769e-22 1.1053255025769e-22)
(0.86301015107217 1.6971139906149e-22 1.6971139906149e-22)
(0.86301015107216 4.8431965955133e-23 4.8431965955133e-23)
(0.86301015107216 -9.0576402167301e-23 -9.0576402167301e-23)
(0.86301015107216 -4.5839369746261e-23 -4.5839369746261e-23)
(0.86301015107216 -8.6244587524941e-23 -8.6244587524941e-23)
(0.86301015107216 -8.895305815352e-23 -8.895305815352e-23)
(0.86301015107216 -1.0884685687357e-23 -1.0884685687357e-23)
(0.86301015107216 5.750135040404e-23 5.750135040404e-23)
(0.86301015107216 7.6702536199963e-23 7.6702536199963e-23)
(0.86301015107216 -1.2289855702197e-23 -1.2289855702197e-23)
(0.86301015107216 3.9781794446314e-23 3.9781794446314e-23)
(0.86301015107216 6.3527630466512e-23 6.3527630466512e-23)
(0.86301015107216 1.363553068982e-23 1.363553068982e-23)
(0.86301015107216 7.7197149354281e-24 7.7197149354281e-24)
(0.86301015107216 3.844261074829e-23 3.844261074829e-23)
(0.86301015107216 7.0103604257281e-23 7.0103604257281e-23)
(0.86301015107216 5.4437413154827e-23 5.4437413154827e-23)
(0.86301015107216 -1.045552750691e-22 -1.045552750691e-22)
(0.86301015107216 -2.6410362626184e-22 -2.6410362626184e-22)
(0.86301015107216 -2.1836491664315e-22 -2.1836491664315e-22)
(0.86301015107216 -6.9511299014062e-23 -6.9511299014062e-23)
(0.86301015107215 -1.7638336120967e-25 -1.7638336120967e-25)
(0.86301015107216 -1.0445012043815e-23 -1.0445012043815e-23)
(0.86301015107215 1.8616987684569e-23 1.8616987684569e-23)
(0.86301015107216 -4.7165797725831e-23 -4.7165797725831e-23)
(0.86301015107215 -3.1586277364428e-23 -3.1586277364428e-23)
(0.86301015107216 1.7342252867763e-23 1.7342252867763e-23)
(0.86301015107215 -8.5489438279777e-23 -8.5489438279777e-23)
(0.86301015107216 -1.4504114666058e-22 -1.4504114666058e-22)
(0.86301015107215 8.2657201224204e-24 8.2657201224204e-24)
(0.86301015107216 1.4769381951519e-22 1.4769381951519e-22)
(0.86301015107215 1.8509619549409e-22 1.8509619549409e-22)
(0.86301015107216 1.3399095094993e-22 1.3399095094993e-22)
(0.86301015107216 -3.548538790308e-23 -3.548538790308e-23)
(0.86301015107216 3.0626701478437e-23 3.0626701478437e-23)
(0.86301015107216 1.3511211216526e-22 1.3511211216526e-22)
(0.86301015107216 -3.0759497886965e-23 -3.0759497886965e-23)
(0.86301015107216 -1.3155746065737e-22 -1.3155746065737e-22)
(0.86301015107216 2.8849273132264e-23 2.8849273132264e-23)
(0.86301015107216 1.5579829951258e-22 1.5579829951258e-22)
(0.86301015107216 1.0023783914129e-22 1.0023783914129e-22)
(0.86301015107216 -2.2885142044582e-23 -2.2885142044582e-23)
(0.86301015107216 -2.8429338293661e-23 -2.8429338293661e-23)
(0.86301015107216 -8.1717692468905e-23 -8.1717692468905e-23)
(0.86301015107216 -1.7451505705949e-22 -1.7451505705949e-22)
(0.86301015107216 -9.8189364280992e-23 -9.8189364280992e-23)
(0.86301015107214 -4.7103456949396e-23 -4.7103456949396e-23)
(0.86301015107198 -7.9217079618809e-23 -7.9217079618809e-23)
(0.86301015107039 -1.3220707783045e-23 -1.3220707783045e-23)
(0.86301015105598 1.0112837426862e-22 1.0112837426862e-22)
(0.86301015093458 2.5059625444542e-24 2.5059625444542e-24)
(0.86301014999773 -1.0923275831471e-22 -1.0923275831471e-22)
(0.86301014342593 -1.0338254013426e-23 -1.0338254013426e-23)
(0.86301010195813 -3.6628291558649e-23 -3.6628291558649e-23)
(0.86300986969199 -3.3087154361926e-23 -3.3087154361926e-23)
(0.86300873473573 1.0448391579143e-22 1.0448391579143e-22)
(0.86300400843139 2.2498652507123e-22 2.2498652507123e-22)
(0.8629879325247 1.351159248032e-22 1.351159248032e-22)
(0.86294239547515 -8.8233230006022e-23 -8.8233230006022e-23)
(0.86289423335283 -1.5037254100237e-22 -1.5037254100237e-22)
(0.85249627497058 -1.6533424409003e-22 -1.6533424409003e-22)
)
;

boundaryField
{
    left
    {
        type            zeroGradient;
    }
    right
    {
        type            zeroGradient;
    }
    sides
    {
        type            empty;
    }
}


// ************************************************************************* //
