/*--------------------------------*- C++ -*----------------------------------*\
  =========                 |
  \\      /  F ield         | OpenFOAM: The Open Source CFD Toolbox
   \\    /   O peration     | Website:  https://openfoam.org
    \\  /    A nd           | Version:  10
     \\/     M anipulation  |
\*---------------------------------------------------------------------------*/
FoamFile
{
    format      ascii;
    class       volVectorField;
    location    "5e-05";
    object      U;
}
// * * * * * * * * * * * * * * * * * * * * * * * * * * * * * * * * * * * * * //

dimensions      [0 1 -1 0 0 0 0];

internalField   nonuniform List<vector> 
100
(
(0.94273563808614 -4.0406834840005e-23 -4.0406834840005e-23)
(0.94273563808614 -1.1155529079545e-22 -1.1155529079545e-22)
(0.94273563808614 2.0152843935945e-23 2.0152843935945e-23)
(0.94273563808614 3.4683141965136e-22 3.4683141965136e-22)
(0.94273563808614 1.6937877304795e-22 1.6937877304795e-22)
(0.94273563808614 -2.6242764345899e-24 -2.6242764345899e-24)
(0.94273563808614 1.4781264296078e-23 1.4781264296078e-23)
(0.94273563808614 -1.4503040134579e-22 -1.4503040134579e-22)
(0.94273563808614 3.7864851300668e-24 3.7864851300668e-24)
(0.94273563808614 9.1806851161549e-23 9.1806851161549e-23)
(0.94273563808614 -1.1284248306499e-23 -1.1284248306499e-23)
(0.94273563808614 1.6760935171039e-23 1.6760935171039e-23)
(0.94273563808614 2.0072579649755e-23 2.0072579649755e-23)
(0.94273563808614 -1.190202975908e-22 -1.190202975908e-22)
(0.94273563808614 2.1297523852554e-24 2.1297523852554e-24)
(0.94273563808614 1.0783851953473e-22 1.0783851953473e-22)
(0.94273563808614 -2.1159822090183e-22 -2.1159822090183e-22)
(0.94273563808614 1.8360131948293e-24 1.8360131948293e-24)
(0.94273563808614 2.4926136544564e-22 2.4926136544564e-22)
(0.94273563808614 1.5495207939553e-22 1.5495207939553e-22)
(0.94273563808614 2.5222660416402e-24 2.5222660416402e-24)
(0.94273563808614 -1.0159629873942e-22 -1.0159629873942e-22)
(0.94273563808614 1.0039578612461e-22 1.0039578612461e-22)
(0.94273563808614 -8.4961683516272e-24 -8.4961683516272e-24)
(0.94273563808614 -1.7300221129357e-22 -1.7300221129357e-22)
(0.94273563808614 -6.1213369872751e-23 -6.1213369872751e-23)
(0.94273563808614 2.4339315601644e-23 2.4339315601644e-23)
(0.94273563808614 -1.1499286406989e-22 -1.1499286406989e-22)
(0.94273563808614 6.9718154024166e-25 6.9718154024166e-25)
(0.94273563808614 1.1643445795434e-22 1.1643445795434e-22)
(0.94273563808614 -2.9430002288043e-23 -2.9430002288043e-23)
(0.94273563808614 -1.2546965182521e-24 -1.2546965182521e-24)
(0.94273563808614 3.4867573596209e-23 3.4867573596209e-23)
(0.94273563808614 -3.0482149413069e-23 -3.0482149413069e-23)
(0.94273563808614 -1.1098005601299e-23 -1.1098005601299e-23)
(0.94273563808614 -1.8346877091242e-22 -1.8346877091242e-22)
(0.94273563808614 -4.258084809611e-23 -4.258084809611e-23)
(0.94273563808614 -1.3252083149756e-25 -1.3252083149756e-25)
(0.94273563808614 4.2213849334573e-23 4.2213849334573e-23)
(0.94273563808614 1.8363095786356e-22 1.8363095786356e-22)
(0.94273563808614 1.1912874329068e-23 1.1912874329068e-23)
(0.94273563808614 3.0475029975327e-23 3.0475029975327e-23)
(0.94273563808614 -3.5502621614728e-23 -3.5502621614728e-23)
(0.94273563808614 6.9046934764606e-26 6.9046934764606e-26)
(0.94273563808614 3.5583553289926e-23 3.5583553289926e-23)
(0.94273563808614 -3.316618101727e-23 -3.316618101727e-23)
(0.94273563808614 3.9580033111782e-25 3.9580033111782e-25)
(0.94273563808614 3.4130081502883e-23 3.4130081502883e-23)
(0.94273563808614 -3.3326528319721e-23 -3.3326528319721e-23)
(0.94273563808614 -4.757424831603e-24 -4.757424831603e-24)
(0.94273563808614 -3.0385419018557e-25 -3.0385419018557e-25)
(0.94273563808614 8.0199276310851e-28 8.0199276310851e-28)
(0.94273563808614 3.5732384602926e-25 3.5732384602926e-25)
(0.94273563808614 6.584899706428e-24 6.584899706428e-24)
(0.94273563808614 6.6625513488836e-23 6.6625513488836e-23)
(0.94273563808614 1.8062914899246e-23 1.8062914899246e-23)
(0.94273563808614 -2.1027797987528e-22 -2.1027797987528e-22)
(0.94273563808614 -1.3182156312336e-22 -1.3182156312336e-22)
(0.94273563808614 -8.6612159115199e-23 -8.6612159115199e-23)
(0.94273563808614 -7.0766420664079e-24 -7.0766420664079e-24)
(0.94273563808614 -3.7811735829583e-25 -3.7811735829583e-25)
(0.94273563808614 -1.6618935428125e-26 -1.6618935428125e-26)
(0.94273563808614 -1.5333058755732e-28 -1.5333058755732e-28)
(0.94273563808614 1.1841727759787e-26 1.1841727759787e-26)
(0.94273563808614 2.5235377178015e-25 2.5235377178015e-25)
(0.94273563808614 4.9566133322964e-24 4.9566133322964e-24)
(0.94273563808614 3.3965961164793e-23 3.3965961164793e-23)
(0.94273563808614 -1.3802868448189e-22 -1.3802868448189e-22)
(0.94273563808614 2.0323327770491e-24 2.0323327770491e-24)
(0.94273563808614 1.4804728813558e-22 1.4804728813558e-22)
(0.94273563808614 1.7121950048311e-22 1.7121950048311e-22)
(0.94273563808614 9.3708071371167e-23 9.3708071371167e-23)
(0.94273563808614 -1.9088368392086e-22 -1.9088368392086e-22)
(0.94273563808614 -9.8363992757654e-23 -9.8363992757654e-23)
(0.94273563808614 1.9199088186505e-22 1.9199088186505e-22)
(0.94273563808614 9.8797177893919e-23 9.8797177893919e-23)
(0.94273563808614 -1.9267099625683e-22 -1.9267099625683e-22)
(0.94273563808614 -1.0148770817897e-22 -1.0148770817897e-22)
(0.94273563808614 1.9922678746453e-22 1.9922678746453e-22)
(0.94273563808614 1.7616918845228e-22 1.7616918845228e-22)
(0.94273563808614 4.2459570466959e-23 4.2459570466959e-23)
(0.94273563808614 -2.1388693895058e-22 -2.1388693895058e-22)
(0.94273563808614 -1.3333261055949e-22 -1.3333261055949e-22)
(0.94273563808614 -8.6720664665822e-23 -8.6720664665822e-23)
(0.94273563808614 -7.0677376241953e-24 -7.0677376241953e-24)
(0.94273563808614 -3.7779445395291e-25 -3.7779445395291e-25)
(0.94273563808614 -1.6604229099222e-26 -1.6604229099222e-26)
(0.94273563808614 -1.5282739417629e-28 -1.5282739417629e-28)
(0.94273563808614 1.18417392155e-26 1.18417392155e-26)
(0.94273563808614 2.5235368569584e-25 2.5235368569584e-25)
(0.94273563808614 4.9566076292579e-24 4.9566076292579e-24)
(0.94273563808614 3.3965815264828e-23 3.3965815264828e-23)
(0.94273563808614 -1.3802875606276e-22 -1.3802875606276e-22)
(0.94273563808614 2.0366397982784e-24 2.0366397982784e-24)
(0.94273563808614 1.4805070342104e-22 1.4805070342104e-22)
(0.94273563808614 1.7118613837427e-22 1.7118613837427e-22)
(0.94273563808614 9.3883594079949e-23 9.3883594079949e-23)
(0.94273563808614 -1.903121492472e-22 -1.903121492472e-22)
(0.94273563808614 -1.1258991098997e-22 -1.1258991098997e-22)
(0.94273563808614 7.3862859112405e-23 7.3862859112405e-23)
)
;

boundaryField
{
    left
    {
        type            zeroGradient;
    }
    right
    {
        type            zeroGradient;
    }
    sides
    {
        type            empty;
    }
}


// ************************************************************************* //
