/*--------------------------------*- C++ -*----------------------------------*\
  =========                 |
  \\      /  F ield         | OpenFOAM: The Open Source CFD Toolbox
   \\    /   O peration     | Website:  https://openfoam.org
    \\  /    A nd           | Version:  10
     \\/     M anipulation  |
\*---------------------------------------------------------------------------*/
FoamFile
{
    format      ascii;
    class       volVectorField;
    location    "5e-05";
    object      Us;
}
// * * * * * * * * * * * * * * * * * * * * * * * * * * * * * * * * * * * * * //

dimensions      [0 1 -1 0 0 0 0];

internalField   nonuniform List<vector> 
100
(
(0.57316010823357 -1.378417797976e-23 -1.378417797976e-23)
(0.57316010823357 -5.9720544665734e-23 -5.9720544665734e-23)
(0.57316010823357 -1.6796796534655e-23 -1.6796796534655e-23)
(0.57316010823357 9.6242744192848e-23 9.6242744192848e-23)
(0.57316010823357 7.4178803073573e-23 7.4178803073573e-23)
(0.57316010823357 -1.4415026667367e-23 -1.4415026667367e-23)
(0.57316010823357 1.1014518204202e-23 1.1014518204202e-23)
(0.57316010823357 -1.9143918861121e-23 -1.9143918861121e-23)
(0.57316010823357 -5.029131274245e-23 -5.029131274245e-23)
(0.57316010823357 5.4023240688968e-23 5.4023240688968e-23)
(0.57316010823357 4.6012273612e-23 4.6012273612e-23)
(0.57316010823357 -4.5593928564122e-23 -4.5593928564122e-23)
(0.57316010823357 -4.4518315404841e-23 -4.4518315404841e-23)
(0.57316010823357 3.498096428277e-23 3.498096428277e-23)
(0.57316010823357 6.1732310210859e-25 6.1732310210859e-25)
(0.57316010823357 -3.2499898471045e-23 -3.2499898471045e-23)
(0.57316010823357 1.4090143848347e-23 1.4090143848347e-23)
(0.57316010823357 6.95599630616e-25 6.95599630616e-25)
(0.57316010823357 -4.3143319662478e-24 -4.3143319662478e-24)
(0.57316010823357 8.7224437861219e-23 8.7224437861219e-23)
(0.57316010823357 5.9076074605518e-25 5.9076074605518e-25)
(0.57316010823357 -7.8336733196589e-23 -7.8336733196589e-23)
(0.57316010823357 7.8065144133998e-23 7.8065144133998e-23)
(0.57316010823357 -1.6492254752822e-24 -1.6492254752822e-24)
(0.57316010823357 -9.7325830915096e-23 -9.7325830915096e-23)
(0.57316010823357 -1.7005128703886e-23 -1.7005128703886e-23)
(0.57316010823357 1.3541580664786e-23 1.3541580664786e-23)
(0.57316010823357 4.1335199003124e-23 4.1335199003124e-23)
(0.57316010823357 2.4174708068179e-25 2.4174708068179e-25)
(0.57316010823357 -4.0948167488921e-23 -4.0948167488921e-23)
(0.57316010823357 -1.4473835203194e-23 -1.4473835203194e-23)
(0.57316010823357 -1.0711894508696e-25 -1.0711894508696e-25)
(0.57316010823357 1.4619740180502e-23 1.4619740180502e-23)
(0.57316010823357 5.163646184597e-23 5.163646184597e-23)
(0.57316010823357 1.0796154616264e-23 1.0796154616264e-23)
(0.57316010823357 -6.137545522439e-23 -6.137545522439e-23)
(0.57316010823357 -1.4302236161434e-23 -1.4302236161434e-23)
(0.57316010823357 -3.7558049239102e-26 -3.7558049239102e-26)
(0.57316010823357 1.4176042767387e-23 1.4176042767387e-23)
(0.57316010823357 6.142049616782e-23 6.142049616782e-23)
(0.57316010823357 -1.0490369255507e-23 -1.0490369255507e-23)
(0.57316010823357 -5.16527295471e-23 -5.16527295471e-23)
(0.57316010823357 -1.4823406610995e-23 -1.4823406610995e-23)
(0.57316010823357 2.6325130870518e-26 2.6325130870518e-26)
(0.57316010823357 1.5055632901643e-23 1.5055632901643e-23)
(0.57316010823357 5.0087895935109e-23 5.0087895935109e-23)
(0.57316010823357 1.5873899705371e-25 1.5873899705371e-25)
(0.57316010823357 -4.9876013984277e-23 -4.9876013984277e-23)
(0.57316010823357 -1.4410466820697e-23 -1.4410466820697e-23)
(0.57316010823357 -1.1591291760934e-24 -1.1591291760934e-24)
(0.57316010823357 -6.2510093217353e-26 -6.2510093217353e-26)
(0.57316010823357 2.1007041007953e-29 2.1007041007953e-29)
(0.57316010823357 6.7545579326644e-26 6.7545579326644e-26)
(0.57316010823357 1.4100539371652e-24 1.4100539371652e-24)
(0.57316010823357 2.3209959143777e-23 2.3209959143777e-23)
(0.57316010823357 1.0023297719058e-22 1.0023297719058e-22)
(0.57316010823357 -2.1576465900094e-23 -2.1576465900094e-23)
(0.57316010823357 -1.3305407579532e-22 -1.3305407579532e-22)
(0.57316010823357 -2.7377775244556e-23 -2.7377775244556e-23)
(0.57316010823357 -1.526379105455e-24 -1.526379105455e-24)
(0.57316010823357 -6.6587622795908e-26 -6.6587622795908e-26)
(0.57316010823357 -2.4853241362348e-27 -2.4853241362348e-27)
(0.57316010823357 -1.6798198887185e-29 -1.6798198887185e-29)
(0.57316010823357 1.889844158324e-27 1.889844158324e-27)
(0.57316010823357 4.7489342538361e-26 4.7489342538361e-26)
(0.57316010823357 1.0343009965337e-24 1.0343009965337e-24)
(0.57316010823357 1.4423113012413e-23 1.4423113012413e-23)
(0.57316010823357 5.0602667979421e-23 5.0602667979421e-23)
(0.57316010823357 8.8973722666306e-25 8.8973722666306e-25)
(0.57316010823357 -4.6743736006369e-23 -4.6743736006369e-23)
(0.57316010823357 5.3094729396998e-24 5.3094729396998e-24)
(0.57316010823357 2.5388933579353e-23 2.5388933579353e-23)
(0.57316010823357 -1.736874828543e-23 -1.736874828543e-23)
(0.57316010823357 -2.647217278039e-23 -2.647217278039e-23)
(0.57316010823357 1.7905890373173e-23 1.7905890373173e-23)
(0.57316010823357 2.6588121226827e-23 2.6588121226827e-23)
(0.57316010823357 -1.807298101512e-23 -1.807298101512e-23)
(0.57316010823357 -2.7433839764471e-23 -2.7433839764471e-23)
(0.57316010823357 1.9565022898845e-23 1.9565022898845e-23)
(0.57316010823357 5.3770392195309e-23 5.3770392195309e-23)
(0.57316010823357 1.0591164119695e-22 1.0591164119695e-22)
(0.57316010823357 -2.2986327366996e-23 -2.2986327366996e-23)
(0.57316010823357 -1.3339000359282e-22 -1.3339000359282e-22)
(0.57316010823357 -2.7376805401988e-23 -2.7376805401988e-23)
(0.57316010823357 -1.5250313295476e-24 -1.5250313295476e-24)
(0.57316010823357 -6.6527267386198e-26 -6.6527267386198e-26)
(0.57316010823357 -2.4832593444281e-27 -2.4832593444281e-27)
(0.57316010823357 -1.6742057201201e-29 -1.6742057201201e-29)
(0.57316010823357 1.8898451554836e-27 1.8898451554836e-27)
(0.57316010823357 4.7489334303119e-26 4.7489334303119e-26)
(0.57316010823357 1.0343006412326e-24 1.0343006412326e-24)
(0.57316010823357 1.4423088129884e-23 1.4423088129884e-23)
(0.57316010823357 5.0602541679122e-23 5.0602541679122e-23)
(0.57316010823357 8.9082958618439e-25 8.9082958618439e-25)
(0.57316010823357 -4.6739965816703e-23 -4.6739965816703e-23)
(0.57316010823357 5.2985142412898e-24 5.2985142412898e-24)
(0.57316010823357 2.531866986293e-23 2.531866986293e-23)
(0.57316010823357 -1.7656360506226e-23 -1.7656360506226e-23)
(0.57316010823357 -2.8696527266987e-23 -2.8696527266987e-23)
(0.57316010823357 -9.9938577016316e-24 -9.9938577016316e-24)
)
;

boundaryField
{
    left
    {
        type            zeroGradient;
    }
    right
    {
        type            zeroGradient;
    }
    sides
    {
        type            empty;
    }
}


// ************************************************************************* //
