/*--------------------------------*- C++ -*----------------------------------*\
  =========                 |
  \\      /  F ield         | OpenFOAM: The Open Source CFD Toolbox
   \\    /   O peration     | Website:  https://openfoam.org
    \\  /    A nd           | Version:  10
     \\/     M anipulation  |
\*---------------------------------------------------------------------------*/
FoamFile
{
    format      ascii;
    class       volVectorField;
    location    "6e-05";
    object      U;
}
// * * * * * * * * * * * * * * * * * * * * * * * * * * * * * * * * * * * * * //

dimensions      [0 1 -1 0 0 0 0];

internalField   nonuniform List<vector> 
100
(
(0.93668446676309 -4.2343101697545e-24 -4.2343101697545e-24)
(0.93668446676309 -2.6665882358319e-23 -2.6665882358319e-23)
(0.93668446676309 5.0937786871458e-23 5.0937786871458e-23)
(0.93668446676309 1.9865364810979e-22 1.9865364810979e-22)
(0.93668446676309 1.1003504451849e-22 1.1003504451849e-22)
(0.93668446676309 3.683408765185e-23 3.683408765185e-23)
(0.93668446676309 2.2584540660898e-23 2.2584540660898e-23)
(0.93668446676309 -1.0988217067822e-22 -1.0988217067822e-22)
(0.93668446676309 -1.7838789570996e-23 -1.7838789570996e-23)
(0.93668446676309 9.4480039476364e-23 9.4480039476364e-23)
(0.93668446676309 -4.7952042012936e-23 -4.7952042012936e-23)
(0.93668446676309 -1.1066269054575e-22 -1.1066269054575e-22)
(0.93668446676309 -4.8980023684971e-23 -4.8980023684971e-23)
(0.93668446676309 -4.2670801637326e-23 -4.2670801637326e-23)
(0.93668446676309 1.0024575357952e-22 1.0024575357952e-22)
(0.93668446676309 1.1936684057368e-22 1.1936684057368e-22)
(0.93668446676309 -2.6315167830695e-22 -2.6315167830695e-22)
(0.93668446676309 3.0958636334811e-24 3.0958636334811e-24)
(0.93668446676309 3.221593683467e-22 3.221593683467e-22)
(0.93668446676309 9.7933752629226e-23 9.7933752629226e-23)
(0.93668446676309 3.0583087576426e-24 3.0583087576426e-24)
(0.93668446676309 -1.8244693636402e-23 -1.8244693636402e-23)
(0.93668446676309 1.6431817221457e-23 1.6431817221457e-23)
(0.93668446676309 -1.2950501011464e-23 -1.2950501011464e-23)
(0.93668446676309 -8.7601772578506e-23 -8.7601772578506e-23)
(0.93668446676309 -6.5809324832526e-23 -6.5809324832526e-23)
(0.93668446676309 -1.0413581445781e-22 -1.0413581445781e-22)
(0.93668446676309 -1.0766018642332e-22 -1.0766018642332e-22)
(0.93668446676309 9.1235761143676e-23 9.1235761143676e-23)
(0.93668446676309 2.1619586624181e-23 2.1619586624181e-23)
(0.93668446676309 5.3697028287433e-25 5.3697028287433e-25)
(0.93668446676309 8.4499539262941e-23 8.4499539262941e-23)
(0.93668446676309 -7.7278652601464e-23 -7.7278652601464e-23)
(0.93668446676309 -1.1408864891244e-22 -1.1408864891244e-22)
(0.93668446676309 -5.0696727792473e-23 -5.0696727792473e-23)
(0.93668446676309 -1.4234084749484e-22 -1.4234084749484e-22)
(0.93668446676309 -5.1831215076813e-23 -5.1831215076813e-23)
(0.93668446676309 5.9377108169619e-24 5.9377108169619e-24)
(0.93668446676309 2.3371472373674e-22 2.3371472373674e-22)
(0.93668446676309 1.5356704705346e-22 1.5356704705346e-22)
(0.93668446676309 -4.279083927234e-23 -4.279083927234e-23)
(0.93668446676309 1.2185982840384e-23 1.2185982840384e-23)
(0.93668446676309 -1.1740509928443e-23 -1.1740509928443e-23)
(0.93668446676309 8.4696924764295e-23 8.4696924764295e-23)
(0.93668446676309 -7.631582912717e-23 -7.631582912717e-23)
(0.93668446676309 -1.0782405261345e-22 -1.0782405261345e-22)
(0.93668446676309 8.906457974666e-23 8.906457974666e-23)
(0.93668446676309 2.374466916602e-23 2.374466916602e-23)
(0.93668446676309 -1.0432822812664e-23 -1.0432822812664e-23)
(0.93668446676309 8.555620149066e-23 8.555620149066e-23)
(0.93668446676309 4.9880647990571e-24 4.9880647990571e-24)
(0.93668446676309 1.1512167025838e-25 1.1512167025838e-25)
(0.93668446676309 6.7525947491703e-25 6.7525947491703e-25)
(0.93668446676309 1.0526315043044e-23 1.0526315043044e-23)
(0.93668446676309 6.1038450147642e-23 6.1038450147642e-23)
(0.93668446676309 9.3393241506952e-23 9.3393241506952e-23)
(0.93668446676309 -2.0853445539864e-22 -2.0853445539864e-22)
(0.93668446676309 -2.3212333686286e-22 -2.3212333686286e-22)
(0.93668446676309 -1.0116995093234e-22 -1.0116995093234e-22)
(0.93668446676309 -1.4123674965649e-22 -1.4123674965649e-22)
(0.93668446676309 -4.4577418644796e-24 -4.4577418644796e-24)
(0.93668446676309 -7.6488446302489e-26 -7.6488446302489e-26)
(0.93668446676309 -9.0186039476947e-28 -9.0186039476947e-28)
(0.93668446676309 2.5724561443928e-26 2.5724561443928e-26)
(0.93668446676309 4.74655992946e-25 4.74655992946e-25)
(0.93668446676309 7.0693668482405e-24 7.0693668482405e-24)
(0.93668446676309 2.1284079042914e-23 2.1284079042914e-23)
(0.93668446676309 -3.0166361846003e-23 -3.0166361846003e-23)
(0.93668446676309 3.9594488717676e-24 3.9594488717676e-24)
(0.93668446676309 1.4745739592939e-22 1.4745739592939e-22)
(0.93668446676309 1.738897980267e-22 1.738897980267e-22)
(0.93668446676309 3.2041512696447e-23 3.2041512696447e-23)
(0.93668446676309 -1.7255832361641e-22 -1.7255832361641e-22)
(0.93668446676309 2.8685090155234e-24 2.8685090155234e-24)
(0.93668446676309 1.7277100055825e-22 1.7277100055825e-22)
(0.93668446676309 -2.3977278472166e-24 -2.3977278472166e-24)
(0.93668446676309 -1.7369045859049e-22 -1.7369045859049e-22)
(0.93668446676309 -1.7214475955972e-24 -1.7214475955972e-24)
(0.93668446676309 1.8668201493348e-22 1.8668201493348e-22)
(0.93668446676309 8.8842028441892e-23 8.8842028441892e-23)
(0.93668446676309 1.3786176400541e-22 1.3786176400541e-22)
(0.93668446676309 -1.1792159180043e-22 -1.1792159180043e-22)
(0.93668446676309 -2.2812522385535e-22 -2.2812522385535e-22)
(0.93668446676309 -1.0282689115498e-22 -1.0282689115498e-22)
(0.93668446676309 -1.4129995809491e-22 -1.4129995809491e-22)
(0.93668446676309 -4.4420818141353e-24 -4.4420818141353e-24)
(0.93668446676309 -7.6333297767313e-26 -7.6333297767313e-26)
(0.93668446676309 -8.9941315621411e-28 -8.9941315621411e-28)
(0.93668446676309 2.5724603485895e-26 2.5724603485895e-26)
(0.93668446676309 4.7465518931903e-25 4.7465518931903e-25)
(0.93668446676309 7.0693382929651e-24 7.0693382929651e-24)
(0.93668446676309 2.1283836307853e-23 2.1283836307853e-23)
(0.93668446676309 -3.0165981020176e-23 -3.0165981020176e-23)
(0.93668446676309 3.9628804975065e-24 3.9628804975065e-24)
(0.93668446676309 1.4745581897517e-22 1.4745581897517e-22)
(0.93668446676309 1.7391059760414e-22 1.7391059760414e-22)
(0.93668446676309 3.460637489085e-23 3.460637489085e-23)
(0.93668446676309 -1.8002505336031e-22 -1.8002505336031e-22)
(0.93668446676309 -1.5499112562989e-22 -1.5499112562989e-22)
(0.93668446676309 -6.479660515659e-23 -6.479660515659e-23)
)
;

boundaryField
{
    left
    {
        type            zeroGradient;
    }
    right
    {
        type            zeroGradient;
    }
    sides
    {
        type            empty;
    }
}


// ************************************************************************* //
