/*--------------------------------*- C++ -*----------------------------------*\
  =========                 |
  \\      /  F ield         | OpenFOAM: The Open Source CFD Toolbox
   \\    /   O peration     | Website:  https://openfoam.org
    \\  /    A nd           | Version:  10
     \\/     M anipulation  |
\*---------------------------------------------------------------------------*/
FoamFile
{
    format      ascii;
    class       volVectorField;
    location    "6e-05";
    object      Us;
}
// * * * * * * * * * * * * * * * * * * * * * * * * * * * * * * * * * * * * * //

dimensions      [0 1 -1 0 0 0 0];

internalField   nonuniform List<vector> 
100
(
(0.63372629828947 -1.967987721546e-23 -1.967987721546e-23)
(0.63372629828947 -6.9698146113308e-23 -6.9698146113308e-23)
(0.63372629828947 -4.0554249667969e-24 -4.0554249667969e-24)
(0.63372629828947 1.3083719280592e-22 1.3083719280592e-22)
(0.63372629828947 7.9902296359328e-23 7.9902296359328e-23)
(0.63372629828947 -1.5049723539516e-23 -1.5049723539516e-23)
(0.63372629828947 8.6494804235186e-24 8.6494804235186e-24)
(0.63372629828947 -3.699458347416e-23 -3.699458347416e-23)
(0.63372629828947 -4.1845243338902e-23 -4.1845243338902e-23)
(0.63372629828947 6.5347407788765e-23 6.5347407788765e-23)
(0.63372629828947 3.624420108174e-23 3.624420108174e-23)
(0.63372629828947 -5.1580321262241e-23 -5.1580321262241e-23)
(0.63372629828947 -4.3293269859449e-23 -4.3293269859449e-23)
(0.63372629828947 1.718394639502e-23 1.718394639502e-23)
(0.63372629828947 1.0142132428943e-23 1.0142132428943e-23)
(0.63372629828947 -7.8092797171323e-24 -7.8092797171323e-24)
(0.63372629828947 -2.4990400817303e-23 -2.4990400817303e-23)
(0.63372629828947 9.4270957663348e-25 9.4270957663348e-25)
(0.63372629828947 4.1570091204531e-23 4.1570091204531e-23)
(0.63372629828947 8.9171822023401e-23 8.9171822023401e-23)
(0.63372629828947 9.0179018032496e-25 9.0179018032496e-25)
(0.63372629828947 -7.0314949632571e-23 -7.0314949632571e-23)
(0.63372629828947 6.9829034499162e-23 6.9829034499162e-23)
(0.63372629828947 -3.2174588244458e-24 -3.2174588244458e-24)
(0.63372629828947 -9.7934316226602e-23 -9.7934316226602e-23)
(0.63372629828947 -2.4661397370818e-23 -2.4661397370818e-23)
(0.63372629828947 -3.4729625535906e-25 -3.4729625535906e-25)
(0.63372629828947 1.7011835095503e-23 1.7011835095503e-23)
(0.63372629828947 1.1514150101255e-23 1.1514150101255e-23)
(0.63372629828947 -2.4999527801684e-23 -2.4999527801684e-23)
(0.63372629828947 -1.3131824968483e-23 -1.3131824968483e-23)
(0.63372629828947 8.0872361860154e-24 8.0872361860154e-24)
(0.63372629828947 4.1060209801452e-24 4.1060209801452e-24)
(0.63372629828947 3.5385892689533e-23 3.5385892689533e-23)
(0.63372629828947 4.3278808879768e-24 4.3278808879768e-24)
(0.63372629828947 -7.8423193316755e-23 -7.8423193316755e-23)
(0.63372629828947 -1.6829601351381e-23 -1.6829601351381e-23)
(0.63372629828947 2.1925675795403e-25 2.1925675795403e-25)
(0.63372629828947 3.0233503428731e-23 3.0233503428731e-23)
(0.63372629828947 7.9326983395819e-23 7.9326983395819e-23)
(0.63372629828947 -6.4581943069485e-24 -6.4581943069485e-24)
(0.63372629828947 -4.4927782159833e-23 -4.4927782159833e-23)
(0.63372629828947 -1.5389172643551e-23 -1.5389172643551e-23)
(0.63372629828947 8.3617195289886e-24 8.3617195289886e-24)
(0.63372629828947 4.5925000593857e-24 4.5925000593857e-24)
(0.63372629828947 3.4366022537997e-23 3.4366022537997e-23)
(0.63372629828947 1.1201341374562e-23 1.1201341374562e-23)
(0.63372629828947 -4.2362864041924e-23 -4.2362864041924e-23)
(0.63372629828947 -1.4738933036965e-23 -1.4738933036965e-23)
(0.63372629828947 6.9642484020218e-24 6.9642484020218e-24)
(0.63372629828947 2.616829796174e-25 2.616829796174e-25)
(0.63372629828947 6.533938233048e-27 6.533938233048e-27)
(0.63372629828947 1.4407732102107e-25 1.4407732102107e-25)
(0.63372629828947 2.719656093332e-24 2.719656093332e-24)
(0.63372629828947 2.9640192343804e-23 2.9640192343804e-23)
(0.63372629828947 9.3583740548286e-23 9.3583740548286e-23)
(0.63372629828947 -5.0508662717445e-23 -5.0508662717445e-23)
(0.63372629828947 -1.4756012033658e-22 -1.4756012033658e-22)
(0.63372629828947 -3.9536960520675e-23 -3.9536960520675e-23)
(0.63372629828947 -1.1854380161963e-23 -1.1854380161963e-23)
(0.63372629828947 -3.4158776391773e-25 -3.4158776391773e-25)
(0.63372629828947 -8.6247414895783e-27 -8.6247414895783e-27)
(0.63372629828947 -8.5701379379927e-29 -8.5701379379927e-29)
(0.63372629828947 4.720190139281e-27 4.720190139281e-27)
(0.63372629828947 1.0133936774394e-25 1.0133936774394e-25)
(0.63372629828947 1.9086504604396e-24 1.9086504604396e-24)
(0.63372629828947 1.6355218989465e-23 1.6355218989465e-23)
(0.63372629828947 3.4661587907376e-23 3.4661587907376e-23)
(0.63372629828947 9.9940202167162e-25 9.9940202167162e-25)
(0.63372629828947 -1.8725641283214e-23 -1.8725641283214e-23)
(0.63372629828947 3.1462641150697e-23 3.1462641150697e-23)
(0.63372629828947 3.1950814531007e-23 3.1950814531007e-23)
(0.63372629828947 -4.2797382040612e-23 -4.2797382040612e-23)
(0.63372629828947 -3.3888710536518e-23 -3.3888710536518e-23)
(0.63372629828947 4.3392344442221e-23 4.3392344442221e-23)
(0.63372629828947 3.4064980971986e-23 3.4064980971986e-23)
(0.63372629828947 -4.366654302957e-23 -4.366654302957e-23)
(0.63372629828947 -3.5358249566855e-23 -3.5358249566855e-23)
(0.63372629828947 4.6679026902113e-23 4.6679026902113e-23)
(0.63372629828947 7.0703611990741e-23 7.0703611990741e-23)
(0.63372629828947 1.0503510810435e-22 1.0503510810435e-22)
(0.63372629828947 -4.3309816354546e-23 -4.3309816354546e-23)
(0.63372629828947 -1.4770532716619e-22 -1.4770532716619e-22)
(0.63372629828947 -3.9663372110158e-23 -3.9663372110158e-23)
(0.63372629828947 -1.1854895630903e-23 -1.1854895630903e-23)
(0.63372629828947 -3.4081016894904e-25 -3.4081016894904e-25)
(0.63372629828947 -8.6136910831187e-27 -8.6136910831187e-27)
(0.63372629828947 -8.5451575409834e-29 -8.5451575409834e-29)
(0.63372629828947 4.7201951635111e-27 4.7201951635111e-27)
(0.63372629828947 1.0133929287626e-25 1.0133929287626e-25)
(0.63372629828947 1.9086471818139e-24 1.9086471818139e-24)
(0.63372629828947 1.6355163429313e-23 1.6355163429313e-23)
(0.63372629828947 3.4661516100033e-23 3.4661516100033e-23)
(0.63372629828947 1.000963053433e-24 1.000963053433e-24)
(0.63372629828947 -1.8722699062024e-23 -1.8722699062024e-23)
(0.63372629828947 3.145233810686e-23 3.145233810686e-23)
(0.63372629828947 3.2082142122769e-23 3.2082142122769e-23)
(0.63372629828947 -4.347722655557e-23 -4.347722655557e-23)
(0.63372629828947 -4.8334252087428e-23 -4.8334252087428e-23)
(0.63372629828947 -1.1741464431629e-23 -1.1741464431629e-23)
)
;

boundaryField
{
    left
    {
        type            zeroGradient;
    }
    right
    {
        type            zeroGradient;
    }
    sides
    {
        type            empty;
    }
}


// ************************************************************************* //
