/*--------------------------------*- C++ -*----------------------------------*\
  =========                 |
  \\      /  F ield         | OpenFOAM: The Open Source CFD Toolbox
   \\    /   O peration     | Website:  https://openfoam.org
    \\  /    A nd           | Version:  10
     \\/     M anipulation  |
\*---------------------------------------------------------------------------*/
FoamFile
{
    format      ascii;
    class       volScalarField;
    location    "0.11500001";
    object      epsilonS;
}
// * * * * * * * * * * * * * * * * * * * * * * * * * * * * * * * * * * * * * //

dimensions      [0 0 0 0 0 0 0];

internalField   nonuniform List<scalar> 
7600
(
0
0.0026925515237737
0
0.0026925515237737
0
0.0026925515237737
0
0
0.0026925515237737
0
0.0026925515237737
0
0
0.0026925515237737
0
0
0.0026925515237737
0
0
0.0026925515237737
0
0
0.0026925515237737
0
0
0.0026925515237737
0
0.0026925515237737
0
0.0026925515237737
0.0053851030475473
0.0026925515237737
0
0.0026925515237737
0
0.0026925515237737
0
0
0.0026925515237737
0
0
0
0.0026925515237737
0
0
0
0
0.0026925515237737
0
0
0
0.0026925515237737
0
0
0
0.0026925515237737
0
0
0.0026925515237737
0.0026925515237737
0.008077654571321
0.0053851030475474
0.0026925515237737
0
0
0
0.0026925515237737
0
0
0
0
0.0026925515237737
0
0
0
0
0
0.0026925515237737
0
0
0.0009886391909098
0.0009886391909098
0.0009886391909098
0.0019772783818196
0.0009886391909098
0.0009886391909098
0.0009886391909098
0.0019772783818196
0.0009886391909098
0.0009886391909098
0.0009886391909098
0.0009886391909098
0.0009886391909098
0.0009886391909098
0
0.0009886391909098
0.0009886391909098
0.0009886391909098
0.0009886391909098
0.0009886391909098
0.0009886391909098
0.0009886391909098
0.0009886391909098
0.0009886391909098
0.0009886391909098
0.0009886391909098
0.0009886391909098
0.0019772783818196
0.00098863919090981
0.0029659175727294
0.0029659175727294
0.0019772783818196
0.0029659175727294
0.0019772783818196
0.0009886391909098
0.0009886391909098
0.0009886391909098
0.0009886391909098
0
0.0009886391909098
0.0009886391909098
0
0.0009886391909098
0.0009886391909098
0
0.0009886391909098
0
0.0009886391909098
0.0009886391909098
0
0.0009886391909098
0
0.0009886391909098
0.0009886391909098
0
0.0019772783818196
0
0.0009886391909098
0.0019772783818196
0.0029659175727294
0.009886391909098
0.0039545567636392
0.00098863919090979
0.0019772783818196
0
0.00098863919090981
0.0009886391909098
0
0.00098863919090981
0
0.0009886391909098
0
0.0009886391909098
0
0.0009886391909098
0
0.0009886391909098
0
0.00098863919090979
0
0.0013191844231508
0.0013191844231508
0.0013191844231508
0.0013191844231508
0.00065959221157542
0.0013191844231508
0.0013191844231508
0.0013191844231508
0.0013191844231508
0.00065959221157542
0.0013191844231508
0.00065959221157542
0.0013191844231508
0.00065959221157542
0.00065959221157542
0.00065959221157542
0.0013191844231508
0.00065959221157542
0.00065959221157542
0.0013191844231508
0.00065959221157542
0.00065959221157542
0.0013191844231508
0.00065959221157542
0.0013191844231508
0.0013191844231508
0.0013191844231508
0.0013191844231508
0.0019787766347263
0.0019787766347263
0.0032979610578771
0.0032979610578771
0.0019787766347263
0.0019787766347262
0.0013191844231508
0
0.0019787766347263
0
0.0013191844231508
0.00065959221157541
0.00065959221157542
0.00065959221157542
0.00065959221157542
0.00065959221157542
0.00065959221157542
0.00065959221157542
0
0.00065959221157542
0.00065959221157542
0.00065959221157542
0.00065959221157542
0.00065959221157542
0.00065959221157541
0.00065959221157542
0.00065959221157541
0.00065959221157542
0.0013191844231508
0.00065959221157542
0.0013191844231508
0.0052767376926034
0.0052767376926033
0.0046171454810279
0.0019787766347262
0.0013191844231508
0.00065959221157541
0.00065959221157542
0.00065959221157541
0.00065959221157542
0.00065959221157542
0
0.00065959221157541
0.00065959221157541
0.00065959221157542
0
0.00065959221157541
0.0013191844231508
0
0.00065959221157542
0.00065959221157541
0
0.0010487663906385
0.0015731495859578
0.0010487663906385
0.0010487663906385
0.0015731495859578
0.0010487663906385
0.0010487663906385
0.0015731495859578
0.0010487663906385
0.0010487663906385
0.0010487663906385
0.00052438319531925
0.0010487663906385
0.0010487663906385
0.00052438319531926
0.0010487663906385
0.0015731495859578
0
0.0010487663906385
0.0010487663906385
0.00052438319531926
0.0010487663906385
0.0010487663906385
0.0010487663906385
0.0010487663906385
0.0010487663906385
0.0010487663906385
0.0015731495859578
0.002097532781277
0.002097532781277
0.0031462991719155
0.002097532781277
0.0026219159765963
0.0015731495859578
0.0015731495859578
0.0010487663906385
0.0010487663906385
0.00052438319531925
0.0010487663906385
0.00052438319531925
0.00052438319531926
0.00052438319531925
0.0010487663906385
0.00052438319531925
0.00052438319531925
0.00052438319531925
0.00052438319531926
0.00052438319531925
0.00052438319531926
0.00052438319531925
0.0010487663906385
0.00052438319531925
0.00052438319531925
0.00052438319531925
0.00052438319531926
0.0010487663906385
0.0010487663906385
0.0010487663906385
0.0010487663906385
0.0036706823672348
0.0057682151485118
0.0073413647344696
0.0015731495859578
0.0010487663906385
0.00052438319531925
0.00052438319531926
0.0010487663906385
0.00052438319531926
0.00052438319531926
0.00052438319531926
0
0.00052438319531925
0.00052438319531926
0
0.00052438319531926
0.00052438319531925
0.00052438319531926
0
0.00052438319531925
0.00052438319531925
0.0013618735308006
0.0013618735308006
0.0009079156872004
0.0013618735308006
0.0013618735308006
0.0013618735308006
0.0009079156872004
0.0013618735308006
0.0009079156872004
0.0013618735308006
0.0009079156872004
0.0009079156872004
0.0009079156872004
0.0009079156872004
0.0009079156872004
0.0009079156872004
0.0004539578436002
0.0009079156872004
0.0009079156872004
0.0009079156872004
0.0009079156872004
0.0009079156872004
0.0009079156872004
0.0009079156872004
0.0013618735308006
0.0009079156872004
0.0013618735308006
0.0013618735308006
0.0018158313744008
0.002269789218001
0.0036316627488016
0.0031777049052014
0.002269789218001
0.0009079156872004
0.0013618735308006
0.0009079156872004
0.0009079156872004
0.0009079156872004
0.0004539578436002
0.0009079156872004
0.0004539578436002
0.0009079156872004
0.0004539578436002
0.0004539578436002
0.0009079156872004
0.0004539578436002
0.0004539578436002
0.0004539578436002
0.0009079156872004
0.0004539578436002
0.0004539578436002
0.0009079156872004
0.0004539578436002
0.0004539578436002
0.0009079156872004
0.0009079156872004
0.00090791568720041
0.0009079156872004
0.0009079156872004
0.0040856205924018
0.0081712411848036
0.0054474941232024
0.0009079156872004
0.0009079156872004
0.0009079156872004
0.0004539578436002
0.0004539578436002
0.00090791568720041
0.0004539578436002
0.0004539578436002
0.0004539578436002
0.0004539578436002
0.0004539578436002
0.0004539578436002
0.0004539578436002
0.0004539578436002
0.0004539578436002
0.0004539578436002
0.0004539578436002
0.00045395784360019
0.0012399321500135
0.0012399321500135
0.0012399321500135
0.0012399321500135
0.0012399321500135
0.0012399321500136
0.0012399321500135
0.0012399321500136
0.00082662143334237
0.0012399321500135
0.00082662143334237
0.0012399321500136
0.00082662143334236
0.00082662143334237
0.00082662143334237
0.00082662143334237
0.00082662143334236
0.00082662143334237
0.00082662143334237
0.00082662143334236
0.00082662143334237
0.0012399321500135
0.00082662143334236
0.00082662143334237
0.0012399321500135
0.0012399321500135
0.0012399321500135
0.0012399321500136
0.0020665535833559
0.0028931750166983
0.0028931750166983
0.0028931750166983
0.0020665535833559
0.0016532428666847
0.0012399321500136
0.00082662143334236
0.00082662143334237
0.00082662143334236
0.00082662143334237
0.00041331071667118
0.00082662143334237
0.00082662143334237
0.00041331071667118
0.00082662143334237
0.00082662143334237
0.00082662143334236
0.00041331071667119
0.00082662143334236
0.00041331071667118
0.00082662143334236
0.00041331071667118
0.00082662143334236
0.00041331071667118
0.00082662143334237
0.00082662143334237
0.00082662143334237
0.00082662143334237
0.0012399321500135
0.0016532428666847
0.0053730393167254
0.0074395929000813
0.0037197964500407
0.0012399321500135
0.00082662143334237
0.00082662143334236
0.00041331071667118
0.00082662143334237
0.00041331071667118
0.00041331071667119
0.00082662143334237
0.00041331071667118
0.00041331071667118
0.00041331071667118
0.00041331071667119
0.00041331071667118
0.00082662143334237
0.00041331071667118
0.00041331071667118
0.00041331071667118
0.00041331071667118
0.001167123479395
0.001167123479395
0.001167123479395
0.0015561646391933
0.001167123479395
0.001167123479395
0.001167123479395
0.001167123479395
0.001167123479395
0.001167123479395
0.00077808231959664
0.001167123479395
0.00077808231959664
0.00077808231959664
0.00077808231959664
0.001167123479395
0.00077808231959664
0.00077808231959664
0.00077808231959664
0.00077808231959664
0.001167123479395
0.00077808231959664
0.00077808231959664
0.001167123479395
0.001167123479395
0.001167123479395
0.001167123479395
0.0015561646391933
0.0015561646391933
0.0023342469587899
0.0027232881185882
0.0031123292783866
0.0023342469587899
0.001167123479395
0.001167123479395
0.00077808231959664
0.00077808231959664
0.001167123479395
0.00077808231959664
0.00038904115979832
0.00077808231959664
0.00077808231959664
0.00038904115979832
0.00038904115979832
0.001167123479395
0.00038904115979832
0.00038904115979832
0.00077808231959664
0.00038904115979832
0.00077808231959664
0.00038904115979832
0.00077808231959664
0.00038904115979832
0.00077808231959664
0.00077808231959664
0.00077808231959664
0.00077808231959665
0.00077808231959665
0.001167123479395
0.0035013704381849
0.0054465762371765
0.0081698643557647
0.00077808231959664
0.001167123479395
0.00077808231959664
0.00038904115979832
0.00077808231959664
0.00038904115979832
0.00038904115979832
0.00038904115979832
0.00077808231959664
0.00038904115979832
0.00038904115979832
0.00038904115979832
0.00038904115979832
0
0.00038904115979832
0.00038904115979832
0.00038904115979832
0.00038904115979832
0.0011248057724671
0.0011248057724671
0.0014997410299561
0.0011248057724671
0.0011248057724671
0.0014997410299561
0.0011248057724671
0.0011248057724671
0.0011248057724671
0.0011248057724671
0.00074987051497807
0.0011248057724671
0.00074987051497807
0.0011248057724671
0.00074987051497807
0.00074987051497807
0.00074987051497807
0.0011248057724671
0.00074987051497807
0.00074987051497807
0.0011248057724671
0.00074987051497806
0.0011248057724671
0.00074987051497807
0.0011248057724671
0.0011248057724671
0.0014997410299561
0.0011248057724671
0.0018746762874452
0.0022496115449342
0.0029994820599123
0.0029994820599123
0.0022496115449342
0.0018746762874452
0.0011248057724671
0.0011248057724671
0.00074987051497807
0.00074987051497806
0.00074987051497807
0.00074987051497807
0.00074987051497807
0.00074987051497807
0.00037493525748903
0.00074987051497807
0.00037493525748903
0.00037493525748903
0.00037493525748904
0.00037493525748903
0.00074987051497807
0.00074987051497807
0.00037493525748903
0.00037493525748903
0.00074987051497807
0.00074987051497807
0.00074987051497807
0.0011248057724671
0.00074987051497807
0.0011248057724671
0.0011248057724671
0.0026245468024232
0.0082485756647587
0.0059989641198246
0.0011248057724671
0.0011248057724671
0.00074987051497806
0.0014997410299561
0.00074987051497807
0.00074987051497807
0.00037493525748904
0.00074987051497807
0.00074987051497806
0.00037493525748903
0.00037493525748903
0.00074987051497807
0.00037493525748903
0.0011248057724671
0.00037493525748903
0
0.00037493525748903
0.00037493525748903
0.0011032091245186
0.0014709454993582
0.0011032091245186
0.0011032091245186
0.0014709454993582
0.0011032091245186
0.0011032091245186
0.0014709454993582
0.0011032091245186
0.00073547274967909
0.0011032091245186
0.0011032091245186
0.00073547274967909
0.0011032091245186
0.0011032091245186
0.00036773637483955
0.0011032091245186
0.00073547274967909
0.00073547274967909
0.00073547274967909
0.0011032091245186
0.00073547274967909
0.0011032091245186
0.0011032091245186
0.0011032091245186
0.0011032091245186
0.0011032091245186
0.0014709454993582
0.0018386818741977
0.0022064182490373
0.0029418909987164
0.0033096273735559
0.0022064182490373
0.0014709454993582
0.0011032091245186
0.0011032091245186
0.0011032091245186
0.00073547274967909
0.00073547274967909
0.00073547274967909
0.00073547274967909
0.00036773637483954
0.00073547274967909
0.00073547274967909
0.00036773637483955
0.00073547274967909
0.00036773637483955
0.00036773637483954
0.00073547274967909
0.00036773637483955
0.00073547274967909
0.00073547274967909
0.00073547274967909
0.00036773637483955
0.00073547274967909
0.0011032091245186
0.0007354727496791
0.00073547274967909
0.0025741546238768
0.0018386818741977
0.0073547274967909
0.0069869911219514
0.0014709454993582
0.00073547274967909
0.0014709454993582
0.00073547274967909
0.00036773637483954
0.00073547274967909
0.00036773637483955
0.0007354727496791
0.00036773637483954
0.00036773637483954
0.0007354727496791
0.00036773637483954
0.00036773637483954
0.00073547274967909
0.00036773637483954
0.00036773637483955
0.00036773637483955
0.00036773637483954
0.0010967691301986
0.0010967691301986
0.0014623588402648
0.0010967691301986
0.0014623588402648
0.0010967691301986
0.0010967691301986
0.0014623588402648
0.0010967691301986
0.00073117942013239
0.0010967691301986
0.0010967691301986
0.00073117942013239
0.0010967691301986
0.00073117942013239
0.00073117942013239
0.0010967691301986
0.0007311794201324
0.00073117942013239
0.0010967691301986
0.0007311794201324
0.0010967691301986
0.0014623588402648
0.0010967691301986
0.0010967691301986
0.0010967691301986
0.0010967691301986
0.0014623588402648
0.001827948550331
0.001827948550331
0.0029247176805296
0.0032903073905958
0.0032903073905958
0.0010967691301986
0.0010967691301986
0.0014623588402648
0.00073117942013239
0.00073117942013239
0.00073117942013239
0.00036558971006619
0.0007311794201324
0.00073117942013239
0.00073117942013239
0.00073117942013239
0
0.0010967691301986
0.0007311794201324
0.00073117942013239
0.0007311794201324
0.0003655897100662
0.0007311794201324
0.00036558971006619
0.0007311794201324
0.00073117942013239
0.00073117942013239
0.0007311794201324
0.0010967691301986
0.0007311794201324
0.0014623588402648
0.0010967691301986
0.0073117942013239
0.007311794201324
0.001827948550331
0.0007311794201324
0.00073117942013239
0.00036558971006619
0.0003655897100662
0.00073117942013239
0.0003655897100662
0
0.00073117942013239
0.0003655897100662
0.00073117942013239
0.00073117942013239
0.00036558971006619
0.0003655897100662
0.00036558971006619
0.0003655897100662
0.00073117942013239
0.00036558971006619
0.0011021299533225
0.0011021299533225
0.00146950660443
0.0011021299533225
0.0011021299533225
0.00146950660443
0.0011021299533225
0.0011021299533225
0.0011021299533225
0.0011021299533225
0.0011021299533225
0.0011021299533225
0.00073475330221499
0.00073475330221499
0.0011021299533225
0.000734753302215
0.00073475330221499
0.0011021299533225
0.00073475330221499
0.00073475330221499
0.0011021299533225
0.00073475330221499
0.0011021299533225
0.000734753302215
0.0011021299533225
0.0011021299533225
0.0011021299533225
0.00146950660443
0.0018368832555375
0.002204259906645
0.003673766511075
0.00293901320886
0.002204259906645
0.0018368832555375
0.0011021299533225
0.0011021299533225
0.00073475330221499
0.00073475330221499
0.000734753302215
0.00146950660443
0.0003673766511075
0.0003673766511075
0.00073475330221499
0.00073475330221499
0.0003673766511075
0.00073475330221499
0.000734753302215
0.0003673766511075
0.00073475330221499
0.0003673766511075
0.0003673766511075
0.00073475330221499
0.00073475330221499
0.000734753302215
0.00073475330221499
0.0011021299533225
0.0003673766511075
0.002204259906645
0.00146950660443
0.00146950660443
0.0077149096732574
0.0062454030688275
0.0025716365577525
0.000734753302215
0.0011021299533225
0.0003673766511075
0.00073475330221499
0.0003673766511075
0.00073475330221501
0.0003673766511075
0.0011021299533225
0.0003673766511075
0.0003673766511075
0.0003673766511075
0.00073475330221499
0.0003673766511075
0.0003673766511075
0.0003673766511075
0.0003673766511075
0.00073475330221499
0.0011171907088611
0.0011171907088611
0.0014895876118148
0.0011171907088611
0.0011171907088611
0.0014895876118148
0.0011171907088611
0.0011171907088611
0.0011171907088611
0.0011171907088611
0.00074479380590741
0.0011171907088611
0.0011171907088611
0.0007447938059074
0.00074479380590741
0.0007447938059074
0.0011171907088611
0.00074479380590741
0.0007447938059074
0.0011171907088611
0.00074479380590741
0.00074479380590741
0.0011171907088611
0.0003723969029537
0.0007447938059074
0.0011171907088611
0.0014895876118148
0.0018619845147685
0.0014895876118148
0.0022343814177222
0.0029791752236296
0.0026067783206759
0.0029791752236296
0.0014895876118148
0.0014895876118148
0.0007447938059074
0.0007447938059074
0.0007447938059074
0.00074479380590741
0.0007447938059074
0.00074479380590741
0.0007447938059074
0.0003723969029537
0.00074479380590741
0.0007447938059074
0.0003723969029537
0.00037239690295371
0.0007447938059074
0.0007447938059074
0.0003723969029537
0.00074479380590741
0.0003723969029537
0.00074479380590741
0.0011171907088611
0.00074479380590741
0.0003723969029537
0.00074479380590741
0.0007447938059074
0.0003723969029537
0.0018619845147685
0.0063307473502129
0.0067031442531667
0.0033515721265833
0.00074479380590741
0.0018619845147685
0.0011171907088611
0.0007447938059074
0.0003723969029537
0.00037239690295371
0.0003723969029537
0.0003723969029537
0.0003723969029537
0.0003723969029537
0.0007447938059074
0.0003723969029537
0.0003723969029537
0.0003723969029537
0.0003723969029537
0.0003723969029537
0.0003723969029537
0.0011406105246719
0.0011406105246719
0.0011406105246719
0.0011406105246719
0.0015208140328959
0.0011406105246719
0.0011406105246719
0.0011406105246719
0.0011406105246719
0.0011406105246719
0.0011406105246719
0.00076040701644796
0.0011406105246719
0.00076040701644796
0.00076040701644796
0.00076040701644796
0.0011406105246719
0.00076040701644796
0.00076040701644796
0.00076040701644796
0.0011406105246719
0.00076040701644796
0.00076040701644796
0.0011406105246719
0.0011406105246719
0.0011406105246719
0.0011406105246719
0.0015208140328959
0.0015208140328959
0.0022812210493439
0.0022812210493439
0.0038020350822398
0.0015208140328959
0.0011406105246719
0.0015208140328959
0.0011406105246719
0.0011406105246719
0.00076040701644796
0.00076040701644796
0.00076040701644796
0.00076040701644796
0.00076040701644796
0.00076040701644796
0.00038020350822398
0.00076040701644796
0.00076040701644796
0.00076040701644797
0
0.00076040701644796
0.00038020350822398
0.00076040701644796
0.00038020350822398
0.00076040701644796
0.00076040701644796
0.00076040701644796
0.00076040701644796
0.00076040701644797
0.00076040701644796
0.0019010175411199
0.0011406105246719
0.0064634596398076
0.0068436631480317
0.0022812210493439
0.0011406105246719
0.0011406105246719
0.00076040701644796
0.00038020350822398
0.00076040701644796
0.00038020350822398
0.00076040701644796
0.00038020350822398
0.00038020350822398
0.00076040701644797
0.00038020350822398
0.00038020350822398
0.00038020350822398
0.00038020350822398
0.00038020350822398
0.00076040701644796
0.00076040701644796
0.0011715343374504
0.0011715343374504
0.0015620457832672
0.0011715343374504
0.0011715343374504
0.0011715343374504
0.0011715343374504
0.0011715343374504
0.0011715343374504
0.0011715343374504
0.00078102289163358
0.0015620457832672
0.00039051144581679
0.0011715343374504
0.00078102289163358
0.00078102289163358
0.00078102289163358
0.00078102289163358
0.00078102289163358
0.0011715343374504
0.00078102289163358
0.00078102289163358
0.0011715343374504
0.00078102289163358
0.0011715343374504
0.0011715343374504
0.0011715343374504
0.0011715343374504
0.001952557229084
0.0023430686749007
0.0027335801207175
0.0042956259039847
0.0023430686749007
0.00078102289163358
0.0027335801207175
0.00078102289163357
0.0011715343374504
0.00078102289163357
0.00078102289163358
0.00078102289163358
0.00078102289163358
0.00039051144581679
0.00078102289163358
0.00078102289163358
0.00039051144581679
0.0011715343374504
0.00039051144581679
0.00039051144581679
0.00078102289163358
0
0.00078102289163358
0.00039051144581679
0.00078102289163358
0.00078102289163357
0.00078102289163358
0.00039051144581679
0.00078102289163359
0.00078102289163358
0.0011715343374504
0.001952557229084
0.0046861373498014
0.007419717470519
0.0046861373498015
0.0011715343374504
0.0011715343374504
0.00039051144581679
0.00078102289163357
0.00078102289163358
0.00078102289163359
0.00039051144581679
0.00039051144581679
0.00078102289163357
0.00078102289163358
0.00039051144581679
0
0.00039051144581679
0.00039051144581679
0.00039051144581679
0.00039051144581679
0.00078102289163357
0.0012094328442027
0.0012094328442027
0.0012094328442027
0.0012094328442027
0.0012094328442027
0.0012094328442027
0.0012094328442027
0.0012094328442027
0.0012094328442027
0.0012094328442027
0.00080628856280179
0.0012094328442027
0.00080628856280178
0.00080628856280179
0.00080628856280179
0.00080628856280178
0.00080628856280178
0.0012094328442027
0.00080628856280178
0.00080628856280178
0.00080628856280179
0.00080628856280178
0.0012094328442027
0.0012094328442027
0.00080628856280178
0.00080628856280178
0.0016125771256036
0.0012094328442027
0.0012094328442027
0.0020157214070045
0.0024188656884054
0.0028220099698062
0.0024188656884054
0.0020157214070045
0.0016125771256036
0.00040314428140089
0.0016125771256036
0.00040314428140089
0.0012094328442027
0.00040314428140089
0.00080628856280179
0.00040314428140089
0.00080628856280178
0.00040314428140089
0.00080628856280179
0.00040314428140089
0.00080628856280179
0.00040314428140089
0.00080628856280178
0.00040314428140089
0
0.00080628856280178
0.00040314428140089
0.00080628856280179
0.00080628856280178
0.00080628856280178
0.0004031442814009
0.00080628856280179
0.00040314428140089
0.00080628856280178
0.0052408756582116
0.0084660299094188
0.0040314428140089
0.00080628856280179
0.00080628856280178
0.00040314428140089
0.0012094328442027
0.00080628856280178
0.0008062885628018
0.00080628856280179
0
0.00080628856280178
0.00080628856280178
0.00040314428140089
0.00080628856280178
0.00080628856280179
0.00040314428140089
0.0004031442814009
0.00080628856280179
0
0.00083600338351334
0.00125400507527
0.00125400507527
0.00125400507527
0.00125400507527
0.00125400507527
0.00125400507527
0.00125400507527
0.00083600338351334
0.00125400507527
0.00083600338351335
0.00125400507527
0.00083600338351334
0.00083600338351334
0.00083600338351335
0.00083600338351334
0.00083600338351334
0.00083600338351335
0.00083600338351334
0.00083600338351335
0.00083600338351335
0.00125400507527
0.00083600338351334
0.00083600338351335
0.00125400507527
0.00125400507527
0.0016720067670267
0.00125400507527
0.0016720067670267
0.0016720067670267
0.0029260118422967
0.00376201522581
0.0029260118422967
0.00083600338351334
0.00125400507527
0.00125400507527
0.00083600338351335
0.0016720067670267
0.00083600338351335
0.00083600338351335
0.00083600338351335
0.00041800169175667
0.00083600338351334
0.00041800169175667
0.00083600338351334
0.00041800169175667
0.00083600338351335
0.00041800169175667
0.00041800169175667
0.00041800169175667
0.00083600338351334
0.00041800169175667
0.00041800169175667
0.00041800169175667
0.00083600338351334
0.00083600338351334
0.00041800169175668
0.00083600338351334
0.00125400507527
0.00083600338351334
0.0041800169175667
0.0083600338351334
0.0054340219928367
0.00083600338351334
0.0016720067670267
0.00041800169175667
0.00125400507527
0.00083600338351334
0.00041800169175668
0.00041800169175667
0.00083600338351335
0.00041800169175667
0.00041800169175668
0.00041800169175667
0.00041800169175667
0.00041800169175667
0.00041800169175667
0.00041800169175667
0.00041800169175668
0.00041800169175667
0.0013051170589855
0.0013051170589855
0.00087007803932366
0.0013051170589855
0.0013051170589855
0.0013051170589855
0.0013051170589855
0.00087007803932366
0.0013051170589855
0.0013051170589855
0.00087007803932366
0.00087007803932366
0.00087007803932366
0.00087007803932366
0.00087007803932366
0.00087007803932366
0.00087007803932366
0.00087007803932366
0.00087007803932366
0.00087007803932366
0.00087007803932366
0.00087007803932366
0.00087007803932366
0.0013051170589855
0.00087007803932366
0.0013051170589855
0.0013051170589855
0.0013051170589855
0.00087007803932366
0.0021751950983091
0.002610234117971
0.0034803121572946
0.002610234117971
0.0017401560786473
0.0013051170589855
0.0013051170589855
0.0017401560786473
0.00087007803932365
0.00043503901966183
0.00087007803932365
0.00087007803932366
0.00043503901966183
0.0013051170589855
0.00043503901966183
0.00087007803932366
0.00043503901966183
0.00043503901966183
0.00087007803932366
0.00043503901966183
0.00043503901966183
0.00087007803932366
0.00043503901966183
0.00043503901966183
0.00087007803932366
0.00087007803932366
0.00043503901966183
0.00087007803932367
0.0013051170589855
0.0017401560786473
0.0017401560786473
0.0017401560786473
0.0073956633342511
0.0065255852949274
0.0017401560786473
0.0013051170589855
0.00043503901966183
0.00087007803932365
0.00087007803932366
0.00087007803932367
0.00043503901966183
0.00043503901966183
0.00043503901966182
0.00087007803932366
0.00043503901966183
0.00043503901966183
0.00087007803932365
0.00043503901966183
0.00043503901966183
0.00043503901966183
0.00043503901966183
0.00090850812431368
0.0013627621864705
0.0013627621864705
0.0013627621864705
0.00090850812431369
0.0013627621864705
0.0013627621864705
0.00090850812431369
0.0013627621864705
0.00090850812431369
0.00090850812431369
0.0013627621864705
0.00090850812431369
0.00090850812431369
0.00045425406215684
0.00090850812431369
0.00090850812431369
0.00090850812431368
0.00090850812431369
0.00090850812431369
0.00090850812431369
0.00090850812431369
0.00090850812431369
0.00090850812431369
0.00090850812431369
0.0013627621864705
0.00090850812431369
0.0013627621864705
0.0018170162486274
0.0018170162486274
0.0027255243729411
0.0022712703107842
0.0036340324972547
0.0022712703107842
0.0013627621864705
0.00090850812431368
0.0013627621864705
0.00045425406215684
0.00045425406215684
0.00090850812431368
0.00090850812431369
0.00045425406215684
0.00090850812431368
0.00045425406215684
0.00045425406215684
0.00090850812431368
0.00045425406215685
0.00045425406215684
0.0013627621864705
0.00045425406215684
0.00045425406215684
0.00045425406215684
0.00090850812431369
0.00090850812431368
0.00090850812431369
0.00045425406215684
0.00090850812431369
0.00090850812431369
0.00090850812431369
0.00090850812431369
0.0022712703107842
0.0072680649945095
0.0077223190566663
0.00090850812431369
0.00090850812431368
0.00090850812431369
0.00045425406215684
0.00090850812431369
0.00090850812431369
0.00045425406215684
0.00045425406215684
0.00045425406215684
0.00090850812431369
0.00045425406215684
0.00045425406215684
0.00045425406215684
0.00045425406215684
0.00090850812431369
0
0.00045425406215684
0.001427035115795
0.0009513567438633
0.001427035115795
0.0009513567438633
0.0014270351157949
0.001427035115795
0.0009513567438633
0.001427035115795
0.0009513567438633
0.0009513567438633
0.0009513567438633
0.0009513567438633
0.0009513567438633
0.0009513567438633
0.00095135674386331
0.0009513567438633
0.0009513567438633
0.00047567837193165
0.0009513567438633
0.0009513567438633
0.0009513567438633
0.0009513567438633
0.0009513567438633
0.0009513567438633
0.0009513567438633
0.0014270351157949
0.0009513567438633
0.0014270351157949
0.001427035115795
0.0019027134877266
0.0028540702315899
0.0033297486035215
0.0028540702315899
0.0014270351157949
0.001427035115795
0.0009513567438633
0.0014270351157949
0.0009513567438633
0.00047567837193165
0.0009513567438633
0.00047567837193165
0.0009513567438633
0.00047567837193165
0.0009513567438633
0.0009513567438633
0.00047567837193165
0.00047567837193166
0.00047567837193165
0.0009513567438633
0.00047567837193165
0.00047567837193165
0.00047567837193165
0.0009513567438633
0.00047567837193165
0.00047567837193165
0.0009513567438633
0.00095135674386332
0.0014270351157949
0.0019027134877266
0.00047567837193165
0.0014270351157949
0.0071351755789748
0.0090378890667013
0.001427035115795
0.0009513567438633
0
0.00047567837193165
0
0.00095135674386332
0.00047567837193165
0.00047567837193165
0.00047567837193165
0.00047567837193165
0.00047567837193165
0.00047567837193165
0.00047567837193165
0.00047567837193165
0.00047567837193165
0.00047567837193165
0.00047567837193165
0.00099874293909865
0.001498114408648
0.00099874293909865
0.001498114408648
0.00049937146954932
0.0019974858781973
0.00099874293909865
0.00099874293909865
0.001498114408648
0.00099874293909865
0.00099874293909865
0.00099874293909865
0.00099874293909865
0.00049937146954933
0.00099874293909865
0.00099874293909865
0.00099874293909865
0.00049937146954932
0.00099874293909865
0.00099874293909865
0.00049937146954933
0.00099874293909865
0.00099874293909865
0.00099874293909865
0.00099874293909865
0.00099874293909865
0.001498114408648
0.00099874293909865
0.0019974858781973
0.001498114408648
0.0019974858781973
0.0034956002868453
0.0024968573477466
0.001498114408648
0.00099874293909866
0.00099874293909865
0.001498114408648
0.00049937146954932
0.00099874293909865
0.00099874293909865
0
0.00049937146954933
0.00049937146954932
0.00049937146954933
0.00049937146954932
0.00049937146954933
0.00099874293909865
0.00049937146954933
0.00049937146954933
0.00049937146954932
0.00049937146954933
0.00049937146954933
0.00099874293909865
0.00049937146954933
0.00049937146954932
0.00099874293909865
0.00049937146954933
0.00099874293909865
0.00099874293909865
0.001498114408648
0.0024968573477466
0.0039949717563946
0.0069912005736906
0.0024968573477466
0.001498114408648
0.001498114408648
0.00099874293909865
0
0.00049937146954933
0.00049937146954933
0
0.00049937146954932
0
0.00049937146954933
0
0
0.00049937146954932
0.00049937146954933
0.00049937146954933
0.00049937146954932
0.0038659128793046
0
0
0
0.0041261131407608
0
0
0
0
0
0
0.013947608757696
0
0.0096339794116662
0
0.0049940261001906
0.010172453671839
0
0.015835369735483
0
0
0
0
0
0
0
0
0.006294357522347
0
0
0
0
0
0
0
0
0
0
0
0
0
0
0
0
0
0
0
0
0
0.020953194010373
0.010758488161348
0.011051911389365
0
0.011675949613519
0.012007977945041
0.012354373029417
0
0.013093689778753
0.01348848636752
0.013901411457456
0
0
0.015260682557111
0.015758326608855
0.01628071529942
0.016829516747574
0.017406542044608
0.018013760213088
0
0.019327543963178
0.020038999578106
0
0
0
0.023317117624308
0
0
0.052667947545675
0
0
0
0.0014424880500769
0
0.0014902386446211
0
0
0.001566435958266
0
0.0016205276686098
0
0
0.0034141476379274
0.0034749358253321
0.0088434051555698
0.010804457205907
0.0073347378937506
0.007470153331439
0.0076093537740847
0.0038762408035192
0
0.0040255615832019
0.0041034785191417
0
0
0
0
0.0022645998473312
0
0
0
0
0
0
0
0
0
0
0
0
0.0030025791402047
0
0
0
0
0
0
0
0
0
0
0.015801016897747
0.0040579920709093
0.012510595096538
0.01286137101974
0.0088180727427037
0.022681120951926
0.014006987741003
0.014423049759255
0.024763214614863
0.030625553615871
0.026314725744164
0.016287444268718
0.01120670020447
0.011572145699804
0.011955762449806
0.006179387719721
0.019173771968604
0.013228426022727
0.020547125781313
0.0070966023332708
0
0.007633754425182
0
0
0
0
0.0092771975233953
0
0.010086566804524
0
0.00094702961235989
0
0
0
0
0
0.0010450819343441
0.0010628964603609
0.0010811703993586
0.0010999196850334
0.0044766437917843
0.002277823104578
0.0069551378112097
0.0035400424450522
0.0024028098045682
0.0024467652269646
0.00747581372759
0.0063459330393953
0
0.0013176119736678
0
0
0
0
0
0.0014807589728323
0
0
0.0015739372046551
0
0
0
0.0017125041283372
0.0017500055951394
0
0.0018288006927192
0.0018702090154361
0
0
0
0
0.0020999651686061
0.0021509783036074
0
0
0.0023156884006636
0
0.0048724684165082
0.0050001357796548
0.0025664436603685
0.010541993253505
0.010829511875383
0.0055644776940017
0.0085807443532729
0.017649509008919
0.027237968675571
0.01557511258328
0.019245304810574
0.019825582854151
0.010216253222586
0.038624175819052
0.010866523889505
0.014953589216962
0.0038603047729593
0.015953095664923
0.020613566858918
0.0085281336024296
0.004412816554421
0.0045694877902969
0.0047346531178539
0.0049089378356376
0.0050930258583982
0
0.005493681791563
0.0057119758138654
0
0.006189484786707
0
0
0
0.00075289914810411
0
0.00077761777277158
0.00079043609583756
0.0016071479961645
0.00081704219186612
0
0.00084501458991819
0.00085954257608058
0.00087444846817513
0.00088974548768364
0.0036217897573344
0.005529412454124
0.0028143733905951
0.0019102607049511
0.0019452057580358
0.00099055927316119
0.0010090175675458
0
0.0010475162756889
0
0
0.0011095308391942
0
0.0011539845279293
0
0.0012011643023885
0.001225846666594
0
0.001277549670228
0.0013046365241199
0
0
0
0
0
0
0
0.0015561222726082
0
0.0016303656390757
0.0016694958276459
0
0
0.0017957261995736
0.0018409982131285
0.0075520163173064
0.0077473339208736
0.0079503278879028
0.0061210543587948
0.0041905013509063
0.0064571874197068
0.0066357331293248
0.0045478585740385
0.014031557328178
0.0024060544610314
0.01485886672501
0.012750194052128
0.013134633671771
0.0081220357290982
0.011166055399424
0.017278016384029
0.0089162031753905
0.0061379710561343
0.0063414448603224
0.0065552066059867
0.0067799617249243
0
0.010898381908083
0
0
0.016196050387507
0.0084075080727037
0.0087350771017945
0
0
0.0098414194493945
0.0051286273226383
0
0
0.00065178380385289
0
0.00067318268477225
0.00068427949021434
0
0.00070731235260868
0.0014385346975774
0.00073152802087092
0.0014882097588293
0.00075700889062743
0.0007702515003287
0.0007838446592531
0.0031912034004336
0.0016242662323894
0.002480565275751
0.0050518862112192
0.001715051724068
0.0034940207329788
0.0062295474063444
0.00090683346432992
0
0.00094210621879671
0.00096051939052247
0
0
0.001019117779746
0
0.0010612138495638
0
0
0
0
0.002357228201344
0
0
0
0
0
0
0
0
0
0
0.001516793961398
0.0062182312517341
0.0031874994712391
0.0032688853045241
0.0067068568019767
0.0086032355158431
0.0088316478677254
0.0090692787919025
0.0074533048934106
0.013403939398311
0.0059056127933492
0.010122583961382
0.014580427312023
0.012863301412091
0.008830260998502
0.020467143219764
0.009374980887096
0.012083049370879
0.012464630079361
0.010291660507636
0.023911350674799
0.0027448902441924
0.0056748337509403
0
0.0091112326014118
0.0062898099378266
0.0032585783789575
0.0033785281195425
0
0
0.0037809723883409
0
0
0
0
0
0
0.00059342345304302
0.00060304687013109
0
0.00062300949414401
0.00063336458530778
0.00064398000714938
0.00065486455977599
0.0006660274182586
0.0020324344561408
0
0.0021038508582087
0.0021409789638545
0.0072636621608768
0.0022182455376913
0.0030112758304724
0.0030663621302247
0.0062459478755241
0.0039764601316263
0.0064820083169833
0
0.00084146357855102
0.00085775056419836
0.00087451503101336
0
0.00090955274029252
0.00092786655381659
0
0
0
0
0
0
0
0
0.001120860095163
0
0.0011719019947928
0
0.001226511485235
0.0012552588929422
0.00128502895733
0.0013158707661933
0.0013478363883112
0.0027619621868689
0.0014153635911983
0.0087062777486078
0.011904764699864
0.012212657322772
0.0093994880455277
0.011257214002338
0.0049543324385805
0.0033929701077911
0.0034867880839832
0.0053768275852508
0.0073729708440828
0.011378489271001
0.0097596072710678
0.010049505568494
0.012423017910305
0.0021338876086466
0.015401596010823
0.009078843357406
0
0.009675707531297
0.012495571670422
0.010333424733809
0.008015791308347
0
0.0028633119680376
0
0
0.0031913690468419
0
0.0034424262727904
0
0
0
0
0
0
0.00055857769738644
0.00056763602855016
0.0005769165047638
0.00058642644961908
0.00059617349104269
0.00060616557655738
0.00061641098952863
0.00062691836626849
0
0.00064875543167868
0.0013202086548208
0.0080610437194547
0.0041022844617392
0.0020879904195288
0.0042516810996252
0.0021647292788191
0.0051442882293616
0.0067373331452042
0.0038133659673912
0.0023314645688826
0.00079205293577672
0.0008073835515345
0
0
0
0
0
0.00090945860424895
0
0.00094781718758709
0.00096791298994571
0.00098865474457948
0
0.0010321895778069
0
0.0010786645597832
0
0.0011283505276184
0.0011544908744803
0.0011815502377728
0
0.0012386029889274
0
0.0025997800907568
0.0066612680345018
0.002731682046316
0.0042021443666446
0.0028738828788028
0.0014745918680721
0.0060549666940686
0.0093268292361751
0.006387470600939
0.0065640885921773
0.0050611008992477
0.0121450540044
0.010710345713741
0.0055119145651374
0.015135039645725
0.0058467698768409
0.006025757934611
0.010355154355011
0.01281860210827
0.0066149526821512
0.011384438897934
0
0.009726647243749
0.005030069987744
0
0.0080855358739378
0.0027925965587325
0.0028953932982203
0
0
0
0.0033690417447965
0
0.0036506864358247
0
0
0
0.00053832471840707
0.00054705461148326
0.00055599859504693
0
0.00057455735914447
0.00058418715039119
0
0.0012083749657921
0
0.0012504655545892
0.0012723403667474
0.0032369855845842
0.0046124672139531
0.0020122838056182
0.0054633641632384
0.0041724805157849
0.0035412614234786
0.0036072500499228
0.0051451406639755
0.0022469300392643
0
0.00077810933923827
0
0.00080897539286438
0.00082510173853671
0.00084171513400958
0
0.00087648334211292
0.00089468089638192
0
0.0018656365629811
0
0
0
0.0010167894309004
0
0.0010630921445934
0
0.0022252624041831
0.0022774188873247
0
0.0023873871382711
0.0012226912173358
0.0075165508316511
0.0064197429573141
0.0013163181910436
0.0040497824984172
0.0041545219189001
0.0042633778032659
0.0043765687241933
0.0029962186374983
0.0061558729048373
0.0094891305887723
0.0048775948792279
0.0033441991827899
0.0051610043395638
0.014165501033753
0.007293135756665
0.0093912949570257
0.0058072752609269
0.013971574249428
0.0082358824356779
0.012750213825418
0.0065829963057555
0.009068296935445
0.0093739772695304
0.0072715336354523
0.010033596407281
0.0051949130119513
0.0053826844972096
0.0055808235424921
0.0028950538349381
0
0.0031228006652351
0.0032468866140988
0
0
0
0
0
0.00052798870332806
0.00053655097953043
0.00054532323561088
0.00055431239410454
0.00056352566521548
0
0.00058265491193293
0.0011851737613134
0.00060277498167303
0.0024529123933887
0.0018718665076871
0.0025398675008689
0.0051701786251548
0.0046051769910812
0.0046886575221242
0.0040923674909615
0.0013893072067429
0.0021227937837303
0.0028836298504007
0.00073459607639176
0.0014973566058389
0
0.00077808528614423
0.00079344279409389
0.00080925950852259
0
0.00084234546432828
0.00085965456808354
0
0
0
0
0.00095475666480107
0.00097566451243007
0.0019945334658503
0.0010195944179488
0.0010426804189911
0.0010665594683912
0.0010912683099762
0.0022336916811318
0.0011433332630189
0.0011707742523945
0.0011992151360276
0.0012287050892649
0
0.0025820888808981
0
0.0013582512350532
0.0013938398400158
0.0057233828497885
0.007346725587761
0.0090565171217449
0.0062046240666808
0.0095678868444123
0.011479963030438
0.0050619113259001
0.0052100694992269
0.010729657657446
0.0036843915780686
0.0075943648385276
0.0019576164770795
0.010097188414533
0.0041684684817345
0.0064566005695847
0.011117728242418
0.0068954953223286
0.0071319177516929
0.0024602369980671
0.010190337880819
0.007919002725263
0.0054736698593886
0.0028394678306732
0.0029479840007151
0.0030628418454699
0.0031845453025301
0.0033136493780071
0
0
0
0.0039173419114291
0.00052490656398112
0
0.00054213990575806
0
0.0011204721569946
0.00056962583984822
0
0.0011782552976043
0.00059925627667663
0.00060964837317738
0.0024812526242523
0.00063126024971982
0.0057824973625691
0.0026161681281395
0.0026635928210579
0.00067807970912034
0.0034529927800027
0.0049242712254029
0.0093170890548105
0.0021909235933016
0.00074430788582324
0.00075871437014734
0.00077354320548856
0.00078881106383183
0
0.00082073474194681
0
0.00085463632592744
0.00087238029226882
0.00089068264906844
0
0.0027871755390642
0.00094918326320205
0.0009699690610612
0.00099144517837752
0.001013642525316
0.0010365937615961
0
0.0010848980202808
0
0
0.0011639398459639
0
0
0.0037558355789441
0.0038505238667691
0.0039488385790723
0.0027006448597129
0.004157109857944
0.002844986272514
0.0058430712028308
0.0015006082687151
0.0046263033836352
0.0015853390348482
0.0016304212330317
0.010064724735622
0.0034531037775436
0.0088891859778208
0.0018314419526503
0.0075500326576762
0.0097309443563805
0.0060229475856067
0.012432405015573
0.0042792733993715
0
0.0045701618661799
0.0047268567402503
0.0024458753399375
0
0
0.005441717256752
0.0056457848175129
0
0
0
0
0
0.0035755786849099
0
0
0.00052747221902052
0
0.00054478979447471
0.00055377015967553
0
0
0.0011641699050883
0.0023680288228313
0.0012043706812249
0.00061262823193396
0.0018700354274561
0.0025373829747819
0.0012912802750101
0.00065723887953225
0.0046840710262046
0.0061325464386799
0.0027758963425649
0.005655245983204
0.0072020226305867
0.002935509945996
0.00074794593763917
0.00076242283844187
0.00077732415462829
0.00079266663970005
0.00080846788204621
0.00082474635538574
0.0016830429456124
0.0008588136446102
0.00087664434047584
0.0017900723122368
0.00091401288489382
0
0
0.0029241303202942
0
0.0010185970395702
0
0
0.0021804016388301
0
0.0011422148419525
0.0035088869647593
0
0
0
0
0.0013227132793951
0
0.0041774291120524
0.0057177841742576
0.0058716311525621
0.0045238289689674
0.010847470612571
0.0063723516220832
0.0049151713737568
0.0050569597090398
0.0017349909841412
0.0035730539297932
0.0036807874660297
0.0018967339870068
0.0097785075764722
0.0020174622469482
0
0.01075047442083
0
0.0022962500245301
0.007124941231996
0.0049156607348123
0.0050901847905862
0.0026370854234827
0.0082024731837731
0
0.0029451002506199
0
0.0031814301455883
0
0
0
0.0037481511636706
0
0.00053468019855183
0.00054335098925447
0.0005522344210274
0
0.00057066754017118
0.00058023213663089
0.00059003922249805
0
0.00061041428510017
0.0018629996398504
0.0018955897156207
0.0019290424933811
0.00065446289769584
0.003331100690521
0.0027131882817948
0.0062163485188841
0.0070345733579946
0.0028662628439206
0.0029201756992967
0.0029756240882028
0.00075816672048735
0.00077284145010428
0.00078794639480102
0.0024104956110512
0
0.0016720332527479
0.00085302097805717
0
0
0.0018145338935698
0.0018530059902737
0
0.0019337136567004
0
0.0010099056502696
0.0030975489194835
0
0.0021601531424152
0
0
0
0.0011856121272749
0.0024288269161674
0.0024885543078802
0.0012752561127877
0.0026148131329608
0.001340788336051
0.0082527906615843
0.0042345142483817
0.0043469388538267
0.0044639008424461
0.003057098470934
0.0015708146817354
0.0064594306726722
0.0066431171444723
0.008543439584104
0.0087934993582102
0.005432820295686
0.0037310859268097
0.0019226531146142
0.0059472793265578
0.0020450311426242
0.0084425956139705
0
0.0022517258822516
0.0093105143722684
0.012037174203127
0.0074742508598333
0.012899357143156
0.010692486216218
0.0027715203647074
0
0
0.0062033178958156
0.0032249048207187
0
0
0
0
0
0
0.0005547413275269
0
0.00057310489608907
0.00058263051889453
0.00059239561924816
0.00060240829234659
0.000612676978315
0.00062321048006667
0
0.00064510907073627
0.0019694812649597
0.0040090949371384
0.0047613033895417
0.0034625815059005
0.0063466626507291
0.0014364080089581
0.0021947615167597
0.0044720875900038
0.0015190012437235
0.0046443616151716
0.0015780852541929
0.0016089284374902
0
0.0033467812841546
0
0.00087090296904645
0.0026663966771477
0.0009072521422062
0.0018525722063052
0
0.0019323919479694
0.00098712517524536
0
0.0010310764352823
0
0.0021560595055622
0.0011027183584678
0.0022565297765156
0
0.0023641899328479
0
0.0012398713671819
0
0.001301989474457
0.0013348139023403
0
0.0028085983326626
0.0028821886184516
0.0029587095366127
0.0075957969718264
0.0031211848283805
0.0016037438765694
0.0049461304257629
0.0050867832623689
0.0069780294656872
0.0053867031852949
0.0073956122964028
0.0038093011719872
0.0058888738344194
0.0040479686170135
0.0020879013995326
0.0043097894282614
0.0066754946089518
0
0.0095056919099699
0
0.007630934563945
0.010535814451224
0.0054583171057537
0.0056592402214861
0.0058714650199174
0.0091437829049294
0.0031666794324973
0
0.003425989933937
0
0
0
0
0
0.00056978127024338
0
0.00058864270511814
0.00059842658310334
0
0.0018562216928123
0
0.0019203201997465
0.000651207244338
0.0033129951522417
0.0033714618603472
0.0027451920291004
0.0048903900947853
0.0042677492896684
0.0036215172404553
0.005163729809946
0.0090170603331423
0.0076555553048768
0.0023402757696309
0.001590092612689
0.0024313045812667
0
0.00084258320333278
0.00085937949666224
0.00087668307363066
0.001789029139668
0
0.00093184922839946
0.0019027984621807
0
0
0
0.0020721809722932
0.0021180612002803
0
0
0.0011326148527808
0.001158853990685
0
0.0012141434901209
0.0012432839863213
0
0.002609605324469
0
0.0013710028856225
0.0042180253446727
0
0.0029603294555722
0
0.0015603462847823
0.011220318349768
0.0032944479806846
0
0.0087078237635543
0.0035836076162531
0.0036884969997608
0.0018990298538241
0.0058688663151653
0.0020161769381998
0.0083154313048568
0.0064335234416638
0.0066399522796942
0.0068564781620801
0
0.012204258413403
0.0050490799083812
0.0052252144356717
0.00541072878762
0.014015752475897
0.0087190071894943
0
0
0
0
0
0.010993449939973
0
0
0
0.00057882668388133
0.00058821338838923
0.00059783029091645
0.00060768498055241
0.00061778536173716
0.00062813967010033
0.00063875648928769
0
0
0.0013445468980361
0.00068403375330016
0.00069610536823954
0.004250996275784
0.0050485915884204
0.0058744115834532
0.0074773427571644
0.0099000082936769
0.01318740630696
0.0071128875674557
0.0048319648682991
0.00082076562744826
0.0025099559789576
0.00085300409481333
0.0026095209525904
0.0035487198477181
0.00090504330032122
0
0.00094242736594656
0.00096199405057363
0
0
0.0020489888872629
0.0010466864740044
0.0010696074570365
0.0010932896713993
0
0.0011430760648258
0
0
0.0012243825866469
0
0.0025670071113867
0
0.0013470123277343
0.001380549099936
0.0014153540928016
0.0014514920665561
0.0014890319685011
0
0
0.0016108226492622
0.0033095113210137
0.0068020432077578
0.012237331737307
0.0089895171865518
0.0073990707967892
0.003807817897138
0.0039209248997718
0.0060587209891259
0.0020813991795473
0.0021461077606336
0.002213881490164
0.0045698341137234
0.011797135914968
0.012188211092941
0.010079247695904
0.0052124149322984
0.0053942473169546
0.0055857629585709
0.0028938309085251
0.0090010623903286
0.003112869154312
0
0
0
0
0
0
0
0
0.0006001586634334
0.0006098913039425
0.00061986262614987
0
0
0
0.0013245942232643
0
0.00068516736261909
0.00069704929966138
0.0014184860323696
0.0028870380654208
0.0080807132359326
0.010469303037766
0.0053295428747961
0.011629367201289
0.0071064425804708
0.002412955186273
0.0049166831390856
0.007515061911984
0.0017020279668479
0.0008674858223568
0.00088444056175106
0.00090189726373442
0.0018397518808428
0.00093839761122939
0.0019149687288148
0
0
0.0010183734494576
0.0010399651992665
0
0
0
0.0011335815818528
0.001158961203646
0
0
0.0012404320892375
0
0
0
0.0027262680003222
0
0.0014314276202103
0
0.0015049851067827
0
0.0047530849627158
0.0048792774065665
0.0016701876315145
0.0034314794848758
0
0
0.00186416306292
0.0038358774428625
0.0039481505662828
0.014228990982559
0.0041880053704454
0.0021581067087174
0.0044504000975534
0.0068864144991688
0.0023691249990534
0.004892762217252
0
0.013063383207052
0.010809024760384
0.013982614961102
0.0086874295661121
0.009001438972773
0.0093327860033196
0.0032275903014205
0.0067018787581706
0
0
0
0.0078448928490727
0
0
0
0.0006246205260181
0
0.00064512760240948
0
0.00066666141758894
0.00067783490650436
0
0.00070104137981406
0.00071309409415394
0
0.0029526041884283
0.00075117770721657
0.0068809704281687
0.011674308518485
0.012678330683257
0.0080689123294774
0.0139703998189
0.0075339144273197
0.012792705478205
0.0069523273472254
0.0035428018246633
0.00090284367066497
0.00092048946815285
0
0.0019147383143325
0.00097664575262017
0.0019930209252647
0.0020339749131973
0
0
0.0021647062664801
0.0011055472667438
0.0011294950184131
0.0011542293937922
0
0
0
0.0012617598292866
0.0012909908517141
0
0.0013525846664137
0
0
0
0
0.0015273297561541
0
0.0032136733060986
0
0.0016927172796093
0
0.0017856715660853
0.003670093246172
0.0037729964523377
0.0019401444716017
0.0059883359153579
0.0041090732064074
0.004231128663489
0.0065380563761797
0.0089842758572566
0.009263587845326
0.0047780652116704
0.0098627525904955
0
0.0052609923046759
0.0027191667095756
0.0028123974304276
0.008731519357381
0.0030138401481417
0.006245552372114
0
0.0067182872619312
0.0034875202927871
0
0.0037673767439765
0
0
0
0
0
0.00065220910867009
0
0.0013472439057606
0
0
0.00070777389115713
0.00071973668826358
0.00073200536073317
0.0014891808519673
0.0015150057147565
0.0015415082164106
0.0039217806849871
0.0055882500422522
0.013002608845586
0.0057917624451037
0.006740243586791
0.011155110441249
0.0078666764999836
0.0097956765309022
0.001814850390532
0.00092482056064782
0.0037708838642573
0.0028834384585005
0.0009801168363163
0.00099965476422043
0.0010197827789347
0.0010405248843741
0.0010619063174637
0.0010839536250532
0.0011066947463003
0
0
0
0.0024104200639233
0.0036956838823709
0.0012594753682118
0
0
0.0040440361353366
0
0.0028246527385348
0
0
0
0
0
0
0
0
0.0070699285865366
0.0018150393434628
0
0.0038321959415539
0.0078792884662008
0.012155027032929
0.012505664053883
0.0021452825049613
0.011045028698868
0.0068268328431657
0.0070358237179647
0.002418186771019
0.0024945527108514
0.005149188033462
0.00531710075864
0.0027466813519729
0.017035610154708
0.0029366169456867
0
0.018881742576304
0.0032607046807732
0.006761465382976
0.0070150242657405
0
0
0.0039337763103458
0
0
0
0
0.0048389786756891
0
0.00069404528315303
0
0.0007170202221199
0.0021868136195783
0.00074115513825595
0.0007536821453331
0.0015330589079836
0.00077970807769084
0
0.0032284229456046
0.0024640478622657
0.00083597324036804
0.0042549563131049
0.0077977587685997
0.0097049404704892
0.011681226906864
0.0091529979996514
0.0074601287571322
0.010452450138436
0.0038737541412777
0.00098718319038275
0.0020129547548713
0.0010263427888524
0.0010468021980475
0.0010678795247447
0.0010895999049582
0.0011119897658965
0
0
0
0.002417644855612
0
0
0.0012899953563361
0.0013188769073263
0.0013487393635357
0
0.0014115893029513
0
0
0
0.0015512218603621
0.003178736053514
0
0
0.0017126458564484
0.0017569399721367
0.0018029749331202
0.0018508431733884
0
0.001952480823489
0.0040129365442465
0.0020627262482663
0
0.0043651592156923
0.0022464620006845
0.0023131906600809
0.011914686085708
0.0073676593126382
0.0025322374461569
0.0052244101750603
0
0.0055678749910417
0.0057524501047628
0.0029731788068989
0
0.0031823926319962
0.0032953792881516
0
0.0070803612189219
0.0036729394404804
0.0038133084619452
0
0
0
0
0
0
0
0
0.0014572300673452
0.0014810548217609
0.0007527343329967
0.00076524559119379
0.00077807138687515
0.0015824447050627
0
0.0016370892247849
0.0016654790637683
0.0016946138460411
0.0017245198641595
0.0035104491621252
0.0080404051186107
0.010005304082673
0.0064834856136266
0.003773248603919
0.0096089003233533
0.0097896385464878
0.0089779720626671
0.0020333511174242
0.0051817693381067
0.0042264363207977
0.0021549279385969
0.0032968273279545
0.0011210696113997
0
0.0023347538853388
0.0011916140322365
0.0012166138463991
0.0012424087272306
0.0012690327494748
0
0.001324913864103
0
0
0.0014159188177387
0.0014483456234772
0
0.001516632530319
0.0015526014036215
0
0.0016284867795448
0
0
0.0017531873472189
0
0
0
0
0.0039906252458768
0
0
0.0021654687256372
0.004454096079356
0
0.0070750685553485
0.0072852256109855
0
0
0.0053167316798609
0.005484633190411
0
0.0029226028348287
0.0030194871491252
0.0062425401600326
0.012913150079028
0.0066818093026624
0.013838076271267
0.0035845642865018
0
0.0038558851404353
0
0
0
0.0044998049490987
0
0
0
0
0
0.040521297522721
0
0
0
0
0
0
0
0
0
0
0
0
0
0
0
0
0
0.040521297522722
0
0
0
0
0
0
0.014878431273742
0
0.014878431273742
0
0
0.014878431273742
0
0
0
0
0
0
0
0
0.0099264701205998
0.0099264701206002
0
0
0.0099264701206003
0
0
0
0
0
0
0
0.0099264701206006
0
0.0099264701206005
0.0099264701206
0
0.0099264701205995
0
0
0
0
0.0078916549175888
0
0
0
0.0078916549175888
0
0
0
0
0
0
0
0
0
0
0
0
0
0
0
0
0
0
0
0
0
0
0
0
0
0
0
0
0
0
0
0.0068317952993197
0
0
0
0.012440160473581
0
0
0
0
0
0.0062200802367901
0
0
0
0
0
0
0
0.0062200802367904
0
0
0
0
0
0
0.0058548378538265
0
0.0058548378538263
0
0
0.0058548378538263
0
0
0
0
0
0.0058548378538264
0
0
0
0.0058548378538265
0
0
0
0
0
0
0.0056425524214957
0
0
0.0056425524214954
0
0
0
0
0.0056425524214957
0
0
0
0
0
0
0
0
0
0
0
0
0
0.0055342135232082
0
0
0.0055342135232082
0
0
0
0.0055342135232083
0
0
0
0
0.0055342135232084
0
0
0.0055019074963046
0
0
0
0
0
0
0
0
0
0
0
0
0
0
0
0
0
0
0.0055287998951877
0.0055287998951876
0.0055287998951875
0.0055287998951877
0.0055287998951875
0
0
0
0
0
0
0
0
0.0055287998951876
0
0
0
0
0
0
0
0
0
0
0
0
0
0
0
0
0
0
0
0
0
0
0
0
0
0.0057218364588049
0.0057218364588049
0
0
0
0
0
0
0
0
0
0
0
0
0
0
0
0
0
0
0
0
0.0058769647831154
0
0
0.0058769647831154
0
0
0
0
0.0058769647831151
0
0
0
0
0
0
0
0
0
0
0
0
0
0
0
0
0
0
0
0
0
0
0
0
0
0
0
0
0
0
0
0
0
0
0
0
0
0
0
0
0
0
0
0
0
0
0
0
0
0
0
0
0
0
0
0
0
0
0
0
0
0
0
0
0
0
0
0
0
0
0
0
0
0
0
0
0
0
0
0
0
0
0
0
0
0
0
0
0
0
0
0
0
0
0
0
0
0
0
0
0
0
0
0
0
0
0
0
0
0.0075152433345402
0
0
0
0
0
0
0
0
0
0
0
0
0
0
0
0
0
0
0
0
0.011045157333574
0
0.010670190017323
0
0.010313997932167
0
0
0.019624487908098
0
0.0094978113071173
0.018692465359586
0.045991269697349
0
0.026737944416113
0.0087748079002238
0
0.0085085501689505
0.016759886043597
0
0
0
0.0078936080575398
0.0077786400757399
0.0076661656306771
0
0
0
0
0
0
0
0
0
0
0.0065747381759443
0
0
0
0
0
0.0060749980065208
0
0
0
0
0
0
0
0
0
0
0
0
0
0
0
0
0
0
0
0
0
0
0
0
0
0
0
0
0
0.0042628404219144
0
0
0
0
0
0
0
0
0
0
0
0
0
0
0
0
0
0
0.0070102226567229
0
0.0034373211588065
0
0
0
0.0033075102468262
0
0
0
0
0
0
0
0.0030690141888293
0
0
0
0
0
0
0.0028808726315933
0
0
0.0028054986315731
0
0
0
0.0027095159329382
0
0
0
0
0
0
0
0
0
0
0
0.0024493687454146
0.0024293997596741
0
0
0
0
0
0
0
0
0
0.0022424627002879
0
0
0
0
0
0
0
0
0.0020920708222142
0
0
0
0
0
0
0
0.0019707368333498
0
0
0
0
0
0
0
0
0.0036928782471734
0
0
0
0
0
0
0
0
0
0
0.0017098598577285
0
0.0016866611327666
0
0
0
0
0
0
0
0.0015984321982611
0
0
0.0015671235019196
0
0
0
0.0015267894966907
0.0030338986088151
0.0015072039368292
0
0
0
0
0.0039857811737531
0
0.0077032164983872
0.0037870482628356
0.0074481959760626
0.0036627043517899
0
0.0035443854445124
0.0034873644582748
0.0068634169730984
0
0
0
0
0
0
0
0
0
0
0
0
0
0
0
0.0026961704383541
0.0026582811337496
0
0
0
0
0
0
0.0048281667209093
0
0
0
0
0
0
0
0.0021740569365506
0.0021465925129473
0
0
0
0.0020417793703577
0.006050326920116
0
0.0019681266291151
0
0
0
0
0
0
0
0.0035802551488305
0
0.0017494017050687
0
0.0017100499750684
0
0.0033440225050549
0
0
0
0
0.0015822874228662
0
0.0015484094167754
0.0015318769771312
0.0015156079070976
0.0029991932842073
0.0014838377637686
0.0014683259953169
0.0014530561971612
0
0
0
0
0
0.0040987416350883
0.0013525379641553
0.0026780680574291
0.0013257313260295
0.00131262587757
0
0.0012869913155323
0
0
0
0
0.001226096502535
0
0
0
0
0
0
0
0
0.001126867091584
0.0011165909637846
0
0
0
0
0.001067259491242
0.0010577861045425
0.0010484382941213
0
0.0010301106117106
0.00102112646423
0
0
0
0
0
0
0
0.00095330147371177
0.00094530120392237
0
0
0
0.00091428648867473
0.0018135426202108
0
0.0017840325740058
0
0.00087761849691588
0.00087054997139355
0.00086356650030112
0.00085666672449738
0
0.00084311295674952
0
0
0.00082337756216856
0
0
0
0
0.00079199173204473
0
0.00077993798439408
0
0
0.001524733705559
0
0
0.00074538288764958
0
0.00073437361202388
0
0
0
0
0.00070789435291166
0
0.001395404436201
0
0
0
0
0
0
0.00066371059224007
0
0
0.0012997976629992
0.00064539060870834
0.0006409291327253
0.0006365137594731
0.00063214385592845
0.00062781879989603
0
0.00061930079440048
0
0.0012219099473793
0.0006068451860407
0
0.00059874904745707
0.00059476160108129
0.001181627709663
0
0.0005830353702618
0.00057920360719423
0.00057540949441966
0.0011433050805761
0.0011358645222964
0.0011284963623848
0.00056059983230415
0.00055698675390943
0.001106816985663
0
0.00054635464605498
0
0.005411446866309
0.0053184017858572
0
0
0.0025266118944039
0.0024846132447861
0
0
0
0.0046533426082094
0
0.0022532889733021
0.0022178928948195
0
0.0042991154657248
0
0
0
0.0020220321382882
0.0019919241005432
0
0.0019336909061947
0
0
0
0
0.0017988089472579
0
0.0017487807356513
0.0017245456759517
0.0017008109305293
0.0016775628221002
0
0
0
0.0015891790714681
0
0
0
0.0015076005150341
0.0044645623324837
0
0.0043514085908855
0
0
0.0013965255565156
0
0
0.0013455358809318
0.0013291586594033
0.0013130786316127
0.0038918659500418
0
0.0012665512955384
0.0025031813307504
0.0037106806575974
0.0012224538043479
0.0012082654466832
0
0
0.0011671515252377
0.001153912347589
0
0.0033843028120473
0
0
0.0010909778912229
0.0010790100186528
0
0.0010556575848828
0.001044264637708
0
0
0.0010111708907714
0
0.00098997474632034
0.00097962573147997
0.0009694381524032
0
0.0018990680525713
0.00093981105384913
0
0
0.00091152164329245
0
0
0
0.00087574700003636
0.00086713242746658
0
0
0
0.00083391466829592
0.00082590848034527
0
0
0
0.00079500962916671
0
0
0
0
0
0
0.00074495802917759
0
0
0
0
0.00071204546069573
0
0
0
0
0
0
0
0.0013274959388712
0.00065805831167041
0
0
0
0
0
0
0
0
0
0.00060497226827027
0
0
0
0.00058552233274054
0
0
0.00057154390053497
0
0
0
0.0011073428695642
0.0005493343094082
0.0016351438401925
0.0010816231152913
0
0
0.00052839456789905
0
0
0
0.0005124929302978
0
0.00050480995456679
0
0.000994596920405
0
0
0.00048634171644232
0.001448309517792
0
0.00047574313060011
0
0.00046886872331936
0.00093097452192747
0.00046214224757688
0.00045883316118784
0.0004555594891358
0
0.00044911638276514
0.00044594596791403
0.00088561801192366
0
0.00087326714595895
0.0013007825650974
0
0.00042760985808014
0.0012739921363708
0.0012652457068244
0.0004188630134225
0
0
0
0.00081522388748948
0.00040487000922564
0.0004021556487029
0.0003994684936852
0
0.00078834871350604
0.00039156666804531
0.0007779695420405
0.00077285665333609
0
0
0
0.00037645048783429
0
0
0.00073843710637335
0.0011005625095361
0
0
0.0021510804321643
0.0021140944916546
0.0020780543237688
0
0
0.0039505907121668
0
0
0
0
0.0018202093120799
0
0
0
0
0.0016826956134169
0
0
0
0
0
0
0
0
0
0
0.0028601465177373
0.0042299292839785
0
0.0013710331264672
0
0
0.0013155751022123
0.0012978351998345
0
0
0.0024934327344039
0.0036910393980299
0.0024285937514793
0.0011985592938558
0.0011831256850948
0
0
0
0.0022485581372461
0.0033307603735419
0
0.0021659566001626
0.0021394321893964
0.001056696020166
0
0.0010313590057726
0
0.0010069224647209
0.0019900571923785
0
0.00097186446535367
0.00096058456210744
0.0018989998092979
0.00093860601278693
0.00092789853410201
0.00091737323959884
0
0
0
0
0.00086733964195209
0
0
0.0016785192056823
0
0.00082129040108553
0
0.0016077843655857
0.0007953996625936
0.00078704101056764
0
0
0
0
0.00074716031324371
0
0.00073205254251171
0
0
0
0.00070317992172503
0
0
0
0
0
0
0
0
0.00064414841330546
0
0.0012640831178292
0.0012522314588109
0
0.0012290227535191
0
0
0
0.00059224997636929
0
0
0.00057633829738866
0
0
0.0011221186911555
0
0
0
0
0.00053691153642949
0.00053226932969225
0.00052768706936064
0
0
0
0.00050993726332558
0.00050563974955066
0.00050139633387974
0.00049720611210929
0
0
0.00048494584756176
0
0
0.00094626706114086
0
0.00046549681209842
0.00092349520407819
0.00091608701124194
0
0
0
0
0
0
0
0
0
0.00042333203136568
0
0
0
0
0.00081487523852413
0
0
0
0
0
0
0
0
0
0.00037822111692233
0
0
0
0
0.00036477750185598
0
0.00035960004443368
0
0
0
0
0
0
0.00034232103353306
0.00033995462619927
0.00067522534434435
0
0
0
0
0
0
0
0
0
0
0.00031337302818262
0
0
0.00030721484751327
0
0.00030320969312656
0
0
0.00029734723654701
0.00029543082699037
0
0
0
0.0018950538401226
0.0018621875054579
0
0
0.0017685600482693
0.001738915752899
0.0017100105959247
0
0
0
0
0
0
0
0
0
0
0
0
0.0013916437051235
0
0.0013506599769559
0
0
0
0.0050957714903867
0.0025115699490294
0
0.0012206147422189
0
0
0.0023411327448831
0
0.0011388916384528
0.0011235342282593
0.0011084853672192
0
0.0010792807219753
0
0.0010512152107877
0
0.0010242303519786
0.0020222518253047
0.00099827136922635
0.0019713208159773
0
0
0.00094922880829495
0
0
0.00091478035706933
0
0
0.00176434737372
0.00087169145548015
0.0017227898982211
0
0.0016826835829278
0
0
0.00081254999274985
0
0
0.00078521123405606
0.001552808719979
0
0
0
0
0
0.00072654593611539
0
0.00071099002175159
0
0
0
0.00068134036935446
0
0.00066720626084635
0
0
0
0
0.00063373692476592
0.00062734579384362
0.00062105085782627
0
0
0
0
0
0
0
0
0
0
0
0
0
0
0
0
0
0.00052221253610454
0
0
0
0
0
0
0.00049005827571944
0
0
0.00047718043432846
0
0
0
0
0
0
0.00044903643629478
0
0
0
0
0
0
0
0
0
0.00041295780007644
0
0
0
0
0.00039652766134148
0
0
0
0
0
0
0
0.00037220822834829
0
0
0
0.00036087905541016
0
0
0
0
0
0
0
0
0
0.00033471989658824
0
0
0.00032742552426282
0
0
0
0
0
0.00031353433180438
0
0
0
0
0.00030262265501397
0
0
0
0
0
0
0.00028827834380117
0
0
0
0
0
0
0
0
0
0
0
0
0
0
0
0
0
0
0
0
0
0.0017253717979188
0.001695448296153
0
0
0
0
0
0
0
0
0
0
0.0028238916836163
0.0013897661096824
0
0.0013469462366355
0.0013262746329951
0.001306075273625
0.0012863338827216
0
0.0012481705561439
0.0012297226513981
0
0
0
0.0011598747528968
0
0
0
0
0.0010806270855708
0.0010657545257248
0
0
0.0010229336129625
0.0020184644367487
0.00099580427030609
0
0.00096974003774256
0
0
0.00093252134924142
0.00092059027395358
0
0.0017948098721659
0
0.0026252537635393
0.0017284708021787
0
0
0.00083287144457881
0.00082279544960258
0.00081290120207164
0.0016063687141215
0
0
0.0007750566966554
0
0
0
0.00073979472889233
0
0.00072305938576607
0
0
0
0
0
0
0
0
0
0
0
0
0
0
0
0
0
0
0
0
0
0
0
0
0
0
0
0
0.00053279882048587
0
0
0
0
0
0
0
0
0
0
0
0
0
0
0
0
0
0.00045019262577464
0
0
0
0
0
0
0
0
0
0
0
0
0
0
0.00039519282833995
0
0
0
0
0
0
0
0
0
0.0003639423116978
0
0
0
0
0
0
0
0
0
0
0
0
0
0
0
0
0
0
0
0
0
0
0
0
0
0
0
0
0
0
0
0
0
0
0
0
0
0
0
0
0
0
0
0
0
0
0
0
0
0
0
0
0
0
0
0
0
0
0
0
0
0
0
0
0
0
0.0015958917707858
0
0
0
0
0
0
0
0
0
0
0.0013290365473544
0
0
0
0
0.0012293826865347
0.0012108005077928
0
0.0011748781272818
0
0.0011405309820753
0.0011239194979183
0
0.0010917670432595
0
0.0010609748065781
0
0
0
0.0010031735448031
0
0.00097602834746589
0.00096286707102269
0.0009499702207199
0
0.00092494188556201
0.00091279701630924
0.0018017795730066
0
0
0
0
0.00253412827004
0.00083410535787227
0
0.0016269751991252
0.00080346421788634
0
0
0
0
0
0
0
0
0
0.00071266000791444
0
0
0
0
0
0
0
0
0
0
0
0
0
0
0
0
0
0
0
0
0
0
0
0
0
0
0
0
0
0
0
0
0
0
0
0
0
0
0
0
0
0
0
0
0
0
0
0
0
0
0
0
0
0
0
0
0
0
0
0
0
0
0
0
0
0
0
0
0
0
0
0
0
0
0
0
0
0
0
0
0
0
0
0
0
0
0
0
0
0
0
0
0
0
0
0
0
0
0
0
0
0
0
0
0
0
0
0
0
0
0
0
0
0
0
0
0
0
0
0
0
0
0
0
0
0
0
0
0
0
0
0
0
0
0
0
0
0
0
0
0
0
0
0
0.0014858138855574
0
0
0
0
0
0
0
0
0.0012808481764578
0
0
0.0012218837152933
0.003609394344004
0.001184807577603
0
0.0022987874238519
0
0.0033466326447229
0
0
0.0010675063259932
0
0
0
0
0.00099406806797644
0
0
0
0
0
0.00091552608340264
0
0
0
0
0
0
0
0
0
0.0008038622630288
0
0
0
0
0
0
0
0
0
0
0
0
0
0
0
0
0
0
0
0
0
0
0
0
0
0
0
0
0
0
0
0
0
0
0
0
0
0
0
0
0
0
0
0
0
0
0
0
0
0
0
0
0
0
0
0
0
0
0
0
0
0
0
0
0
0
0
0
0
0.00038725585361701
0
0
0
0
0
0
0
0
0
0
0
0
0
0
0
0
0
0
0
0
0
0
0
0
0
0
0
0
0
0
0
0
0
0
0
0
0
0
0
0
0
0
0
0
0
0
0
0
0
0
0
0
0
0
0
0
0
0
0
0
0
0
0
0
0
0
0.00023170086972146
0
0
0
0
0
0
0
0
0
0
0
0
0
0
0
0
0
0
0
0
0
0
0
0
0
0
0
0.0012971676375185
0
0
0
0
0.0011984231382953
0
0.0011620588748793
0
0.0011273249672964
0.002221078220253
0
0
0
0.0010470098466284
0.0010319793794204
0
0
0
0
0.00096147007801243
0
0
0
0
0
0
0
0
0
0
0
0
0
0
0
0
0
0
0
0
0
0
0
0
0
0
0
0
0
0
0
0
0
0
0
0
0
0
0
0
0
0
0
0
0
0
0
0
0
0
0
0
0
0
0
0
0
0
0
0
0
0
0
0
0
0
0
0
0
0
0
0
0
0
0
0
0
0
0
0
0
0
0
0
0
0
0
0
0
0
0
0
0
0
0
0
0
0
0
0
0
0
0
0
0
0
0
0
0
0
0
0
0
0
0
0
0
0
0
0
0
0
0
0
0
0
0
0
0
0
0
0
0
0
0
0
0
0
0
0
0
0
0
0
0
0
0
0
0
0
0
0
0
0
0
0
0
0
0
0
0
0
0
0
0
0
0
0
0
0
0
0
0
0
0
0
0
0.0013322884968349
0.0013106812464409
0
0.0012690143402816
0
0
0.0012101430261148
0
0
0
0
0
0
0
0
0
0
0
0
0
0
0
0
0
0
0
0
0
0
0
0
0
0
0
0
0
0
0
0
0
0
0
0
0
0
0
0
0
0
0
0
0
0
0
0
0
0
0
0
0
0
0
0
0
0
0
0
0
0
0
0
0
0
0
0
0
0
0
0
0
0
0
0
0
0
0
0
0
0
0
0
0
0
0
0
0
0
0
0
0
0
0
0
0
0
0
0
0
0
0
0
0
0
0
0
0
0
0
0
0
0
0
0
0
0
0
0
0
0
0
0
0
0
0
0
0
0
0
0
0
0
0
0
0
0
0
0
0
0
0
0
0
0
0
0
0
0
0
0
0
0
0
0
0
0
0
0
0
0
0
0
0
0
0
0
0
0
0
0
0
0
0
0
0
0
0
0
0
0
0
0
0
0
0
0
0
0
0
0
0.0013610547418409
0
0
0
0
0
0
0
0
0.0011788766017069
0
0
0
0
0.0010930551065799
0
0
0
0
0
0
0
0
0
0
0
0
0
0
0
0
0
0
0
0
0
0
0
0
0
0
0
0
0
0
0
0
0
0
0
0
0
0
0
0
0
0
0
0
0
0
0
0
0
0
0
0
0
0
0
0
0
0
0
0
0
0
0
0
0
0
0
0
0
0
0
0
0
0
0
0
0
0
0
0
0
0
0
0
0
0
0
0
0
0
0
0
0
0
0
0
0
0
0
0
0
0
0
0
0
0
0
0
0
0
0
0
0
0
0
0
0
0
0
0
0
0
0
0
0
0
0
0
0
0
0
0
0
0
0
0
0
0
0
0
0
0
0
0
0
0
0
0
0
0
0
0
0
0
0
0
0
0
0
0
0
0
0
0
0
0
0
0
0
0
0
0
0
0
0
0
0
0
0
0.0015276151068403
0
0.0029515095115512
0
0
0
0.0013796537397892
0.0013570953897266
0
0
0
0
0
0
0
0
0
0
0
0
0
0
0
0
0
0
0
0
0
0
0
0
0
0
0
0
0
0
0
0
0
0
0
0
0
0
0
0
0
0
0
0
0
0
0
0
0
0
0
0
0
0
0
0
0
0
0
0
0
0
0
0
0
0
0
0
0
0
0
0
0
0
0
0
0
0
0
0
0
0
0
0
0
0
0
0
0
0
0
0
0
0
0
0
0
0
0
0
0
0
0
0
0
0
0
0
0
0
0
0
0
0
0
0
0
0
0
0
0
0
0
0
0
0
0
0
0
0
0
0
0
0
0
0
0
0
0
0
0
0
0
0
0
0
0
0
0
0
0
0
0
0
0
0
0
0
0
0
0
0
0
0
0
0
0
0
0
0
0
0
0
0
0
0
0
0
0
0
0
0
0
0
0
0
0
0
0
0
0
0
0
0.0015328220843433
0
0
0
0
0
0
0
0
0
0
0
0
0
0
0
0
0
0
0
0
0
0
0
0
0
0
0
0
0
0
0
0
0
0
0
0
0
0
0
0
0
0
0
0
0
0
0
0
0
0
0
0
0
0
0
0
0
0
0
0
0
0
0
0
0
0
0
0
0
0
0
0
0
0
0
0
0
0
0
0
0
0
0
0
0
0
0
0
0
0
0
0
0
0
0
0
0
0
0
0
0
0
0
0
0
0
0
0
0
0
0
0
0
0
0
0
0
0
0
0
0
0
0
0
0
0
0
0
0
0
0
0
0
0
0
0
0
0
0
0
0
0
0
0
0
0
0
0
0
0
0
0
0
0
0
0
0
0
0
0
0
0
0
0
0
0
0
0
0
0
0
0
0
0
0
0
0
0
0
0
0
0
0
0
0
0
0
0
0
0
0
0
0
0
0
0
0
0
0
0
0
0
0
0
0
0
0
0
0
0
0
0
0
0
0
0
0
0
0
0
0
0
0
0
0
0
0
0
0
0
0
0
0
0
0
0
0
0
0
0
0
0
0
0
0
0
0
0
0
0
0
0
0
0
0
0
0
0
0
0
0
0
0
0
0
0
0
0
0
0
0
0
0
0
0
0
0
0
0
0
0
0
0
0
0
0
0
0
0
0
0
0
0
0
0
0
0
0
0
0
0
0
0
0
0
0
0
0
0
0
0
0
0
0
0
0
0
0
0
0
0
0
0
0
0
0
0
0
0
0
0
0
0
0
0
0
0
0
0
0
0
0
0
0
0
0
0
0
0
0
0
0
0
0
0
0
0
0
0
0
0
0
0
0
0
0
0
0
0
0
0
0
0
0
0
0
0
0
0
0
0
0
0
0
0
0
0
0
0
0
0
0
0
0
0
0
0
0
0
0
0
0
0
0
0
0
0
0
0
0
0
0
0
0
0
0
0
0
0
0
0
0
0
0
0
0
0
0
0
0
0
0
0
0
0
0
0
0
0
0
0
0
0
0
0
0
0
0
0
0
0
0
0
0
0
0
0
0
0
0
0
0
0
0
0
0
0
0
0
0
0
0
0
0
0
0
0
0
0
0
0
0
0
0
0
0
0
0
0
0
0
0
0
0
0
0
0
0
0
0
0
0
0
0
0
0
0
0
0
0
0
0
0
0
0
0
0
0
0
0
0
0
0
0
0
0
0
0
0
0
0
0
0
0
0
0
0
0
0
0
0
0
0
0
0
0
0
0
0
0
0
0
0
0
0
0
0
0
0
0
0
0
0
0
0
0
0
0
0
0
0
0
0
0
0
0
0
0
0
0
0
0
0
0
0
0
0
0
0
0
0
0
0
0
0
0
0
0
0
0
0
0
0
0
0
0
0
0
0
0
0
0
0
0
0
0
0
0
0
0
0
0
0
0
0
0
0
0
0
0
0
0
0
0
0
0
0
0
0
0
0
0
0
0
0
0
0
0
0
0
0
0
0
0
0
0
0
0
0
0
0
0
0
0
0
0
0
0
0
0
0
0
0
0
0
0
0
0
0
0
0
0
0
0
0
0
0
0
0
0
0
0
0
0
0
0
0
0
0
0
0
0
0
0
0
0
0
0
0
0
0
0
0
0
0
0
0
0
0
0
0
0
0
0
0
0
0
0
0
0
0
0
0
0
0
0
0
0
0
0
0
0
0
0
0
0
0
0
0
0
0
0
0
0
0
0
0
0
0
0
0
0
0
0
0
0
0
0
0
0
0
0
0
0
0
0
0
0
0
0
0
0
0
0
0
0
0
0
0
0
0
0
0
0
0
0
0
0
0
0
0
0
0
0
0
0
0
0
0
0
0
0
0
0
0
0
0
0
0
0
0
0
0
0
0
0
0
0
0
0
0
0
0
0
0
0
0
0
0
0
0
0
0
0
0
0
0
0
0
0
0
0
0
0
0
0
0
0
0
0
0
0
0
0
0
0
0
0
0
0
0
0
0
0
0
0
0
0
0
0
0
0
0
0
0
0
0
0
0
0
0
0
0
0
0
0
0
0
0
0
0
0
0
0
0
0
0
0
0
0
0
0
0
0
0
0
0
0
0
0
0
0
0
0
0
0
0
0
0
0
0
0
0
0
0
0
0
0
0
0
0
0
0
0
0
0
0
0
0
0
0
0
0
0
0
0
0
0
0
0
0
0
0
0
0
0
0
0
0
0
0
0
0
0
0
0
0
0
0
0
0
0
0
0
0
0
0
0
0
0
0
0
0
0
0
0
0
0
0
0
0
0
0
0
0
0
0
0
0
0
0
0
0
0
0
0
0
0
0
0
0
0
0
0
0
0
0
0
0
0
0
0
0
0
0
0
0
0
0
0
0
0
0
0
0
0
0
0
0
0
0
0
0
0
0
0
0
0
0
0
0
0
0
0
0
0
0
0
0
0
0
0
0
0
0
0
0
0
0
0
0
0
0
0
0
0
0
0
0
0
0
0
0
0
0
0
0
0
0
0
0
0
0
0
0
0
0
0
0
0
0
0
0
0
0
0
0
0
0
0
0
0
0
0
0
0
0
0
0
0
0
0
0
0
0
0
0
0
0
0
0
0
0
0
0
0
0
0
0
0
0
0
0
0
0
0
0
0
0
0
0
0
0
0
0
0
0
0
0
0
0
0
0
0
0
0
0
0
0
0
0
0
0
0
0
0
0
0
0
0
0
0
0
0
0
0
0
0
0
0
0
0
0
0
0
0
0
0
0
0
0
0
0
0
0
0
0
0
0
0
0
0
0
0
0
0
0
0
0
0
0
0
0
0
0
0
0
0
0
0
0
0
0
0
0
0
0
0
0
0
0
0
0
0
0
0
0
0
0
0
0
0
0
0
0
0
0
0
0
0
0
0
0
0
0
0
0
0
0
0
0
0
0
0
0
0
0
0
0
0
0
0
0
0
0
0
0
0
0
0
0
0
0
0
0
0
0
0
0
0
0
0
0
0
0
0
0
0
0
0
0
0
0
0
0
0
0
0
0
0
0
0
0
0
0
0
0
0
0
0
0
0
0
0
0
0
0
0
0
0
0
0
0
0
0
0
0
0
0
0
0
0
0
0
0
0
0
0
0
0
0
0
0
0
0
0
0
0
0
0
0
0
0
0
0
0
0
0
0
0
0
0
0
0
0
0
0
0
0
0
0
0
0
0
0
0
0
0
0
0
0
0
0
0
0
0
0
0
0
0
0
0
0
0
0
0
0
0
0
0
0
0
0
0
0
0
0
0
0
0
0
0
0
0
0
0
0
0
0
0
0
0
0
0
0
0
0
0
0
0
0
0
0
0
0
0
0
0
0
0
0
0
0
0
0
0
0
0
0
0
0
0
0
0
0
0
0
0
0
0
0
0
0
0
0
0
0
0
0
0
0
0
0
0
0
0
0
0
0
0
0
0
0
0
0
0
0
0
0
0
0
0
0
0
0
0
0
0
0
0
0
0
0
0
0
0
0
0
0
0
0
0
0
0
0
0
0
0
0
0
0
0
0
0
0
0
0
0
0
0
0
0
0
0
0
0
0
0
0
0
0
0
0
0
0
0
0
0
0
0
0
0
0
0
0
0
0
0
0
0
0
0
0
0
0
0
0
)
;

boundaryField
{
    inlet
    {
        type            fixedValue;
        value           uniform 0;
    }
    outlet
    {
        type            zeroGradient;
    }
    wall
    {
        type            zeroGradient;
    }
    wedgeBack
    {
        type            wedge;
    }
    wedgeFront
    {
        type            wedge;
    }
    defaultFaces
    {
        type            empty;
    }
}


// ************************************************************************* //
