/*--------------------------------*- C++ -*----------------------------------*\
  =========                 |
  \\      /  F ield         | OpenFOAM: The Open Source CFD Toolbox
   \\    /   O peration     | Website:  https://openfoam.org
    \\  /    A nd           | Version:  10
     \\/     M anipulation  |
\*---------------------------------------------------------------------------*/
FoamFile
{
    format      ascii;
    class       volVectorField;
    location    "4e-05";
    object      U;
}
// * * * * * * * * * * * * * * * * * * * * * * * * * * * * * * * * * * * * * //

dimensions      [0 1 -1 0 0 0 0];

internalField   nonuniform List<vector> 
100
(
(0.95012097607082 -6.3437955606555e-24 -6.3437955606555e-24)
(0.95012097607082 -2.167545642198e-22 -2.167545642198e-22)
(0.95012097607082 -9.3862454184524e-23 -9.3862454184524e-23)
(0.95012097607082 3.0706198441569e-22 3.0706198441569e-22)
(0.95012097607082 9.9790388985529e-23 9.9790388985529e-23)
(0.95012097607082 -1.3626665433866e-22 -1.3626665433866e-22)
(0.95012097607082 6.8344659912805e-23 6.8344659912805e-23)
(0.95012097607082 -6.5220500681566e-23 -6.5220500681566e-23)
(0.95012097607082 -1.6483698703086e-22 -1.6483698703086e-22)
(0.95012097607082 1.5193223070331e-22 1.5193223070331e-22)
(0.95012097607082 1.2091498741143e-22 1.2091498741143e-22)
(0.95012097607082 -1.2329776460301e-22 -1.2329776460301e-22)
(0.95012097607082 -1.212995849192e-22 -1.212995849192e-22)
(0.95012097607082 1.6018146732913e-22 1.6018146732913e-22)
(0.95012097607082 2.0928942872069e-24 2.0928942872069e-24)
(0.95012097607082 -1.5904825046874e-22 -1.5904825046874e-22)
(0.95012097607082 8.002551071867e-23 8.002551071867e-23)
(0.95012097607082 2.5174917388292e-24 2.5174917388292e-24)
(0.95012097607082 -5.7691033625892e-23 -5.7691033625892e-23)
(0.95012097607082 2.4193335687724e-22 2.4193335687724e-22)
(0.95012097607082 1.707283716804e-24 1.707283716804e-24)
(0.95012097607082 -2.1590707345734e-22 -2.1590707345734e-22)
(0.95012097607082 2.151483854756e-22 2.151483854756e-22)
(0.95012097607082 -4.2612850660765e-24 -4.2612850660765e-24)
(0.95012097607082 -2.6838246839715e-22 -2.6838246839715e-22)
(0.95012097607082 -4.826836462621e-23 -4.826836462621e-23)
(0.95012097607082 3.5189885350957e-23 3.5189885350957e-23)
(0.95012097607082 6.6156003982034e-23 6.6156003982034e-23)
(0.95012097607082 6.5183591307011e-25 6.5183591307011e-25)
(0.95012097607082 -6.4797246317933e-23 -6.4797246317933e-23)
(0.95012097607082 -3.7425000195367e-23 -3.7425000195367e-23)
(0.95012097607082 1.4988980269376e-25 1.4988980269376e-25)
(0.95012097607082 3.2976286607133e-23 3.2976286607133e-23)
(0.95012097607082 1.4847364497153e-22 1.4847364497153e-22)
(0.95012097607082 7.5246569641647e-23 7.5246569641647e-23)
(0.95012097607082 -1.3880301851242e-22 -1.3880301851242e-22)
(0.95012097607082 -2.5642271216157e-23 -2.5642271216157e-23)
(0.95012097607082 -9.8797629710317e-26 -9.8797629710317e-26)
(0.95012097607082 2.5418246138819e-23 2.5418246138819e-23)
(0.95012097607082 1.3891775177864e-22 1.3891775177864e-22)
(0.95012097607082 -7.4635892518377e-23 -7.4635892518377e-23)
(0.95012097607082 -1.4848659862817e-22 -1.4848659862817e-22)
(0.95012097607082 -3.3392299278232e-23 -3.3392299278232e-23)
(0.95012097607082 6.6675628559149e-26 6.6675628559149e-26)
(0.95012097607082 3.3987437390597e-23 3.3987437390597e-23)
(0.95012097607082 1.4611555808961e-22 1.4611555808961e-22)
(0.95012097607082 3.4838692009517e-25 3.4838692009517e-25)
(0.95012097607082 -1.4554409224735e-22 -1.4554409224735e-22)
(0.95012097607082 -3.2306177302912e-23 -3.2306177302912e-23)
(0.95012097607082 -2.9335248760437e-24 -2.9335248760437e-24)
(0.95012097607082 -1.6724191466072e-25 -1.6724191466072e-25)
(0.95012097607082 -1.578684809596e-28 -1.578684809596e-28)
(0.95012097607082 1.7415219944586e-25 1.7415219944586e-25)
(0.95012097607082 3.6014403120417e-24 3.6014403120417e-24)
(0.95012097607082 6.049736822945e-23 6.049736822945e-23)
(0.95012097607082 2.7799811896615e-22 2.7799811896615e-22)
(0.95012097607082 9.9979271942069e-23 9.9979271942069e-23)
(0.95012097607082 -3.7345309134203e-22 -3.7345309134203e-22)
(0.95012097607082 -7.1714131974783e-23 -7.1714131974783e-23)
(0.95012097607082 -4.030849311124e-24 -4.030849311124e-24)
(0.95012097607082 -1.7055673476756e-25 -1.7055673476756e-25)
(0.95012097607082 -5.9569892957683e-27 -5.9569892957683e-27)
(0.95012097607082 -3.1318717840233e-29 -3.1318717840233e-29)
(0.95012097607082 4.6785246588668e-27 4.6785246588668e-27)
(0.95012097607082 1.2437317420322e-25 1.2437317420322e-25)
(0.95012097607082 2.6387651121697e-24 2.6387651121697e-24)
(0.95012097607082 3.3943878435169e-23 3.3943878435169e-23)
(0.95012097607082 1.9491044909315e-22 1.9491044909315e-22)
(0.95012097607082 3.3862781019108e-24 3.3862781019108e-24)
(0.95012097607082 -1.8937200712606e-22 -1.8937200712606e-22)
(0.95012097607082 -1.379367757962e-22 -1.379367757962e-22)
(0.95012097607082 8.2066511125392e-23 8.2066511125392e-23)
(0.95012097607082 1.1119157704933e-22 1.1119157704933e-22)
(0.95012097607082 -8.5109552365703e-23 -8.5109552365703e-23)
(0.95012097607082 -1.0990972058313e-22 -1.0990972058313e-22)
(0.95012097607082 8.5454854396835e-23 8.5454854396835e-23)
(0.95012097607082 1.0942356354257e-22 1.0942356354257e-22)
(0.95012097607082 -8.770035653878e-23 -8.770035653878e-23)
(0.95012097607082 -1.0505201396437e-22 -1.0505201396437e-22)
(0.95012097607082 1.5204000681294e-22 1.5204000681294e-22)
(0.95012097607082 2.9289621909629e-22 2.9289621909629e-22)
(0.95012097607082 9.7337842219211e-23 9.7337842219211e-23)
(0.95012097607082 -3.7442133527143e-22 -3.7442133527143e-22)
(0.95012097607082 -7.1714108300402e-23 -7.1714108300402e-23)
(0.95012097607082 -4.0267699347878e-24 -4.0267699347878e-24)
(0.95012097607082 -1.7037360207394e-25 -1.7037360207394e-25)
(0.95012097607082 -5.9519876170668e-27 -5.9519876170668e-27)
(0.95012097607082 -3.1213341743975e-29 -3.1213341743975e-29)
(0.95012097607082 4.6785257714894e-27 4.6785257714894e-27)
(0.95012097607082 1.2437316854259e-25 1.2437316854259e-25)
(0.95012097607082 2.6387651976775e-24 2.6387651976775e-24)
(0.95012097607082 3.3943809351373e-23 3.3943809351373e-23)
(0.95012097607082 1.9491005766556e-22 1.9491005766556e-22)
(0.95012097607082 3.3896029352743e-24 3.3896029352743e-24)
(0.95012097607082 -1.893636357628e-22 -1.893636357628e-22)
(0.95012097607082 -1.3796120675332e-22 -1.3796120675332e-22)
(0.95012097607082 8.1913563331935e-23 8.1913563331935e-23)
(0.95012097607082 1.1027673485574e-22 1.1027673485574e-22)
(0.95012097607082 -8.9274449062133e-23 -8.9274449062133e-23)
(0.95012097607082 -2.0175869210585e-22 -2.0175869210585e-22)
)
;

boundaryField
{
    left
    {
        type            zeroGradient;
    }
    right
    {
        type            zeroGradient;
    }
    sides
    {
        type            empty;
    }
}


// ************************************************************************* //
