/*--------------------------------*- C++ -*----------------------------------*\
  =========                 |
  \\      /  F ield         | OpenFOAM: The Open Source CFD Toolbox
   \\    /   O peration     | Website:  https://openfoam.org
    \\  /    A nd           | Version:  10
     \\/     M anipulation  |
\*---------------------------------------------------------------------------*/
FoamFile
{
    format      ascii;
    class       volVectorField;
    location    "4e-05";
    object      Us;
}
// * * * * * * * * * * * * * * * * * * * * * * * * * * * * * * * * * * * * * //

dimensions      [0 1 -1 0 0 0 0];

internalField   nonuniform List<vector> 
100
(
(0.49924021127213 -1.4921046340519e-23 -1.4921046340519e-23)
(0.49924021127213 -4.3846690938933e-23 -4.3846690938933e-23)
(0.49924021127213 -1.5348344578663e-23 -1.5348344578663e-23)
(0.49924021127213 4.9531084459371e-23 4.9531084459371e-23)
(0.49924021127213 5.7870456089912e-23 5.7870456089912e-23)
(0.49924021127213 -6.8024013914427e-24 -6.8024013914427e-24)
(0.49924021127213 6.9804352819407e-24 6.9804352819407e-24)
(0.49924021127213 7.5527997991908e-25 7.5527997991908e-25)
(0.49924021127213 -4.4439128882436e-23 -4.4439128882436e-23)
(0.49924021127213 3.6674099539457e-23 3.6674099539457e-23)
(0.49924021127213 4.2889258862114e-23 4.2889258862114e-23)
(0.49924021127213 -4.2664594314191e-23 -4.2664594314191e-23)
(0.49924021127213 -4.2422216279603e-23 -4.2422216279603e-23)
(0.49924021127213 3.5323951378119e-23 3.5323951378119e-23)
(0.49924021127213 3.0501279284345e-25 3.0501279284345e-25)
(0.49924021127213 -3.1578653846523e-23 -3.1578653846523e-23)
(0.49924021127213 3.1238982495606e-23 3.1238982495606e-23)
(0.49924021127213 2.8553568580679e-25 2.8553568580679e-25)
(0.49924021127213 -2.5112224951391e-23 -2.5112224951391e-23)
(0.49924021127213 6.5350505587277e-23 6.5350505587277e-23)
(0.49924021127213 1.5503979520261e-25 1.5503979520261e-25)
(0.49924021127213 -6.2496395697978e-23 -6.2496395697978e-23)
(0.49924021127213 6.236922930759e-23 6.236922930759e-23)
(0.49924021127213 -6.7521743538747e-25 -6.7521743538747e-25)
(0.49924021127213 -7.2514348699169e-23 -7.2514348699169e-23)
(0.49924021127213 -9.134680235225e-24 -9.134680235225e-24)
(0.49924021127213 1.0202846553381e-23 1.0202846553381e-23)
(0.49924021127213 5.2712758839753e-23 5.2712758839753e-23)
(0.49924021127213 1.5260225120366e-25 1.5260225120366e-25)
(0.49924021127213 -5.2492153024698e-23 -5.2492153024698e-23)
(0.49924021127213 -1.0638459529343e-23 -1.0638459529343e-23)
(0.49924021127213 7.0876938246276e-26 7.0876938246276e-26)
(0.49924021127213 1.043439476035e-23 1.043439476035e-23)
(0.49924021127213 5.0125276961811e-23 5.0125276961811e-23)
(0.49924021127213 1.0447549333959e-23 1.0447549333959e-23)
(0.49924021127213 -3.7952020298284e-23 -3.7952020298284e-23)
(0.49924021127213 -1.0136126538823e-23 -1.0136126538823e-23)
(0.49924021127213 -2.195217952439e-26 -2.195217952439e-26)
(0.49924021127213 1.0045635617112e-23 1.0045635617112e-23)
(0.49924021127213 3.7977778062562e-23 3.7977778062562e-23)
(0.49924021127213 -1.0228735939465e-23 -1.0228735939465e-23)
(0.49924021127213 -5.0140687951266e-23 -5.0140687951266e-23)
(0.49924021127213 -1.0576886631118e-23 -1.0576886631118e-23)
(0.49924021127213 1.871847136652e-26 1.871847136652e-26)
(0.49924021127213 1.0780005165997e-23 1.0780005165997e-23)
(0.49924021127213 4.8816638599852e-23 4.8816638599852e-23)
(0.49924021127213 1.1394948085367e-25 1.1394948085367e-25)
(0.49924021127213 -4.8721940635376e-23 -4.8721940635376e-23)
(0.49924021127213 -1.0412250259833e-23 -1.0412250259833e-23)
(0.49924021127213 -6.5328100224728e-25 -6.5328100224728e-25)
(0.49924021127213 -2.739376603038e-26 -2.739376603038e-26)
(0.49924021127213 -2.0884921606432e-29 -2.0884921606432e-29)
(0.49924021127213 2.7415910338613e-26 2.7415910338613e-26)
(0.49924021127213 6.9843827374456e-25 6.9843827374456e-25)
(0.49924021127213 1.4648313179075e-23 1.4648313179075e-23)
(0.49924021127213 9.1576345091985e-23 9.1576345091985e-23)
(0.49924021127213 -1.2069224566643e-23 -1.2069224566643e-23)
(0.49924021127213 -1.1077415161287e-22 -1.1077415161287e-22)
(0.49924021127213 -1.6252147079131e-23 -1.6252147079131e-23)
(0.49924021127213 -7.0201006015591e-25 -7.0201006015591e-25)
(0.49924021127213 -2.4417673824318e-26 -2.4417673824318e-26)
(0.49924021127213 -7.326659788386e-28 -7.326659788386e-28)
(0.49924021127213 -2.685665133176e-30 -2.685665133176e-30)
(0.49924021127213 6.1102118715493e-28 6.1102118715493e-28)
(0.49924021127213 1.9240964821683e-26 1.9240964821683e-26)
(0.49924021127213 5.1573594222647e-25 5.1573594222647e-25)
(0.49924021127213 9.7734189134706e-24 9.7734189134706e-24)
(0.49924021127213 5.1714468263597e-23 5.1714468263597e-23)
(0.49924021127213 3.865683856806e-25 3.865683856806e-25)
(0.49924021127213 -4.7930802818569e-23 -4.7930802818569e-23)
(0.49924021127213 9.2065609762197e-25 9.2065609762197e-25)
(0.49924021127213 1.2524942847812e-23 1.2524942847812e-23)
(0.49924021127213 -1.0333482241505e-23 -1.0333482241505e-23)
(0.49924021127213 -1.3104348602622e-23 -1.3104348602622e-23)
(0.49924021127213 1.0762766580816e-23 1.0762766580816e-23)
(0.49924021127213 1.3163381258551e-23 1.3163381258551e-23)
(0.49924021127213 -1.0841793844693e-23 -1.0841793844693e-23)
(0.49924021127213 -1.37524043776e-23 -1.37524043776e-23)
(0.49924021127213 1.1722178423767e-23 1.1722178423767e-23)
(0.49924021127213 3.1342928290207e-23 3.1342928290207e-23)
(0.49924021127213 9.4072652839959e-23 9.4072652839959e-23)
(0.49924021127213 -1.3087407752508e-23 -1.3087407752508e-23)
(0.49924021127213 -1.1090648838687e-22 -1.1090648838687e-22)
(0.49924021127213 -1.6236435470231e-23 -1.6236435470231e-23)
(0.49924021127213 -7.0125521251262e-25 -7.0125521251262e-25)
(0.49924021127213 -2.439623730749e-26 -2.439623730749e-26)
(0.49924021127213 -7.3220782553316e-28 -7.3220782553316e-28)
(0.49924021127213 -2.6774800685465e-30 -2.6774800685465e-30)
(0.49924021127213 6.1102122258927e-28 6.1102122258927e-28)
(0.49924021127213 1.9240961954909e-26 1.9240961954909e-26)
(0.49924021127213 5.1573592771688e-25 5.1573592771688e-25)
(0.49924021127213 9.7734082707674e-24 9.7734082707674e-24)
(0.49924021127213 5.1714365797505e-23 5.1714365797505e-23)
(0.49924021127213 3.8709551627821e-25 3.8709551627821e-25)
(0.49924021127213 -4.7927436167553e-23 -4.7927436167553e-23)
(0.49924021127213 9.1384586701709e-25 9.1384586701709e-25)
(0.49924021127213 1.2449519171552e-23 1.2449519171552e-23)
(0.49924021127213 -1.0812935089768e-23 -1.0812935089768e-23)
(0.49924021127213 -1.3736610106183e-23 -1.3736610106183e-23)
(0.49924021127213 -6.4599902673391e-25 -6.4599902673391e-25)
)
;

boundaryField
{
    left
    {
        type            zeroGradient;
    }
    right
    {
        type            zeroGradient;
    }
    sides
    {
        type            empty;
    }
}


// ************************************************************************* //
