/*--------------------------------*- C++ -*----------------------------------*\
  =========                 |
  \\      /  F ield         | OpenFOAM: The Open Source CFD Toolbox
   \\    /   O peration     | Website:  https://openfoam.org
    \\  /    A nd           | Version:  10
     \\/     M anipulation  |
\*---------------------------------------------------------------------------*/
FoamFile
{
    format      ascii;
    class       volVectorField;
    location    "0.0002";
    object      U;
}
// * * * * * * * * * * * * * * * * * * * * * * * * * * * * * * * * * * * * * //

dimensions      [0 1 -1 0 0 0 0];

internalField   nonuniform List<vector> 
100
(
(0.91095338683422 -1.1418291681686e-22 -1.1418291681686e-22)
(0.91093485584023 2.0576283828266e-23 2.0576283828266e-23)
(0.91093163532078 2.4001436980934e-22 2.4001436980934e-22)
(0.9109179502661 3.0644733006187e-22 3.0644733006187e-22)
(0.91090081140435 3.7834219917245e-22 3.7834219917245e-22)
(0.91088728255666 4.4539962977231e-24 4.4539962977231e-24)
(0.91088049562738 -1.3293906845206e-22 -1.3293906845206e-22)
(0.910877715274 -6.6706334539253e-23 -6.6706334539253e-23)
(0.91087675774744 -1.9611966946076e-22 -1.9611966946076e-22)
(0.9108764726236 4.2694427614413e-24 4.2694427614413e-24)
(0.91087639778179 2.4951763909811e-22 2.4951763909811e-22)
(0.91087638020434 -7.8431433315212e-23 -7.8431433315212e-23)
(0.91087637646692 -2.34002074642e-22 -2.34002074642e-22)
(0.91087637574071 1.2990034643832e-22 1.2990034643832e-22)
(0.91087637561067 1.1855170423173e-22 1.1855170423173e-22)
(0.9108763755891 9.6993540598641e-23 9.6993540598641e-23)
(0.91087637558573 1.564680876255e-22 1.564680876255e-22)
(0.91087637558526 -4.1151817985347e-23 -4.1151817985347e-23)
(0.91087637558521 2.4837702746924e-23 2.4837702746924e-23)
(0.91087637558521 -8.5442972412789e-23 -8.5442972412789e-23)
(0.91087637558522 -2.0336525419762e-22 -2.0336525419762e-22)
(0.91087637558521 1.1834426514154e-22 1.1834426514154e-22)
(0.91087637558521 9.2553835579504e-23 9.2553835579504e-23)
(0.91087637558522 1.3788681342797e-23 1.3788681342797e-23)
(0.91087637558521 -2.5230540959769e-22 -2.5230540959769e-22)
(0.91087637558522 -2.9393405548085e-22 -2.9393405548085e-22)
(0.91087637558522 2.1161263663991e-22 2.1161263663991e-22)
(0.91087637558522 1.8992346516243e-22 1.8992346516243e-22)
(0.91087637558519 -1.4525101640477e-22 -1.4525101640477e-22)
(0.91087637558521 -1.6228332318864e-24 -1.6228332318864e-24)
(0.91087637558521 4.6794842603007e-23 4.6794842603007e-23)
(0.91087637558522 1.7215180067582e-23 1.7215180067582e-23)
(0.91087637558521 9.5218243630117e-23 9.5218243630117e-23)
(0.91087637558523 -1.6062035981203e-22 -1.6062035981203e-22)
(0.9108763755852 -1.7198310795389e-22 -1.7198310795389e-22)
(0.91087637558521 2.7817175488012e-24 2.7817175488012e-24)
(0.91087637558521 3.1516631862145e-22 3.1516631862145e-22)
(0.91087637558522 2.1898805068625e-22 2.1898805068625e-22)
(0.91087637558521 -1.1961435816585e-22 -1.1961435816585e-22)
(0.91087637558523 3.4767192762401e-22 3.4767192762401e-22)
(0.9108763755852 2.6079964169788e-22 2.6079964169788e-22)
(0.91087637558521 -4.8801326559812e-22 -4.8801326559812e-22)
(0.91087637558521 -2.3667210835249e-22 -2.3667210835249e-22)
(0.91087637558522 -5.777680064218e-23 -5.777680064218e-23)
(0.91087637558521 -3.8144692746611e-23 -3.8144692746611e-23)
(0.91087637558522 -2.610427803185e-23 -2.610427803185e-23)
(0.9108763755852 -1.0141462916656e-22 -1.0141462916656e-22)
(0.91087637558521 7.0503424318433e-23 7.0503424318433e-23)
(0.91087637558522 2.46553874373e-22 2.46553874373e-22)
(0.91087637558521 -4.7321969431998e-23 -4.7321969431998e-23)
(0.91087637558522 -1.9064432417728e-22 -1.9064432417728e-22)
(0.91087637558522 5.2264808812895e-23 5.2264808812895e-23)
(0.91087637558522 2.3924195148271e-22 2.3924195148271e-22)
(0.91087637558521 2.9323835706317e-22 2.9323835706317e-22)
(0.91087637558521 7.20968740678e-23 7.20968740678e-23)
(0.91087637558522 -5.6774757967258e-23 -5.6774757967258e-23)
(0.91087637558521 -3.1649573903935e-22 -3.1649573903935e-22)
(0.91087637558521 -3.2643748845353e-22 -3.2643748845353e-22)
(0.9108763755852 -2.3106962694085e-22 -2.3106962694085e-22)
(0.91087637558521 -2.8766413684364e-23 -2.8766413684364e-23)
(0.9108763755852 2.4935779960441e-22 2.4935779960441e-22)
(0.91087637558521 -1.1318609082079e-23 -1.1318609082079e-23)
(0.9108763755852 -6.1631810888327e-24 -6.1631810888327e-24)
(0.91087637558521 2.2220886497744e-22 2.2220886497744e-22)
(0.9108763755852 -6.5313299441049e-23 -6.5313299441049e-23)
(0.91087637558521 -3.5414384845118e-22 -3.5414384845118e-22)
(0.9108763755852 -2.3204628256716e-22 -2.3204628256716e-22)
(0.91087637558521 -1.6958449247063e-22 -1.6958449247063e-22)
(0.9108763755852 -8.3852140302642e-23 -8.3852140302642e-23)
(0.91087637558521 3.1888947639913e-22 3.1888947639913e-22)
(0.91087637558519 3.5554115555256e-22 3.5554115555256e-22)
(0.91087637558521 4.252271051926e-23 4.252271051926e-23)
(0.91087637558521 6.4125212310156e-23 6.4125212310156e-23)
(0.91087637558521 1.1814705241634e-22 1.1814705241634e-22)
(0.9108763755852 5.8735018182369e-23 5.8735018182369e-23)
(0.91087637558521 1.6150143812837e-22 1.6150143812837e-22)
(0.91087637558521 3.9875048028836e-23 3.9875048028836e-23)
(0.91087637558521 -9.2433319782942e-23 -9.2433319782942e-23)
(0.9108763755852 1.5390428636809e-23 1.5390428636809e-23)
(0.91087637558521 6.3339898848111e-23 6.3339898848111e-23)
(0.91087637558522 8.6923977536817e-24 8.6923977536817e-24)
(0.91087637558519 -1.6839298890631e-22 -1.6839298890631e-22)
(0.91087637558488 -2.3748416407403e-22 -2.3748416407403e-22)
(0.91087637558249 -1.8945223157067e-22 -1.8945223157067e-22)
(0.9108763755659 -2.7711151446344e-23 -2.7711151446344e-23)
(0.91087637545717 3.9583608066548e-24 3.9583608066548e-24)
(0.91087637479317 -6.0050993754117e-23 -6.0050993754117e-23)
(0.91087637103212 1.0205528621964e-22 1.0205528621964e-22)
(0.91087635140846 3.6397908227116e-23 3.6397908227116e-23)
(0.91087625779998 -4.6310201149129e-23 -4.6310201149129e-23)
(0.910875853349 3.0049572152489e-23 3.0049572152489e-23)
(0.91087428813671 8.2593816715765e-23 8.2593816715765e-23)
(0.91086893598496 -8.5400609933684e-23 -8.5400609933684e-23)
(0.9108530226749 -8.5541715863322e-23 -8.5541715863322e-23)
(0.91081272914984 1.2840213166747e-22 1.2840213166747e-22)
(0.91072657174174 1.9933147957633e-22 1.9933147957633e-22)
(0.91057753519601 -9.1679547961654e-23 -9.1679547961654e-23)
(0.91035236102921 -3.3900044157331e-22 -3.3900044157331e-22)
(0.91022865108732 -2.2113761109215e-22 -2.2113761109215e-22)
(0.90965481861137 -1.8317357912115e-22 -1.8317357912115e-22)
)
;

boundaryField
{
    left
    {
        type            zeroGradient;
    }
    right
    {
        type            zeroGradient;
    }
    sides
    {
        type            empty;
    }
}


// ************************************************************************* //
