/*--------------------------------*- C++ -*----------------------------------*\
  =========                 |
  \\      /  F ield         | OpenFOAM: The Open Source CFD Toolbox
   \\    /   O peration     | Website:  https://openfoam.org
    \\  /    A nd           | Version:  10
     \\/     M anipulation  |
\*---------------------------------------------------------------------------*/
FoamFile
{
    format      ascii;
    class       volVectorField;
    location    "0.0002";
    object      Us;
}
// * * * * * * * * * * * * * * * * * * * * * * * * * * * * * * * * * * * * * //

dimensions      [0 1 -1 0 0 0 0];

internalField   nonuniform List<vector> 
100
(
(0.89210028221174 -5.6127993325104e-23 -5.6127993325104e-23)
(0.89207742107253 2.2083914524271e-23 2.2083914524271e-23)
(0.8920716165663 1.475142432049e-22 1.475142432049e-22)
(0.89205860810324 2.2437184170276e-22 2.2437184170276e-22)
(0.89204845501855 2.0709531452521e-22 2.0709531452521e-22)
(0.89204280439797 2.0587941248456e-23 2.0587941248456e-23)
(0.89204043935654 -4.7109289149881e-23 -4.7109289149881e-23)
(0.89203960407917 -1.4007028944008e-22 -1.4007028944008e-22)
(0.89203935013821 -1.5126339658721e-22 -1.5126339658721e-22)
(0.89203928224243 1.1249717217705e-22 1.1249717217705e-22)
(0.89203926603263 1.005457891396e-22 1.005457891396e-22)
(0.89203926253489 -1.444965341351e-22 -1.444965341351e-22)
(0.89203926184602 -9.9237503443721e-23 -9.9237503443721e-23)
(0.8920392617212 1.263421329686e-22 1.263421329686e-22)
(0.89203926170024 1.2417298876383e-22 1.2417298876383e-22)
(0.89203926169697 1.6552118619983e-22 1.6552118619983e-22)
(0.89203926169649 1.0739300112398e-22 1.0739300112398e-22)
(0.89203926169643 -2.4869994300368e-23 -2.4869994300368e-23)
(0.89203926169643 -1.7001822609106e-22 -1.7001822609106e-22)
(0.89203926169643 -2.1554005481817e-22 -2.1554005481817e-22)
(0.89203926169644 5.967764672527e-23 5.967764672527e-23)
(0.89203926169643 1.5075574329036e-22 1.5075574329036e-22)
(0.89203926169643 -5.2258771603122e-23 -5.2258771603122e-23)
(0.89203926169644 -1.1647433316378e-23 -1.1647433316378e-23)
(0.89203926169643 5.8179326379937e-23 5.8179326379937e-23)
(0.89203926169643 -1.3308594801234e-22 -1.3308594801234e-22)
(0.89203926169643 -2.2812529180098e-23 -2.2812529180098e-23)
(0.89203926169644 2.7049998329431e-23 2.7049998329431e-23)
(0.89203926169642 -9.1309499208257e-23 -9.1309499208257e-23)
(0.89203926169643 7.9543025376752e-23 7.9543025376752e-23)
(0.89203926169643 1.6720171718702e-22 1.6720171718702e-22)
(0.89203926169643 -6.044535047272e-24 -6.044535047272e-24)
(0.89203926169643 -9.0392962385837e-23 -9.0392962385837e-23)
(0.89203926169644 -8.9281238285299e-23 -8.9281238285299e-23)
(0.89203926169642 -2.108824116139e-22 -2.108824116139e-22)
(0.89203926169643 -1.1129394077125e-22 -1.1129394077125e-22)
(0.89203926169643 2.3752894714027e-22 2.3752894714027e-22)
(0.89203926169644 2.0742799262153e-22 2.0742799262153e-22)
(0.89203926169643 1.116028525025e-22 1.116028525025e-22)
(0.89203926169644 2.5961898809785e-22 2.5961898809785e-22)
(0.89203926169643 1.3282599234477e-22 1.3282599234477e-22)
(0.89203926169643 -2.0361835755051e-22 -2.0361835755051e-22)
(0.89203926169643 -2.060344169548e-22 -2.060344169548e-22)
(0.89203926169643 -1.7425090226732e-22 -1.7425090226732e-22)
(0.89203926169643 -2.6223044312724e-23 -2.6223044312724e-23)
(0.89203926169644 -2.2514238025063e-23 -2.2514238025063e-23)
(0.89203926169643 -1.1798333527883e-24 -1.1798333527883e-24)
(0.89203926169643 2.0639141176497e-22 2.0639141176497e-22)
(0.89203926169643 4.3718008495193e-23 4.3718008495193e-23)
(0.89203926169643 -3.207146276491e-23 -3.207146276491e-23)
(0.89203926169643 5.2517895063024e-23 5.2517895063024e-23)
(0.89203926169643 3.5125968984449e-23 3.5125968984449e-23)
(0.89203926169643 5.1577947041548e-23 5.1577947041548e-23)
(0.89203926169643 1.5410086498562e-22 1.5410086498562e-22)
(0.89203926169643 5.7302304550597e-23 5.7302304550597e-23)
(0.89203926169643 -6.9426310783818e-23 -6.9426310783818e-23)
(0.89203926169643 -1.8031816173254e-22 -1.8031816173254e-22)
(0.89203926169643 -3.0087299956896e-22 -3.0087299956896e-22)
(0.89203926169642 -2.1109745837557e-22 -2.1109745837557e-22)
(0.89203926169643 -3.3155831696944e-24 -3.3155831696944e-24)
(0.89203926169642 8.4567265842798e-23 8.4567265842798e-23)
(0.89203926169643 -5.3255795652623e-23 -5.3255795652623e-23)
(0.89203926169642 -4.3269821796472e-23 -4.3269821796472e-23)
(0.89203926169643 1.3418561926079e-23 1.3418561926079e-23)
(0.89203926169642 -2.3872253643665e-23 -2.3872253643665e-23)
(0.89203926169643 -1.2308839568131e-22 -1.2308839568131e-22)
(0.89203926169642 -1.4429016458696e-22 -1.4429016458696e-22)
(0.89203926169643 -8.9686692783414e-23 -8.9686692783414e-23)
(0.89203926169642 -5.0218097241789e-23 -5.0218097241789e-23)
(0.89203926169643 1.9584554299148e-22 1.9584554299148e-22)
(0.89203926169642 3.0676848538729e-22 3.0676848538729e-22)
(0.89203926169643 1.1212828043602e-22 1.1212828043602e-22)
(0.89203926169643 -4.9229352598804e-23 -4.9229352598804e-23)
(0.89203926169643 2.1306750829613e-23 2.1306750829613e-23)
(0.89203926169642 2.0453207833418e-22 2.0453207833418e-22)
(0.89203926169643 8.7553823539221e-23 8.7553823539221e-23)
(0.89203926169643 -9.1403237529585e-23 -9.1403237529585e-23)
(0.89203926169643 -2.1102769342819e-23 -2.1102769342819e-23)
(0.89203926169642 1.377666450633e-22 1.377666450633e-22)
(0.89203926169643 8.9111695415425e-23 8.9111695415425e-23)
(0.89203926169643 -1.0357236461511e-22 -1.0357236461511e-22)
(0.89203926169643 -1.2951811990536e-22 -1.2951811990536e-22)
(0.89203926169639 -1.1495834767737e-22 -1.1495834767737e-22)
(0.89203926169607 -1.292268515488e-22 -1.292268515488e-22)
(0.89203926169373 -1.3358446831966e-22 -1.3358446831966e-22)
(0.89203926167744 -2.3587636188225e-23 -2.3587636188225e-23)
(0.89203926157188 8.0703822099636e-24 8.0703822099636e-24)
(0.89203926093436 3.5659272767312e-23 3.5659272767312e-23)
(0.89203925736881 6.329073904566e-23 6.329073904566e-23)
(0.89203923901258 -6.1188355662057e-23 -6.1188355662057e-23)
(0.89203915273454 -8.9709480779926e-23 -8.9709480779926e-23)
(0.89203878598046 7.5078068956516e-23 7.5078068956516e-23)
(0.89203739212813 -3.1423425423674e-23 -3.1423425423674e-23)
(0.89203272036331 -1.642386947967e-22 -1.642386947967e-22)
(0.89201915492132 1.3100807677013e-22 1.3100807677013e-22)
(0.89198539148064 3.1745329200212e-22 3.1745329200212e-22)
(0.89191651280691 4.5255301248394e-23 4.5255301248394e-23)
(0.89178967288875 -2.1159112026886e-22 -2.1159112026886e-22)
(0.89170133048043 -1.697646555761e-22 -1.697646555761e-22)
(0.87783590171683 -1.8546059490351e-22 -1.8546059490351e-22)
)
;

boundaryField
{
    left
    {
        type            zeroGradient;
    }
    right
    {
        type            zeroGradient;
    }
    sides
    {
        type            empty;
    }
}


// ************************************************************************* //
