/*--------------------------------*- C++ -*----------------------------------*\
  =========                 |
  \\      /  F ield         | OpenFOAM: The Open Source CFD Toolbox
   \\    /   O peration     | Website:  https://openfoam.org
    \\  /    A nd           | Version:  10
     \\/     M anipulation  |
\*---------------------------------------------------------------------------*/
FoamFile
{
    format      ascii;
    class       volScalarField;
    location    "0.11500006";
    object      theta;
}
// * * * * * * * * * * * * * * * * * * * * * * * * * * * * * * * * * * * * * //

dimensions      [0 2 -2 0 0 0 0];

internalField   nonuniform List<scalar> 
7600
(
8.3049343466288512e-11
6.4339376432503962e-13
0
0
0
6.4339376432503932e-13
0
0
1.9301812929751183e-12
0
6.4339376432503932e-13
0
0
1.7796593218112777e-08
0
0
1.0229960852768139e-10
0
0
1.029430022920064e-11
0
0
1.6084844108126006e-12
0
0
5.7905438789253621e-12
0
1.2867875286500805e-12
0
8.3370158452245773e-05
1.4897601979712687
0.00058232779971892433
0
2.3387363333215211e-09
0
1.275849834656557e-09
0
0
0
0
0
0
3.2169688216252011e-13
0
0
0
0
1.6084844108126006e-12
0
0
0
1.4112842220469757e-08
0
0
0
6.4339376432504023e-13
0
0
0.00017630946217658491
9.329209582713049e-12
12.748595937092645
1.0515917138043034
0.00097444891334115828
0
0
0
1.0294300229200681e-11
0
0
0
0
1.0935442115350543e-08
0
0
0
0
0
1.6567389431369723e-10
0
0
0.11936291181964538
0.00026042886035411168
0.00025087435824219833
0.11683960683310224
0.00024552568752659167
0.00024781797466323039
0.000261391018987004
0.017259080543391606
0.0002455930827729711
0.00021092810895010183
0.00021758120925798762
0.00026342060151568611
0.00022561373994884427
0.00024155769766345551
0
0.0001635787455292772
0.00031819954065577435
0.00023069054689856122
0.00023080148362875468
0.0003828381280069305
0.0002728442137060199
0.00024450481706173277
0.00023436469351376758
0.00022204818266820229
0.00030900215020407493
0.00032902489389169219
0.00012674752944224043
0.11619725979559309
0.00021335319533440623
0.31366751663964199
0.39823503953935541
0.22148513921750196
0.43360621226500862
0.014804860637646151
0.00019492441015913912
1.402720569074055e-08
1.0951738488421934e-12
4.3806953953687733e-13
0
0.00019338317944884743
0.00020772471492856864
0
0.00051231370089914344
0.00033304108213688075
0
0.0001555389117811275
0
0.00021023324523683528
0.00016512268438546442
0
0.00034101405070279423
0
0.00022974873287219029
6.7432044220911386e-08
0
0.4194114607956908
0
0.00013361048192524167
0.0057594643717483627
2.9100435291037101
5.4821699912979094
5.935611272141089
0.032358906259349181
0.040130515899009817
0
0.00014406628429733574
0.00017321552936666327
0
0.00024835927835624357
0
0.00037464657018797243
0
0.00027579255137568856
0
2.026302745847106e-05
0
0.00037312132551131313
0
0.00019233629488148822
0
13.256588340236942
13.148405527255905
13.098792975849117
13.100487015186145
13.017783427876632
13.005813460804726
12.926220322865476
13.038940400866796
13.067606688978461
12.963666539151205
13.043355327690207
12.971831190930253
13.132160003903836
12.796536095070088
12.717876196097103
13.008132833637985
12.96608077067607
12.831982296591404
12.618432180765222
12.552753923390746
12.661793140680992
12.416611855573359
12.28333520570434
12.612762806855603
12.667355712789421
12.622427954041152
12.783955068562339
12.812236960107182
12.440293592917007
12.890156298552606
13.710575999445217
12.499547147421428
8.5781772691579246
21.271305040106114
12.889991709146763
0
8.5301782328235927
0
5.9710996971665953
11.768571999100232
12.900883371459818
1.6415169385321301e-12
12.600901930158312
12.342907522815535
12.430637413369103
12.316210582307717
0
12.373699845683984
12.249757907744211
12.234787844825565
11.097625468601295
11.773564644858174
12.011800627689473
12.081494714871781
12.575997098946248
12.501357604249947
12.286459172932672
11.579125731341481
11.60877754816417
15.503438841380907
16.43556481988659
23.679915496824233
22.529210460676886
5.3700581206898628
10.156517288325917
11.353095341308318
13.10273686570881
12.861594611078447
10.450607593190483
0
9.9052608247072644
9.7936466085052167
12.328273094396707
0
12.040249547665896
7.8930150392560847
0
11.943924748205976
12.540758227156132
0
15.280061913824845
15.294190669945786
15.021433512866535
14.959827981398316
14.914764438546534
14.86904674134308
14.703558659879274
14.760881614565433
14.828081193404186
14.873956767861202
14.802183609197771
14.724968012345881
14.726283170618808
14.613546171415589
14.314886597881362
14.377485210753933
11.118834344380938
0
13.979961075331191
14.053530935757303
13.840135611216283
13.880784197804697
13.848521610997333
13.890492259763946
13.747549456578453
13.760725302114432
13.822794875581048
13.656565222470118
13.569229719866813
14.02030908106034
14.139544367164682
13.55874871359071
12.050917898845359
10.196656576013904
11.137658053456374
13.249726891298227
13.175469035786636
13.495936185280389
12.920109202582632
12.911237130073271
13.225023840367772
13.1535688583838
12.850136948161728
12.674119378318021
12.915686806062082
12.947781972760165
12.841008547199989
12.289662720625859
12.7560557959505
11.884114612149123
11.752794284648839
12.450654849514816
12.482892948936598
12.381513332378857
12.652725168362702
12.693470758542889
12.577468751877191
12.440740808186682
11.97886692968148
22.533478613110628
22.87283136666424
19.564257668006668
22.757754880791687
11.1093077200746
11.383432095942757
11.642492396687111
11.697277140457954
11.290844271383378
11.925303870246625
11.964763644458733
0
11.686135504321815
12.165826637376675
0
10.769251464998442
10.598469848704498
0
11.235640575960707
11.877264763096123
11.152245470977205
13.305995352370754
13.15454014431908
13.01024219075649
12.96621744157666
12.898069119883035
12.870456518265373
12.842424327935079
12.824324484013982
12.82340635477877
12.84062562742835
12.780821795039463
12.812043489950092
12.73970414335605
12.645903257725134
12.588288054974711
12.454478127525809
12.230780294644127
12.282239827711985
12.166022162432357
12.059070747640869
12.139556112178388
12.10393333031897
12.045814353420331
11.926444625089193
11.810152527284398
11.724452724850456
11.763760444326065
11.937688374927948
12.067597240569757
12.286894745196214
9.9528243957448286
9.9627201250777819
11.706959619602367
11.380013624159492
8.8766300258944622
11.225869949813342
11.105226936072293
11.197881299080832
11.402864506511499
11.516734218334523
11.32321182674451
11.394607306739186
11.362149289285735
11.068266991197666
11.168158992993114
11.150316613202367
10.740792244298639
10.659530291093549
10.641503350118889
10.78549880209594
10.750152374081587
10.734122094402068
11.003458774484862
10.914554088800696
10.647316651384935
10.688769755755244
10.617697772384403
10.514617501842192
10.60549769984963
22.588346538467604
20.302943641572369
18.352711715490091
10.325953804590807
10.569009205707875
10.253368393932032
9.8532576221644117
9.9047301975800117
9.7394170688898285
9.566508911166073
10.095303121042972
9.5495385580096546
10.040103602113099
10.203142481345862
10.143006584161327
10.133725470476264
10.093777656141871
10.180521818026994
10.475066045021389
10.431707674571696
9.9776804637850329
12.61134337958271
12.448420739754598
12.385268023529809
12.294055999699433
12.231014704041774
12.182541425572138
12.174250204077021
9.9194315858505195
12.153488411261534
12.165086227708219
12.164237327094607
9.8975357404216258
11.93832337623266
11.936882893346397
9.6888525982834839
11.834974695148029
11.770880306438352
11.719258287944353
11.592802848384585
11.545158148205365
11.513383802733186
11.465694208476849
11.383625106101338
11.429334099252806
11.470590599176067
11.446721725030521
11.445224594136249
11.45725670683877
7.1933506270321139
11.29973645679666
12.077658618780783
8.6165335653254473
10.979923846717432
10.901315777926447
8.9435925602761586
10.828496001540296
10.86232253144
10.903878106605415
10.904259638771318
10.86321776481253
10.66114325696862
10.954524411529841
10.817745478963589
6.1816557471290423
10.735713059961563
6.14189186170222
10.588618102169082
10.668631953205184
10.4500958724821
10.514750218896845
10.519692225087269
10.432623875693173
10.246866966224376
10.282071900005548
10.414243078980641
10.388784618071725
10.344389354983102
11.099478872212162
5.0503032021535779
19.750085140912486
19.042670825675771
21.042655768871345
29.068829645971142
5.9979584414050651
4.7408148373104106
1.0478622926066563e-12
9.5122406989366759
9.775318573545233
9.8150775667837777
9.7597764736937656
9.7937585687619215
10.011870163511961
9.9095255601830345
9.6669148076827405
9.3307532683238819
5.2172056348372635
9.2263765119162198
9.7608111347874669
9.5153241034593314
9.5832089940814527
16.633819635748971
16.439666873909413
16.317043754478469
16.231058221196431
16.116017969312995
16.067544350440883
16.028317499185832
16.037451119033364
16.030856981877868
16.014314052571304
15.996549913466209
15.94175972413367
15.88442206065729
15.888652230226548
15.796727722384071
15.757467188119463
15.542795042360122
15.490920353112921
15.482377724514626
15.402294420785372
15.288170249590328
15.230460222887119
15.242748754859489
15.114464527657422
15.101141550860635
15.114591144575456
15.077840921011257
15.173537957071231
12.408281470247539
15.29185510756505
14.773647981575385
15.212253133525348
14.666114138836853
14.380536185847738
14.426353936869004
14.434320876525005
14.320857274126956
12.312987971193566
14.511661116342376
14.377265147425261
14.178199815625492
14.277713100998787
14.318278566122059
14.331756772420299
6.7266579310082477
14.160095728451916
14.205589893002564
7.3658487712096035
13.966494384822786
13.884222571047355
13.636721834422969
12.860339192579133
13.01468848315166
8.9724545875667125
13.831941639951573
13.866214831272035
13.87246626797144
13.680703171614953
9.234892350399992
29.300615620273998
22.235835348924958
18.815310768329539
13.039201043186001
12.865868304877404
12.713627913127878
12.711831595446778
12.952103309153143
13.020131619701703
13.026498712352712
12.814269778951489
12.739832526156226
12.859784410559605
13.027887435108486
12.868833613543771
12.884602662918526
0
12.673230282210762
1.1132310919350596e-12
12.699139947039628
12.490523293687039
21.766961174469714
21.592867628447209
21.505935425410634
21.32019822965022
21.269479710122361
21.207674150962998
21.121554182975022
21.12269651558011
21.160095649179805
21.125850626745262
21.05535352075221
21.048483646746568
20.998948845158704
20.86086760426231
20.71655223509028
20.648443691143797
20.361747622931833
20.215596586136488
19.866988204508932
19.831813526091231
19.742663864775043
19.870093846136751
19.791354756693277
19.630450985907146
19.259849732436102
19.390556788981513
19.581174002813594
15.555704577354838
19.81168841470727
18.311825281444367
19.929354131245614
19.727927893173085
19.082082081900086
17.338024700579048
18.195652464587678
13.067880319777768
18.755064643775693
18.486233124737169
18.821179657662444
19.120365411209693
19.185989011764399
18.92926717981274
18.719476156074673
18.503884430272208
18.114262610801386
18.000108117687756
17.453771442867247
18.588865537671619
18.403087700481048
11.452560224568312
17.827972571069989
17.955769293152784
18.082939776838632
17.930375915213617
17.219925036935102
12.449928233084668
17.645377662209501
17.936143952281054
17.737180905476272
25.636013031873986
21.70228657042782
23.789878671463697
16.407036301460408
17.048179142569708
27.957894260463323
12.054200280220126
17.139678918985446
17.186395631278334
17.016461501841274
9.204606916140543
17.11779465532361
17.026450917384985
17.022266733929193
9.7317275129245182
16.424122234818373
12.257618902341312
14.50880577281888
0
15.884294971904755
15.382448238915249
16.786093876505394
16.687501599319749
16.481321037661566
16.367984610921543
16.28551574532931
16.224924104494971
16.249463529218936
16.180933851745372
16.166177827451829
16.132639052441249
16.047800227459021
16.002985816486365
15.948247424403307
15.920211898487967
12.172501564397379
15.298151903566321
15.298444429506818
9.7825957322754178
14.957562759382922
14.957398928353586
14.933391944863409
14.945306371499038
14.787758138040813
14.704974624056769
14.702074840654394
11.556609583740862
14.412496749168158
14.459219508531808
14.744050049431019
14.861025517184583
14.512517911638994
14.889649706662555
14.148157449641234
13.548963130093622
13.638627428454482
14.029041716514486
14.054386641298699
14.260751124337235
14.071533292527636
13.437258314461289
13.335067071440973
12.89403588768111
12.017588494288569
12.422898364716398
12.954474716375588
13.360144238416707
13.202262587954786
13.218056154111393
12.957921150511329
12.160598599321695
11.941188569159118
11.991873584696528
11.097685261017546
10.986179766453548
11.77927362576666
7.7399872308865287
11.877796814312422
6.8292337800331611
17.661384389131651
23.27384911764997
19.779703468598093
19.757217199620996
21.71286893038349
11.48917655603146
6.1210434648234342
11.779875828539195
9.7192147983427365e-05
12.127814372429933
12.156852786904164
11.009727075855624
10.828546089591862
10.874289751657702
10.69685414223329
11.640399703812026
11.386254699806452
10.434064177266494
11.372256022224368
11.28770764321904
10.988464663234909
10.714690437672392
17.889395875845125
17.724680043377841
17.627696562107065
17.447499652909382
17.358179841833024
17.303106697437041
17.284035400352398
17.25574196665541
17.226672540869014
17.13682560068634
17.231155190245641
17.098141232055944
17.021058633093329
16.829387214575494
16.757999865010568
11.96046612862809
16.344981288356166
16.180036291023665
16.119121968403167
15.613856926590918
15.216350276516666
15.360248131648127
18.917125691842056
15.467331160019826
15.58984525502324
15.366922803276903
15.47904313101335
12.086144587868818
15.524044199660977
15.662113793360231
13.674915621181976
17.688589142213353
17.32328804697676
11.710144645232321
14.867895503443641
13.725308852237761
14.404356334089018
17.456769721995098
8.8597398532550251
14.004501159492403
13.95444819087863
14.411193167023997
14.277175300598167
13.847163325380148
13.503326725525863
9.4979879273794534
7.3711208256062619
14.274724807146749
14.043014240020767
13.051434855383931
13.35790645662988
13.395743571374778
14.209409210745571
13.788724849900284
13.302972363902276
14.061390498532631
13.997632459309443
12.643767982266679
13.405268296690075
17.68580267731927
19.653557766375847
20.766596697786131
27.165492742528343
12.868872847582718
6.1891147979913459
12.329946336161989
12.130430009834962
13.100231462973587
13.464616200351855
0
13.219096588002849
12.715106845418401
10.117420545109683
13.398711541957415
12.042338382394387
11.278377285406105
10.796008570817202
10.543425188363459
11.216960726046437
10.77790823821546
19.197953482485321
19.019570308371264
18.917740700409947
18.714217833347305
18.612091028346786
18.472050598664197
18.594702746438063
18.609160378988992
18.692703646607484
18.634311447454248
18.473383522432417
18.415444363573627
18.3750188061194
17.98312130669073
17.932305189613466
17.92096543311126
17.646708067675199
17.680774900444561
17.539876251906172
17.306153629379796
16.838784685614318
16.894860430809167
16.95865352902938
16.963766676100668
16.993655287795306
16.846866618605915
16.826676504957597
16.939154495917546
13.814877889859275
19.075730764261738
17.267872642636778
17.088723704500303
16.822428598729076
16.286483919232627
16.419443915734053
16.586165282542233
16.528927327412887
16.895800515667947
16.795018698519264
8.8550840902744437
16.065864599926446
16.244120074461144
15.62406888433889
15.295643234707997
15.551145644057078
15.637225717161105
15.349174148623524
15.553520297648934
15.642181494001333
14.615367441917876
5.8943963072279954e-13
7.4713599285126913
7.3217516913159244
15.31720352569126
7.7286066094407948
14.19335641753187
14.299761510893875
12.720383092965626
23.775928200803975
12.889830679200104
21.689558899682989
21.83987422239932
18.533885343984984
11.17492576990124
28.815427501047679
14.87837367121972
14.56847782703276
14.018003225770594
14.398097129819055
14.886329266940088
11.280626354911414
13.849960813765096
13.633873724484092
13.073445589056982
14.005029344075099
14.771469945281559
14.332338715556622
13.840789222739112
12.630447811381035
13.010103849623812
21.379516329673869
21.195510776241534
21.123011387631983
20.928331221015299
20.862351529461108
20.816296668353367
16.213067391479026
20.764189802019263
20.74659827448966
20.637613728275319
20.651221314990551
20.664923716206197
20.545981644135939
20.457868865874456
20.3524852483975
20.19239176400794
20.028462065949928
19.899179985450665
19.844391678283682
19.785160272938157
19.51966267024882
19.357013846990927
18.874949907121749
18.897953293881493
18.839857452197144
19.361078641719327
19.336115041570213
17.613538282799336
19.312484944481582
19.516696433116159
19.773157003341851
19.414701893677748
15.388350138938719
18.45436989925275
18.457399808955746
18.004696361237674
18.200911380397372
17.964920546126056
18.254500918027006
18.385551021148828
17.714306357324723
17.899027136500891
18.181055506410928
18.173949230676236
18.017920918968727
17.886512557712749
1.1629868876321071e-12
15.37974062507071
18.320747607087146
18.170184162399696
17.937943648810386
17.533932288956546
17.618102817570108
14.617100188366653
17.079169241346872
16.41705584037182
17.14096946493601
17.365475153516787
17.405601562601916
21.26086966514702
25.319917315526698
24.688292095733953
26.669703736824321
16.290346845000119
40.869698349484892
15.423245261301783
16.773191217712601
16.731166576068325
16.422519584662481
15.87928925847614
16.0002725602391
16.795178449313251
16.550513345499972
16.431884094276949
16.610684919152678
15.580812432752735
15.706376231363546
16.162607895311009
16.593204037965315
16.114609951111994
21.139228001500605
20.914729497415134
20.788277447056391
20.684779794848779
20.579977625571637
20.521737054230719
20.491006875623988
20.459330817660678
20.473032110832701
20.500202019341916
20.443004420571988
20.137657024197711
20.214627761388758
20.201435644823238
20.024495894911677
19.726003794809248
19.173084044282799
19.345699577787084
19.476589917662814
19.336233182527806
19.116621175738118
19.034587346938231
18.826094735475579
19.066463112692826
18.991805859373041
18.767110462918474
18.910956122171598
18.982968701731739
18.973246148426096
19.190532376865775
16.620097574527215
18.533336908336558
20.691102831797881
18.209736079256196
17.927622433886448
17.526788092180446
14.20237679167511
17.360580266415745
17.588932588290461
17.691254620987319
18.072427229709092
18.254549350010358
10.474722455709236
16.251159776700597
17.274330826642071
9.3088015840423264
17.795347065357724
0
17.47713307195615
17.202735813124377
16.965116744667675
17.412416927144704
17.273611223937959
17.009763760118119
17.101613813691127
16.901428151468075
16.452454551935912
16.401870177895482
37.794899545388397
17.067473209810888
28.986758725120914
17.504942845460405
19.101529046409265
26.577368280125622
33.62089767256829
20.95553317539483
15.701780705877919
16.334140508602676
15.90137536779557
15.809487321650527
16.061712454598123
16.161749485635355
16.175446216410876
16.044350760545345
15.916002692522714
15.75151795493681
16.089183869041154
15.945283989998938
8.1000066603112959
15.767464461595639
16.393734636442442
16.250484367219201
16.147216583732355
15.964635760052159
15.910694315822537
15.836254610912828
15.784923497538903
15.833897505409434
15.84203535987371
15.841382865547182
15.849395921854578
14.907093234250329
15.734971245923553
15.682986129875278
15.507789103177364
15.500575632713703
15.522898316994057
15.345912810293298
12.108027833154992
15.071111680676919
14.876203786129977
15.017182118678754
14.988406190552704
14.945013755875207
13.522261488460057
15.074798301073942
14.975328731677749
15.149356360542082
16.40274823598584
15.174757185180621
15.246019461117474
15.814226849836823
14.533984894039872
14.283088849711577
15.398547884008815
13.93508855109757
14.04383161575473
14.240119138672128
14.280065419704602
14.234088055334229
14.331483726532248
14.349274099478466
14.230432812806983
7.8701497576786963
14.08441285294931
6.2932458804244567
14.058200012559718
14.069431930735654
13.866244547900216
0
13.481926428636788
13.541257017767219
13.533586521660979
13.602882132390031
13.470863881912825
13.140456400022826
12.804201712565495
8.5646096047043656
40.851269806321334
13.783388320132431
26.242329057287609
20.981096122951747
23.313838701693378
32.826366217785463
8.9173124513128919
12.697103107908568
12.797171659105407
12.748293495761104
12.849211133428151
12.974613144036164
12.966276902292778
9.836805338933539
12.752310723204284
12.535265794420054
0
12.175613077530278
1.1090397471554587e-12
12.594266551965619
12.538155990506493
9.7993947205940835
13.568174307707826
14.687388736845193
10.727111465532662
10.641118864835269
10.599172791420665
10.569604734757172
10.530572044401339
10.508446797456077
10.440066026753129
10.447145755504087
10.471280498025413
10.533655935978262
10.328208750513797
9.866539832457649
10.075565037106882
10.269903021166222
10.123440614931706
10.075607274456145
9.917014607063324
9.7068054014312075
9.5843278544681212
9.5327739686379953
9.6119871753848223
3.4112422022301048
9.7868605127119501
9.7924619519206448
9.5596281993470402
9.3553671675354853
9.6723967635462831
8.9520622598000585
9.9458563765824657
10.553479602972168
9.5467870836949231
7.3361757841007007
8.7419696974713101
9.3579818700336261
7.2331762814217813
8.9827372726726455
6.5602420791291243
9.1406939890090477
9.3426882500009238
9.1629617414245281
9.0867864509275513
8.6748896359130665
8.5038333928425587
8.5034849029281858
8.9459242628907685
8.4854077971471931
8.948763344545112
8.8256055041522643
0
8.1026001250223842
8.4276237568957022
4.9076640464209689
8.6504479711837376
8.6039200667459443
8.5045304935575992
4.8489149047078524
8.7500613231403026
5.914197181187907
19.247235973961335
14.199944604721276
17.064092942955128
8.4659613614152285
8.2590112588614542
7.3088196347446566
7.5231398472902828
4.3017523015190067
8.2150670254256699
4.6713243031249867
0
7.4421003192297954
4.6343289836976949
8.2693526569380449
6.0345698833258208
6.102966777925813
7.7659870398579898
8.0916061661585577
8.1261121914280654
0
11.513611818884556
11.438450004482398
11.336859343369991
11.269299488848516
11.178122588596638
11.140203071756051
11.119097989098016
11.09461805023286
11.120871712868327
11.118407024643151
11.109432083848221
11.096797125630795
11.056672106739477
10.943485277026504
10.850624682344449
10.830339528452051
10.74890539824303
10.626086282639163
10.656123477018891
10.615815267731294
10.363489899373532
10.305288569397153
10.139306898291833
9.8891506105327771
9.9114298487964163
10.165644659008313
9.1670664454541875
7.8815210200021761
10.287186606286973
10.442840197459006
9.5387083925112819
10.366828089167559
10.105084806078482
9.8797397116293446
9.7314477566333846
9.9665142810520706
9.8012064955186577
6.5946617191607553
9.739681059109369
9.9181583307071737
10.017045567276586
10.006401573251619
9.6801881197817963
9.3937820416875564
9.676619518993272
9.4845179320231576
9.5555900576266346
9.4414792752181658
9.3836539201720122
9.6450247734439358
4.9866369111082856
9.4282723416082206
9.3447479876145358
8.9778904002998079
8.7280012807320411
8.0169261457968872
8.3396525772626742
8.7325740741461289
8.8059066650629099
9.2205238491976953
21.528526548386388
14.92129017164801
16.571171700616762
4.6534452446021604
8.0317426188940448
8.8168220425732713
6.8205756775889386
9.0024342345594235
8.5842989790171611
0.0013147334908387527
8.8854572258747826
0.0023183162595670232
8.4158280471200584
8.7165124113888623
7.8454732738626198
8.7030660345874615
9.0105377498271579
9.0874679289094367
8.455852599099412
8.9554908353991483
12.402445569720875
12.287797577001674
12.141354137348104
12.130379062257386
12.060088603523008
11.995953696042459
11.98557288427585
11.905731175802426
5.0402596197061369
12.016498843309925
11.990160217751217
11.099998711412347
11.899926028893494
11.793874018026045
11.782070941285777
11.673170269247779
11.6025082386031
11.526644359797324
11.388926830112613
11.364049822225939
11.282717336401648
11.191211065556942
11.210923010192843
11.145162331336099
10.953758617912605
10.992383840517748
11.117161686087673
11.186058582740943
11.108482225086863
11.145237074194162
10.639656298027534
10.741924158259284
10.396993345353318
8.6246931638461515
10.851844591058223
11.818909360195297
13.080892361033094
10.456760318389785
10.193749227156838
10.034688078107234
10.692155070618808
10.796172073945595
10.452606253444774
10.486767886514647
10.562102715522149
10.484558663215306
10.446676147911873
10.50139209887487
10.299642894497198
10.395609487725665
10.453274040628285
10.447328291789121
10.371825079736167
9.9777846219979587
9.6873319274435783
9.8340422905025076
9.8835250029480761
7.7767514947289351
8.1598088941980791
32.136198966299126
25.956547223106298
15.179133475733142
15.382750910599519
26.664315561969804
7.1898377826575972
9.6495970788994878
9.7027555448907634
9.8831665615033106
9.1840314947952919
9.6464259932718921
9.7018730751183746
9.7849340303482748
9.2922798377169098
9.2607919716136635
9.5654444007503727
10.371141759198451
9.2732221418625915
9.1393869257072993
9.1441586327301341
9.1497192882720828
5.267916681266902
5.2300236075861504
5.1195796657781383
5.0374541772848254
4.9508197023547638
4.9550848537289873
4.9316347084196579
4.9232705884231756
4.9243090131630964
4.86826553306254
4.8413712457911489
4.8737556263162194
4.836317528076604
4.7765645640066072
4.7112760620345613
4.5783833218701169
4.4616625702307422
4.508969367757266
4.3698015229484657
4.3897093846913222
4.3006824825795187
4.2390725362147981
4.2712511341422106
4.297365176592038
4.2224147230297904
4.2421231018209413
4.1870230989275399
4.1747213811875357
4.1903818568386901
4.2130261342520194
4.4358143373188623
4.8684736200681362
8.5599111302442754
4.2767641144971851
4.6018004547611575
4.5794698599462436
4.4253539561992739
5.6777239058247311
5.5834921954931147
5.5793314640611147
5.4222817988689185
0.00027332617339742175
5.5425959448719624
5.2712961474641675
5.1895198178132702
5.3403662144645772
5.1939618689651859
4.9014707407757756
5.9762263813576979
4.9811277961622009
4.680678481912051
4.6639910560841447
5.120883015084666
3.8215176062974687
4.9734874541853671
4.8766449109899277
4.8556565341413087
4.8203058253935822
4.7631487851290704
4.7689072979968428
17.247534792029743
15.185070854657322
14.571695931747268
18.599292503864294
6.6018620065136639
5.0967070647348995
6.7477041663192168
6.5562784111319381
6.8349669944993261
6.8073538176822499
6.6812172905671678
6.7254429519462633
6.1797700661519173
6.9772801697262201
6.7268541739910859
6.2958035778897905
6.2321534380611237
3.6541260747216562
0
6.6239476907909403
13.553859171007025
13.340665272563145
13.320864626305079
13.156278640304119
13.139557382626366
13.105866710345751
13.038229413965365
13.064419645117072
13.104644337908756
13.071552227642794
13.089038074267469
13.081213061574578
13.00233878002839
12.888299493771335
12.785496871585453
6.5462534856073953
12.491752434237439
12.330298616947806
12.53742549628236
12.365549659783666
12.240571000268321
12.169079799904022
12.128034117420597
12.148205674418634
12.23313036665874
12.186664400983288
12.190616975873404
12.113309721335
12.103051545068995
12.242524802360077
13.766185517458929
12.657728705601157
12.0299756636113
9.5601396175779687
11.674398052173244
11.543729427373719
11.578905382323297
11.551412248260498
11.546215545315599
11.806187141120809
11.777821748222216
11.648674120974482
11.641293908712766
13.24758484028168
11.571210872282363
11.269451961825098
10.926618878546089
10.949180214798888
11.164383171608007
11.246953227018796
11.398256672289902
11.334449349012974
10.956695322769191
10.638800681351389
10.818980150644109
11.180303677120069
10.92118812970663
9.6404337528815169
36.592738159846384
10.339866879722232
32.934843135630565
21.299842634053462
18.643290224687039
22.836981422471013
10.679692525141071
0
10.181943547793843
0
10.467144707867371
10.740228410981173
10.473243751597115
10.227405237414002
10.654609905648323
10.538018130054089
10.647770049961926
10.513548998223357
9.3936947473918977
9.4796882060062408
10.315334253547702
10.021620032483783
35.478959802091339
35.40649171724052
35.205698162065687
35.39988254642526
33.18245633161829
35.119898832117556
25.858767607425158
25.773157929323872
25.843516748058185
17.899166653956513
25.759746996216776
25.70513912067716
25.712653881509407
1.3009134728526579e-12
25.573156425980827
25.395872106262594
25.332385852272463
25.117655511068541
24.931052711247354
24.759723514183754
24.850636121110696
24.815790546094473
24.812835935442781
24.651481639502816
24.510826160821107
23.762581300260571
23.841792512852873
24.425227819205521
24.09002793972407
24.23088469275153
24.163609628547679
25.0562332237851
21.801369545935497
23.865474694618996
18.002927761924109
17.741938125153634
17.79841242262582
17.715133749227405
17.826899547375163
17.878141393497454
0
17.869029166420439
17.923122868323091
17.008742097776118
16.969667234381681
17.424620170393524
17.711418252746455
16.781726172403026
16.559124413929837
16.531518759490169
16.767244078155063
16.322341336660134
16.243117326549264
16.115452554710028
15.939285208133448
16.285953992618946
16.550217481929586
16.457070720062873
16.589438520228093
46.554505000685815
36.006365933648546
34.137679575404817
22.989358045325996
16.97829871717602
11.503419121082317
11.40475846102713
9.384993126534388
0
12.184750513897493
12.345599780698434
0
11.526522352201603
0
11.665794235727938
0
0
11.184594055774431
11.670248899020944
11.179313601695073
11.787437036650809
1.3443429129976792e-12
0
0
0
1.4102942701695347e-09
0
0
0
0
0
0
13.444252096057527
0
2.6448432203584606
0
0.032715981682983515
3.7349359547463559
0
11.959967191423193
0
0
0
0
0
0
0
0
2.1082587033791547e-08
0
0
0
0
0
0
0
0
0
0
0
0
0
0
0
0
0
0
0
0
0
1.2946921631880224
8.959354998002754e-10
0.077104661262561047
0
0.22725949108695817
0.39484309954879815
0.0018177870229043056
0
8.4675700239345975e-12
2.6917225858410899e-05
2.4923668590367273e-12
0
0
1.900003385336325
2.6384083592424946e-12
5.9490263164591664
0.00085925895145108524
1.5525763448508247e-10
8.9689526309203309
0
1.6139844121731537
6.6494066974295789
0
0
0
7.4897053926123123
0
0
44.176802838002494
0
0
0
0.00093485698605849741
0
5.534561660110644e-09
0
0
0.00019235277398935106
0
0.0014899245420752973
0
0
10.936031007224123
7.7100165574919686
5.7678543513802767
2.0802076669914524
7.491787784130671
8.8922123675824043
0.22835498979655505
0.029126869535878622
0
11.803390213061904
1.5687713102893526
0
0
0
0
0.00011281986049435964
0
0
0
0
0
0
0
0
0
0
0
0
2.0069297555182558e-08
0
0
0
0
0
0
0
0
0
0
248.21471724007606
0.056949078686383214
173.25717293799462
4.6558893027252379
242.08877713313879
6.1023053054161549
14.670128854759284
161.56897840924935
3.2720997900872737
182.01385555048034
12.816826380911301
183.78624033261448
200.74137411508553
5.3116207565262101
181.35338292541542
4.7232809433353377e-09
150.14035146044387
12.220603352348379
11.755461229173109
7.8116068694925825e-12
0
8.0609146645083101
0
0
0
0
2.1691844893092123
0
8.4660993044945947
0
12.789422626628225
0
0
0
0
0
11.830960040432508
10.660268471331539
4.0057766600611192e-13
11.71554626565613
19.657504074947443
13.043633614998617
20.05696347868421
12.277446602218397
16.796046009975303
17.162377668020802
9.7835020313834562
17.247015259295484
0
0.0091924764763051496
0
0
0
0
0
0.0035611448994399436
0
0
0.00040919929297267266
0
0
0
0.00022282644926334964
5.9821049368060149e-09
0
1.4209073198217269e-12
0.00021063404253643479
0
0
0
0
0.00022442891260067381
6.6744066042987061e-08
0
0
0.065026472459576448
0
11.131307527077142
223.63348271785802
5.8624473842744193e-10
188.03039566244209
119.60807500556407
2.4403285214354402
234.5311762170771
221.75399476371106
75.05691516407235
136.35214772093789
250.61596765395609
5.744405078727854
10.943526517399972
191.83520896832869
236.55186895051003
167.47197579401734
1.2116663316761907e-10
205.73681311692042
224.99568980498807
2.8959310046576379
0.16389071116770315
2.4730340959292754
3.3139002103246442
8.6839122046301878
1.7761985493891268
0
1.1453061398993531
0.2043713133249612
0
8.9564591314116364e-12
0
0
0
10.053703214673561
0
9.8727850145692138
4.1093712452907443e-12
13.293957419335911
10.282303730892254
0
11.143167674864241
10.944818889816569
10.8855910149605
11.07744980953486
20.050778186769129
17.964121132920813
6.5835120766248414
0.17413441261210855
0.29842787646539376
3.0605427540290475e-12
3.0045552262124072e-12
0
0.00038327798558490499
0
0
7.6817446620860199
0
8.7842184175700915
0
9.5915394600299742
11.260301889118626
0
13.034762068009933
0.00052862398834093111
0
0
0
0
0
0
0
10.534547837858861
0
5.312829278903484e-13
4.2323601714590092e-08
0
0
0.10728113481998292
4.8852707431958082
108.60505796201014
7.6080947198427067
2.250365686322696
9.4839830722291847
5.090065137875599
11.174035782435086
21.522611069633236
1.3005313924081481
14.336181769791059
0.16165522527851856
8.3165845099443558
139.21285498589228
10.116793675609191
140.86023434101452
4.9807731044046797
7.3546943024400964
15.155161596851086
2.7448776141892122
12.041809348149853
3.5065936340087323
208.54967574211074
0
256.38645431631454
0
0
170.1721202472261
195.78402887748689
0.13581577060441102
0
0
116.70619962217539
7.2291984175596733
0
0
9.5160539619486215
0
9.3854837472967816
0
9.4885581672632835
9.4314443082316668
7.4332307774733417
9.9114834653378434
6.4738021746699062
9.820926129929374
1.9679604678575881e-12
8.2878548067670241e-13
11.506551350145806
10.079864620849287
20.618080938434986
20.479563622627399
27.077536153846651
17.389407388645374
13.795652254741507
0.084142981835249611
0
8.7759048194328919
9.3431671927127802
0
0
9.5033998016352932
0
10.184068924930841
0
0
0
0
3.9311571270465921
0
0
0
0
0
0
0
0
0
0
3.2721929554722024e-10
183.0783011812907
7.9274555457564677
0.92933840996821782
6.8853651014377961
13.413040902054846
150.40707446078505
7.3677904223618738
10.554137285518156
216.50766761637459
239.53916255004438
14.161472227592595
180.00244751970229
141.16200746800899
11.530955126947806
96.057201469613688
4.9120350018955774
124.62343238699795
2.6723449641731243
18.519478058519216
39.761607855824785
0.03350186687823329
197.45765444343206
0
147.91247770165685
159.1813891349835
2.5943736243783647e-10
11.700466935934013
0
0
0.79988291218464147
0
0
0
0
0
0
9.5002148677270206
9.6857466237760619
0
9.5881292077634068
9.5201985475298052
9.5299982072534259
9.6239463371802323
9.539700577868814
15.507876822419476
0
22.979275828092657
18.391000538874664
12.328622453616315
26.729940596601715
17.273664446128002
18.844925907560931
8.8598707026815848
16.592548193886984
15.421032993438164
0
8.8150980564770141
8.8254163808196182
9.0133127716121422
0
8.1594414752016284
8.6060414329530115
0
0
0
0
0
0
0
0
9.8636604997819681
0
8.1002548270793309
0
0.0019889169965844446
1.7251131123828852e-12
0.016799648725560331
9.1400122133431232
7.4354792507042449
284.68779922088783
7.3446585960107473
124.05167142002848
67.944323918259869
97.470057042931487
105.90519589430592
12.679167441286811
5.6542735103247876
3.2728864863390497
1.324181151455843
15.862141479330598
140.78155949981755
11.074831072876796
160.62232836732056
161.66100641457044
185.87274706348552
0.16645243574153928
14.420760820553484
134.68679892684665
0
132.54906417203733
184.67875849304346
154.54344130400438
194.01941514219516
0
7.3841710785956396
0
0
0.033133776281911047
0
0.05124833608291629
0
0
0
0
0
0
12.199322705296126
12.509908151193505
12.421459987648372
12.485822926476557
1.0896812462405055e-12
12.677797295138914
12.552018767876666
0.0022044518393978907
0
9.1947143279568753
7.9221920439520055
12.792363947784596
14.161247719120858
24.489782483387337
15.597615852059612
24.144364822091646
16.845851766264804
13.883865863385212
16.182449137145699
20.439397584166187
8.5274570215145928
8.4002842852299633
0
0
0
0
0
7.615676704856571
0
8.6822494272690154
0.011986286147983964
0.000580518253519653
0
7.9979389528280889
0
7.7589623351992918
0
7.7263194769612014
7.6472218454561247
7.9440577805304127
0
8.4912477576659722
0
9.0257067753936795
6.1527825781181376
24.099322517460173
9.1217484938541684
4.2088929867475589
6.0677174081280425
100.43164335940939
121.19743230112651
143.72432877408824
159.41118168986267
196.79245493956461
200.04247337692675
186.11025491304341
19.006211868876324
166.6683031197586
160.87325752450113
151.20631860443038
155.04814974586225
164.77759987254314
120.85591479631547
115.48941237262592
0
21.888274288314975
349.85547792842522
0
156.15186363397783
0.34490897716752733
0.043244292613734837
0
0
0
0.21754261764357941
0
0.47229398348864854
0
0
0
16.715121559399105
16.208920560016821
15.666724416746881
0
16.04457128941171
16.002390854934951
0
35.613108893666514
0
31.797045579295443
12.294517312124716
19.161034124613145
19.460840667810032
20.544084662953601
18.849248084101962
14.867991667028976
9.3523813690418987
13.268756179992629
7.4109641405352287
2.0218989260911391
0
0.00015781861402210768
0
8.3073975541403868
7.879123711348055
8.2103970036169507
0
7.5874387505702048
8.3951005821756919
0
231.99380205990957
0
0
0
8.6565363967500275
0
7.8995061806994418
0
5.6757817878182504
6.590479769939523
0
220.39357812764248
7.0378295689028976
144.45387065685242
10.883879711758009
7.6414168782193768
175.8083919937682
8.2556726301539758
142.78813409433766
119.1148909734796
1.1901988177120519
8.6056816510685916
122.86621087174944
7.1389155854414597
1.8954802254580483
0.75979287502944337
113.8677490026043
111.20942642637416
8.3076827139701059
107.10414249414815
209.993182168001
138.82258825904492
177.74896954422758
23.329349742885615
14.101085129189459
179.05472696632307
169.60243010285839
185.14751507634639
50.163619890592003
9.8509843343874834
294.15429528246216
0.032941977813758898
0
0.7600643975920045
0.44588865260967708
0
0
0
0
0
10.523428586365126
11.105126018103265
11.350795487654098
10.332188958557504
9.5901089473603864
0
16.103713414574763
9.013089019983763
16.007742663678822
36.290999417606137
0.8005763777204874
31.424421443271278
21.97235972946142
15.517315980464168
23.479454785311304
21.861433655085563
21.250252494305283
5.4594548221905752
20.679110926889745
12.807155613033483
36.837772027790002
0
10.332954045160983
10.962781740162256
10.41261086800213
0
10.593814627822026
11.508161881180868
0
0
0
0
8.4197677043766088
7.6272247127962096
222.07395717931593
8.1653793503392667
7.8155457928895311
8.737207719371332
6.2195824739047891
234.7194893092169
0.19501309297572927
7.3643998995226179
6.6832223372153932
9.1258090921946167
0
19.837875831801469
0
0.045718318505870936
0.032092237114386239
9.9596154952721818
8.2540566207535466
156.83917827120874
131.52542887324429
151.90175894922584
173.04085985048431
187.14282489985419
12.076894313844104
154.66512619715391
16.038278291560388
25.469296978218789
0.036376463248013087
27.49814065218898
4.2076457662502218
226.51989647849925
184.08764244809433
204.22818677540698
200.14323908304067
0.87182543757486508
48.370875408809241
260.54863566837679
251.42000816612389
4.8506611810503992
6.6638353048136043
0.0020224808760247459
1.7974469656305383e-06
8.3647756918046707e-12
0
0
0
0.18449706455310028
10.356168674594649
0
10.595771674647807
0
11.090139484097588
10.176043829668762
0
10.225781203891289
8.9776538983656895
8.8314885161233168
6.8236804963027202
5.4886106365441782e-12
17.110423230942889
17.370758459765767
3.7765995173313338
9.5805708968597925e-13
14.729874436936667
20.259306300275224
11.624194755623806
19.748051323351817
1.4546826769507727e-12
14.469413801457728
14.643001956315455
14.495042696031632
0
0.022575803171444028
0
9.5515602957004688
11.507805976962171
8.766321181288351
0
181.42255028190004
8.8835781875315956
0.15537810023112672
7.3194801462499877
0.65311840660069065
7.1406272841001197
0
7.9809700772565995
0
0
8.4820129656230403
0
0
193.38045353680613
11.418555833334235
9.5207449736936187
1.8111674917219076
17.936864258679947
4.6900640254740456
8.2916725805374281
8.6583432363893189e-13
105.63335110109136
0.093255068582074732
0.065603148457484342
132.33726858612073
194.81305325727891
151.27375840600115
0.026394022676266109
22.463279471376708
117.05099082830468
13.172032450807432
9.9545805647570411
5.9079115941829219
0
204.98817531590717
3.21363352515572
23.078666296259463
0
0
21.804350157762528
68.080478328373729
0
0
0
0
0
6.4679196971272743
0
0
12.773268568954107
0
13.522410348942094
13.581257505388388
0
0
5.7756602987067742
11.652314381690964
20.043102375339451
11.900456311060701
22.760097399102527
21.014637219817352
0.22352002945387447
3.2947892206117902e-12
19.47466692756802
11.922194596128
19.515481355784658
9.4916961420814676
14.06497463441983
16.255246325519426
0.023459573764473874
9.2895953620972467
0.013984054017288087
0.16103026020939265
10.194956909729305
13.638328203559311
216.091214793185
14.032811606748545
8.7389965883076748
216.04085566326273
13.265772524922481
0
0
208.95623592026956
0
2.9210245439142004e-10
0
0
4.5877668272684682
0
0.29981720045431681
18.841804275370588
0
0
0
0
8.1023202335971938
0
188.03041975435892
15.12086987132421
161.60894685543579
5.951588016952214
183.7256885737267
3.8523909691869647
131.40817623223421
8.3389369852517863
3.3948654371152453e-11
3.6717756245199533
18.101616942468549
4.2001174750313686
258.15451227454815
6.2535038999133725
0
215.46923217575426
0
2.097328662296175e-10
37.627951719687374
3.8227485857081493
189.1920369293841
3.9415580058805716e-12
7.4143909323511368
0
3.1546567561912142
0
0.60903012419613112
0
0
0
8.7782095770013466
0
15.567461609242541
15.543597067123422
16.404225738537669
0
13.190131912851331
13.040716026985489
13.090727154628025
0
12.869282651270924
22.933389050524195
20.0565105163891
3.1014743281617116
11.730764529435435
19.030297444956204
20.120101531547771
16.357636487964999
11.517926500478096
10.43297213790585
12.03448120594334
13.49061447015573
0.30976402397089692
9.2205311228050988
8.9888562764007993
177.1323971660639
0
198.76077304372041
7.6935197699897593
0
0
208.13652331147216
7.7296219353590683
0
225.26385135379752
0
11.462883724448904
206.65398894998322
0
4.6640907268964753
0
0
0
11.127146796572916
10.077842677903675
215.68202339174857
0.0044510930234601433
188.30934215266737
11.304470288187879
27.553922433281667
5.7070243553473405
7.568144073321541
2.3600956376852564
7.3498805028321446
12.907178528926771
23.481162040581324
10.187726580406565
121.26751841750391
96.85727764528707
148.32599438153275
171.65405453013256
8.3165199801561732e-10
132.97499439541468
0.00039654797511446435
23.324132631006325
0
0.057841929008078656
215.99695295382091
224.73370344466818
245.31727743896059
180.16483947885447
194.91961240552945
0.23902262239895719
0
0
45.316149778425654
0.030440173349104212
0
0
0
0
0
0
15.717931403830386
0
16.404164676302738
15.827120535193037
15.324599171600415
14.875780526654593
15.170956594351635
15.24550830105535
0
0.027029560089775369
20.095770869168074
20.370085022329821
162.62346468587123
214.86797309195242
13.453245661468074
0.47731085685810021
316.25152365036399
299.16932824636939
23.605056770838523
185.57504949506105
216.73058994799121
232.33534896555221
0
146.82948728099342
0
4.0577217614119778
186.7426643809923
0.085241382733762749
211.88277322021349
0
210.43687721420659
6.2767311758785143
0
2.2682126966284864e-11
0
220.03911984999172
5.7500176715000766
7.1197792342456179
0
219.88196794536347
0
0.35434430277869483
0
0.28673808000978523
8.6542363066255934
0
238.45034743825425
1.3045140871890279
0.21077985067025462
15.974905038585383
177.78248905279796
0.010078245790172823
5.0317935600031376
174.90570144296746
141.46593894232575
99.278452633840814
177.18249329900826
13.756805525778391
152.56990484369612
1.5374177544979191
7.3934092353691403
172.23316088660169
2.8751433061349854
0
8.0661036403238882
0
84.656861341102768
151.02135902582549
13.634420292391475
200.68702776708332
25.104050610124244
38.213014407409545
9.8470525963688882
0
5.4688104615300359
0
0
0
0
0
12.412715943032369
0
15.589120063034017
14.638144116624574
0
27.589207791951221
0
31.186328703427058
15.436668313728159
20.815555378667664
42.425322394096007
20.723896688373017
176.22280642281416
154.27822942624925
233.91767829934059
214.90416934306188
75.973686037390237
180.40499777993082
19.50273187244651
155.85553955868431
177.68401927040333
0
6.7139254534287476
6.5671292258873413
8.9171229037377007
176.05544658232921
0
9.4054707651270988
196.50902642352378
0
0
0
200.50818238685883
210.18556236981004
0
0
10.65200360936228
4.6101998218043434
0
0.13547617057101211
13.870156236798936
0
215.32745679792424
0
8.150086456805279e-11
180.64942269418671
0
247.17304297497017
0
0.10138970640757942
106.31966617433365
226.70538200829338
0
8.9345437351160193
7.4196098902535175
1.8794375350958381
6.7232082825453971e-10
150.18090831069767
0.00076917619906171188
193.64953123034954
153.61273288335551
209.78365606858011
28.559168065933598
0
174.58863145733838
9.4842329488150359
1.5664155577115748
56.414288344383529
219.69949433932962
245.54784923860794
0
0
0
0
0
235.54357002084134
0
0
0
8.23219725092593
7.9858544381893264
7.4416321421673697
11.426071126153309
10.160274170349096
9.7639948545665547
10.717126752187463
0
0
14.925627736237796
14.269569763618838
14.442567012112416
273.01268792104185
224.17713950449598
260.87757155327949
259.14904990578816
253.9523035389393
251.00002036402003
251.27276930502882
243.45329976583182
0.017873688545642787
209.78358182440664
10.285973364710888
210.41892292117089
173.41416502015497
8.374937034453108
0
5.9066914237289225
6.5454310777773834
0
0
192.00171780303205
5.8452972650492123
7.783594448750069
10.93315571875269
0
10.158841619776652
0
0
7.4281904340345413e-12
0
201.14001649745128
0
12.794962023937012
13.352120612891426
12.5013172061145
11.726841813307029
0.41655682551797757
0
0
0.085150383533725144
6.3733120901659515
139.85906462125769
99.399128322087449
163.00072187143942
189.388955768345
3.9177927453562247
3.8297235769927118
66.969499522092804
0.081567051366010085
0.49831895071986848
0.4191540737477199
229.98256691396881
254.86974698986947
233.24969649389678
207.98758787225239
50.445778042560939
143.03182689167167
14.529128230185872
4.4544561971761079
254.2121496077603
2.1415164402557232
0
0
0
0
0
0
0
0
8.3256168319121091
8.3741657227152722
6.2742541558457052
0
0
0
5.6476725457591996
0
11.576356741549439
11.673187777714666
28.13782750566012
283.69024552502515
79.184376298945381
231.79402541579893
207.07821881810852
247.08250620008499
208.69549758766533
202.57817819468701
210.14009968254663
236.65039061702805
33.586442422229496
13.688944333488053
7.8736869957769242
0.0029839318586815551
159.84003985859351
7.8232865526638804
164.05602877335102
0
0
9.8983488045584114
3.5199092092201565
0
0
0
9.3326141890699024
10.20257015585266
0
0
11.796143464310248
0
0
0
206.43860510403812
0
5.412910345974856
0
0.084498972719483603
0
190.6476396710637
19.040052383076183
0.96432402131529726
0.067083607467296261
0
0
1.7585874059615223
4.3344234535647121
214.61725256904248
168.48242425894651
115.88519263451023
1.5572906825380873e-10
212.35895239089083
24.567652164622054
0.11791504677647506
131.95571438050328
0
260.29230834627413
263.50874714206583
147.34209123598399
6.2830135238576688
14.395877532286816
109.84172517848178
0.44564546336218142
19.42767280109743
0
0
0
217.6805577482499
0
0
0
8.5768868355283363
0
8.0889739003741195
0
8.0175327177609539
8.3103486389648538
0
7.8472023460523266
6.7840226460103343
0
193.33683482069748
0.45533024963633967
204.52387455013613
210.23798075690615
187.27341517942452
225.49231762042604
191.8242709089416
172.81053728427463
169.13594894372443
178.55166854405053
251.97296200461599
7.1948650192161052
8.7575198042132154
0
194.27638659416581
13.36724437248988
225.57455901307912
4.4100872612130377
0
0
211.26340724103221
9.6634827903061229
0.0017863463245409244
2.5440078240719312e-10
0
0
0
10.22653379122168
0.86420579100306794
0
13.231410487081623
0
0
0
0
7.4852001405908348
0
224.8580300395063
0
2.5585649792027112e-13
0
11.870425887246727
3.5362318199133753
150.50186557034169
1.7315659246398658
203.50978511585802
6.6837784166977494
15.814994663597307
17.498716081809807
228.83109639338946
216.21558628028035
6.4992319654902193
152.88511268838261
0
167.48822393394002
10.424794520151293
0.28184875096384382
227.36000257196341
9.8944216872354822
207.98149627513556
0
202.3165098378617
0.26126861614248664
0
1.1036034747242157e-11
0
0
0
0
0
6.5129950099861569
0
7.5512397094990966
0
0
9.0881542750443405
0
273.98348351129107
277.20150208379164
298.50436455275906
237.93374092491729
272.1166633193593
142.23402124095429
219.27018233587276
207.3279759463052
213.10040406085557
256.63263353069493
207.08584508838851
242.64417355577214
215.9908471785964
0.015063975565906993
235.6501269873273
173.10929695805677
13.653726024225746
3.8807873176419303
0.001886080813050093
13.580674267149133
15.116866791512074
11.555292393373744
11.298383760842748
0
0
0
193.86617910410547
173.41992929802518
0.022809177597274626
0
0
185.42256091455477
0
209.50048324856027
0
0
0
0
0
0
0
0
1.8170983894318551
0.66003537279266145
0
160.04720139318138
16.107601800401071
194.07935336190059
107.42455625962945
0.44798804900845696
149.57816838776165
1.9591139902571455
164.21291973494971
3.2646006114996513e-09
0.32777096829267899
159.16706217436996
15.214696744935178
7.5990159720689912
191.95793090330466
1.0239533683679019
0
216.20059795244947
3.2185382303744077e-09
153.87100188870104
0.33559630801131496
0
0
2.6423020383193678e-12
0
0
0
0
5.9351645912696922
0
10.036807726360937
0
6.4835512517375617
212.76082622610349
10.233865085877147
9.2720349758365632
278.58973094691191
10.13601229710688
0
218.23380778243302
14.497246335057245
8.594731706617706
217.44750865911928
224.09138808345057
215.15619265703745
185.73913368362773
211.22011777326395
257.12896582643339
256.04589447860343
241.32785121582174
0.01812507411487679
239.14648684163001
5.006858653984998
13.667162401333499
13.300167939561311
11.500021373833972
11.260267840350135
0
0
0
7.6782272809211998
0
0
0.69141153895491747
13.2409197068773
0.027147334147658794
0
6.1515831270472074e-10
0
0
0
10.024396504219153
203.25811547237788
0
0
0.21612809762384544
9.8366712177265629
9.1061360650364076
9.975548189751434
0
9.6228479912770268
38.887653243244905
0.73617213889568989
0
21.027516456537406
2.3520233696254748e-11
0.43501240829420168
168.01062944247633
144.1916654239833
2.5936040593037317
1.4342492568441387
0
271.40535008036028
17.698969815578447
6.4093284337628481e-12
0
1.2387191811648475
5.782666515576414e-12
0
238.28477149782404
0
23.200342692641925
0
0
0
0
0
0
0
0
241.99254887210685
260.37952023348333
10.208052348212773
9.8715617886819
9.7378265982280077
269.24183377321202
0
268.902494559383
271.77812959800116
225.15148975615051
270.09921722104281
183.61048817738953
241.22886168754329
147.36161014510344
192.17400984384483
10.510166927632481
199.98387528719391
183.16824000834069
240.90611369377783
5.0129670992502913
13.481784438827713
196.36948629181512
197.15697926253404
21.137581011979854
11.198409508850313
0
4.9783451581943208
13.733552022967137
14.034646701741902
12.914926321836202
6.1430005455458912e-12
0
13.261316833751771
0
0
3.0587397363757874e-12
10.957845969808568
0
10.687670079117966
12.484999689678189
0
0.071594229672545501
0
0
8.7030653222586682
0
0
0
0
211.68926659465427
0
0
7.3908838834157633
0.034807011242951574
0
7.0290616681121572
159.8381407902466
0
0
16.465994984427301
5.6549844719561735
0
1.9323628027705664e-10
2.8514389204399159e-10
8.9776138761614153
243.08479196606083
0.013636898963849715
229.52658268455303
0.013335437077866833
0
0.28128350131946278
0
0
0
1.1549639685161311e-11
0
0
0
0
0
2.9576886446544717
0
0
0
0
0
0
0
0
0
0
0
0
0
0
0
0
0
1.913950415537506
0
0
0
0
0
0
7.4825720421227366
0
5.0613679942165346
0
0
0.13902030538012555
0
0
0
0
0
0
0
0
0.28760908357896059
7.7859525952477666
0
0
3.3507903734031268e-11
0
0
0
0
0
0
0
0.18610141782523806
0
2.7923253111692302e-12
0.0014592158909576124
0
4.842035986496124
0
0
0
0
0.011534573739063709
0
0
0
3.5123094024981465e-12
0
0
0
0
0
0
0
0
0
0
0
0
0
0
0
0
0
0
0
0
0
0
0
0
0
0
0
0
0
0
0
7.4883794391292762
0
0
0
201.70271739559524
0
0
0
0
0
4.663872532848595
0
0
0
0
0
0
0
0.28269901023340538
0
0
0
0
0
0
4.7931246547713009
0
4.4489366321706552
0
0
0.0019114724961398584
0
0
0
0
0
0.24606763188002717
0
0
0
7.101289854731599e-12
0
0
0
0
0
0
3.9524701914706095
0
0
0.37560560632916423
0
0
0
0
5.763141355801138
0
0
0
0
0
0
0
0
0
0
0
0
0
0.42392815331171901
0
0
0.092233451418671925
0
0
0
5.2006816945392682
0
0
0
0
0.014247636705965605
0
0
3.8856608167916482
0
0
0
0
0
0
0
0
0
0
0
0
0
0
0
0
0
0
0.44238280711160322
0.0039163165411833338
7.0247166776843448
2.9502344860131657
0.63189313867884922
0
0
0
0
0
0
0
0
3.1440604117647992
0
0
0
0
0
0
0
0
0
0
0
0
0
0
0
0
0
0
0
0
0
0
0
0
0
0.14303839898602777
6.4458527558021661
0
0
0
0
0
0
0
0
0
0
0
0
0
0
0
0
0
0
0
0
5.7402687762577971
0
0
5.3893191867623456
0
0
0
0
0.075951061514814247
0
0
0
0
0
0
0
0
0
0
0
0
0
0
0
0
0
0
0
0
0
0
0
0
0
0
0
0
0
0
0
0
0
0
0
0
0
0
0
0
0
0
0
0
0
0
0
0
0
0
0
0
0
0
0
0
0
0
0
0
0
0
0
0
0
0
0
0
0
0
0
0
0
0
0
0
0
0
0
0
0
0
0
0
0
0
0
0
0
0
0
0
0
0
0
0
0
0
0
0
0
0
0
0
0
0
0
0
0
4.9320519434602597
0
0
0
0
0
0
0
0
0
0
0
0
0
0
0
0
0
0
0
0
0.00097963415863722343
0
4.4071273700161759
0
6.3680370889413718
0
0
6.3235315011743216
0
0
34.723611696747042
609.36287086099276
0
2005.930405609347
3.1398551944373689e-09
0
5.0167910108796532e-10
310.65234253152596
0
0
0
3.1115971943305061
0.62703882342972117
4.9246031793250313e-05
0
0
0
0
0
0
0
0
0
0
3.4325306199941283
0
0
0
0
0
6.2342789885746086
0
0
0
0
0
0
0
0
0
0
0
0
0
0
0
0
0
0
0
0
0
0
0
0
0
0
0
0
0
2.600888705645729e-11
0
0
0
0
0
0
0
0
0
0
0
0
0
0
0
0
0
0
27.424152480033996
0
0.14361093764274005
0
0
0
0.00015538373283877424
0
0
0
0
0
0
0
0
0
0
0
0
0
0
0.0070993929220021339
0
0
0.041612559760940429
0
0
0
0
0
0
0
0
0
0
0
0
0
0
0
13.013109617922334
0.0066922448782444615
0
0
0
0
0
0
0
0
0
0.00027066329615938053
0
0
0
0
0
0
0
0
5.2996167192814349e-11
0
0
0
0
0
0
0
2.8129513082883853e-11
0
0
0
0
0
0
0
0
11439.771721723033
0
0
0
0
0
0
0
0
0
0
1.6469844615897224
0
3.6951512057241773
0
0
0
0
0
0
0
11.484636771656353
0
0
7.0748562533496778e-11
0
0
0
2.2475704481622056
175.64731056319036
0.11979572414281363
0
0
0
0
0.25962392447583088
0
1374.4785734733309
0.69810365286541909
473.73543428732376
4.9770465119992364
0
0.00040247381658447618
1.192215529805718e-11
4.8462042525395349e-11
0
0
0
0
0
0
0
0
0
0
0
0
0
0
0
1.6480549423170671e-05
7.8650964249033559e-08
0
0
0
0
0
0
81.679260809760436
0
0
0
0
0
0
0
0.037375753876745389
0.00033805876304348942
0
0
0
0.035067504430333137
48.040096067963134
0
4.2250229266162764e-11
0
0
0
0
0
0
0
0.29007605902135614
0
0.00010332154743654816
0
0
0
0.86096046080141619
0
0
0
0
1.4987453544330069
0
1.7900907517109699e-11
0.0031882286737638546
3.6576655002278565e-11
1196.3310662627759
0
0.19753720607994119
0.55309272063384307
0
0
0
0
0
1470.1555619971439
2.7271173950229617
10065.623123735717
6.6068191184867913e-09
11.215070909962826
0
0.0022992521062218437
0
0
0
0
5.2673493111393226e-09
0
0
0
0
0
0
0
0
0.0013211121490551622
2.2637683658057521
0
0
0
0
1.2985564427288673e-11
40.767356123354638
2.1751713162122246
0
0
5.2713958034689952e-05
0
0
0
0
0
0
0
0.015291417634375373
4.589253645710718
0
0
0
0
4931.4854727996671
0
0.41297582985651216
0
33.121091562621594
17.717044702314571
6.4194092194759285e-11
0.16975789063050761
0
0.00042828425027527595
0
0
0.089435017522740634
0
0
0
0
0.0042520696418267478
0
0.90565862734602331
0
0
1814.5656103022473
0
0
1.3162790202507102
0
0.13586650380844098
0
0
0
0
0.95076655693487977
0
391.27580684945156
0
0
0
0
0
0
1.8548152115470198
0
0
497.72894743175675
0.37522241548540769
0.045075815826758958
0.055769843501431611
0.49960828126490164
0.1233204117878294
0
2.2378409666945663e-11
0
103.26373300320782
1.206460659179077
0
0.72497654709577963
1.8524028000376145
94.938380966560473
0
5.4667660259972468
1.5695808314269495
4.8170796688493039e-10
407.20891455750007
624.80192321976824
39.785864411302548
1.7930652883799063
0.0045662797623650447
86.601994402380058
0
5.4222777245327833
0
293.87928237998386
141.84915700352926
0
0
4.7242682865459686
0.012927332795494944
0
0
0
2197.6962382966649
0
3.8483230743885795
0.0009694327964932598
0
5.3713102152201175
0
0
0
0.36078129350274812
2.3743541292287685e-05
0
5.7336844641552804e-11
0
0
0
0
0.21712198419547904
0
0
1071.7072553653736
0.90090089486675706
0.00060134590291875223
0
0
0
8.7208340035308915e-12
0
0
0
0.15989879220444456
399.75059048503533
0
39.354740785899445
0
0
1.1372212559612782
0
0
0.0055941107975407646
0.83968466568895961
5.2772798789427012e-11
44.420452132566218
0
0.051477781061102477
1.398880660719775
100.70590231642517
0.098848839941934566
0.0023651351445554449
0
0
0.013482326440517074
13.174806114710947
0
39.768492826163566
0
0
0.018749684610137277
0.001661711845831594
0
0.0082664055081932523
0.73236313349683857
0
0
1.1935772813610193
0
8.8152557503683432e-06
0.065466446744778806
5.1153500800402101e-07
0
16.477965633373824
0.010113166948407675
0
0
0.081632143219831393
0
0
0
0.00015279519416127915
2.2818777821302167
0
0
0
2.1812476203092506
0.0042818911411791121
0
0
0
2.0876491682389227
0
0
0
0
0
0
0.00017707838740654147
0
0
0
0
1.5431194908618686
0
0
0
0
0
0
0
0.97388600533029368
0.48284795368604094
0
0
0
0
0
0
0
0
0
1.49280220518623
0
0
0
0.024848071811400054
0
0
0.17306394101415998
0
0
0
1335.2770200128466
0.90093081303157097
1247.5287044426429
484.70165917770527
0
0
0.2089041233545238
0
0
0
0.01700077673165382
0
2.9230642318780301e-06
0
65.150574355786219
0
0
0.12969220265635165
1644.8654043150118
0
0.11265180756614948
0
0.79171308704918575
1029.2085488146627
1.5518300943039083
0
3.0421859745363755e-11
0
6.1164809125112951
0.39036088880513503
569.21342811663362
0
14.578438278742304
3076.9973175140385
0
5.1532388529926691e-09
2086.9653842216094
1500.5548182002663
3.3087110678305814e-11
0
0
0
48.903734958189119
3.4230658157826319e-11
0.037070475545709497
1.8379794901141895
0
1718.5333337835405
1.7696816423806344e-10
484.61308256566645
4224.6730116535118
0
0
0
1.7757130805558152
0
0
764.63077726693905
683.74824843873364
0
0
4.163109775302817
2.8113905013517013
0.093257882759505029
0
0
107.59759070877217
0
0
0
0
1.1420911973296084e-11
0
0
0
0
2.8826594487912117e-11
0
0
0
0
0
0
0
0
0
0
771.28264018785319
758.86893649918409
0
0.009634603298798573
0
0
0.31770568851837711
0.66372788767376456
0
0
69.827342651446443
110.20015035690732
97.032885378152258
0.069746146547057158
0.52693577663612334
0
0
0
27.46693833009245
804.28507359110949
0
53.572079614443602
935.53162694412606
7.8692263165610641e-11
0
1.343757780422678e-11
0
0.29136856100269376
786.43811339457932
0
0.15146381858020569
0.14449582189417146
51.925598304294574
5.9061913924921721e-11
0
206.04189998530606
0
0
0
0
2.0055488436177575
0
0
822.38063456608324
0
0.00088819572707871748
0
4.1795555305153931
3.7424243135639506
1.2134451198702561
0
0
0
0
2.4194680131551616
0
0.16027695770452874
0
0
0
0.00095233890773784578
0
0
0
0
0
0
0
0
0.0069001671603384288
0
124.57387026915696
16.666230851840709
0
291.76156810142874
0
0
0
0.02494394098763441
0
0
0.60498796757266682
0
0
784.63292710623011
0
0
0
0
0
674.92190819338441
3.2624875298965574
0
0
0
1.5825900150599221
2.7683042420466763e-05
0.79349885743394633
2.7873685674066316e-11
0
0
1.5787557662480458
0
0
826.58571124702553
0
8.3619266985610192
233.87731771901039
2084.519022964224
0
0
0
0
0
0
0
0
0
0.31754329317223529
0
0
0
0
52.074967565312193
0
0
0
0
0
0
0
0
0
1.8321249480902185e-11
0
0
0
0
0.42606980474740647
0
1.1409598500522677
0
0
0
0
0
0
0.14259921120494942
0
78.026587023923227
0
0
0
0
0
0
0
0
0
0
0.86105229340069334
0
0
3.0487434167905736
0
9.1415064876399694e-11
0
0
1.0266359153095606
0.99190304524576389
0
0
0
2.7304295862659833
0.42399445429133997
0
0
0.26350817082385403
0.040744765367733693
1.2156913165205825e-11
0
0
0
0
0
0
0
0
0
0
0
0
0.00032652024050330213
0
0.023744787827555118
0
0
0
27.885230178499899
199.16490227442048
0
0.88406778127722174
0
0
926.00384005124238
0
4.2098932657121901
4.1485587401299694e-07
0.3389666023570797
0
0.31163424266917178
0
2.8665493685708623
0
3.7339951143858365
171.77975501156641
2.759262738379856
189.30709764875911
0
0
0.20421259993638421
0
0
0.0039252356863524497
0
0
510.90707944203365
1.5898936254371084e-11
213.04627493141945
0
52.244122382358157
0
0
0.15789939318340251
0
0
0.39495024520602906
1147.5237550429281
0
0
0
0
0
0.00067607323743589952
0
0.92971943514290023
0
0
0
2.4804553315469193
0
2.0771637943832932e-11
0
0
0
0
1.0934321752892886e-11
1.1045715951363722e-11
1.8499876723338586
0
0
0
0
0
0
0
0
0
0
0
0
0
0
0
0
0
1.1639978849866637e-07
0
0
0
0
0
0
0.055595997003914287
0
0
0.012060033078268501
0
0
0
0
0
0
1.3728592121658543
0
0
0
0
0
0
0
0
0
0.030375548273411317
0
0
0
0
0.10112743236929812
0
0
0
0
0
0
0
1.8617222603674432e-11
0
0
0
0.43168599291495902
0
0
0
0
0
0
0
0
0
6.2107005105262122e-11
0
0
0.15922252917459526
0
0
0
0
0
0.23865254825860033
0
0
0
0
0.00036449333287496172
0
0
0
0
0
0
0.054012176722911615
0
0
0
0
0
0
0
0
0
0
0
0
0
0
0
0
0
0
0
0
0
0.0022264043489773873
0.075292507795452032
0
0
0
0
0
0
0
0
0
0
14.199985727741449
0.44008559774747935
0
3.3849373953544344
0.0065996642080574331
0.54894820781966214
2.830834096135071e-05
0
1.6655135969929355e-11
2.224354685830912
0
0
0
1.6907252792827674
0
0
0
0
2.1364350902118225
1.3003901507932199e-11
0
0
0.5497677888170871
538.09641200638021
0.097860041971975203
0
0.46455807465471077
0
0
0.028090030313917495
0.071376260606220251
0
2.5943156668021552
0
0.57838307558183977
1082.6233593316342
0
0
0.63501753166952946
5.5601748254334803e-06
1.7048771546702013e-11
1244.3760943315606
0
0
2.9642018759565691
0
0
0
2.036166763749657
0
0.042447360601689604
0
0
0
0
0
0
0
0
0
0
0
0
0
0
0
0
0
0
0
0
0
0
0
0
0
0
0
0
0.166714812776457
0
0
0
0
0
0
0
0
0
0
0
0
0
0
0
0
0
0.12142031031190878
0
0
0
0
0
0
0
0
0
0
0
0
0
0
7.0137744869383761e-11
0
0
0
0
0
0
0
0
0
1.9040059974761549e-11
0
0
0
0
0
0
0
0
0
0
0
0
0
0
0
0
0
0
0
0
0
0
0
0
0
0
0
0
0
0
0
0
0
0
0
0
0
0
0
0
0
0
0
0
0
0
0
0
0
0
0
0
0
0
0
0
0
0
0
0
0
0
0
0
0
0
4.1780325204441464
0
0
0
0
0
0
0
0
0
0
0.7427496384408756
0
0
0
0
6.8742790958106913e-05
0.00020223912143496508
0
0
0
6.0756643624628844e-12
0
0
0.947468805044138
0
3.5229707378460691
0
0
0
0.008196061641799212
0
0.57871952233622181
0.098933737532806848
0.018968453160245136
0
0.013525427680145171
1.5182966899032518e-11
17.916699036083237
0
0
0
0
1108.5694553131286
2.027074810046135e-09
0
269.64695521552653
0.76230806529887873
0
0
0
0
0
0
0
0
0
0.0028449416632027559
0
0
0
0
0
0
0
0
0
0
0
0
0
0
0
0
0
0
0
0
0
0
0
0
0
0
0
0
0
0
0
0
0
0
0
0
0
0
0
0
0
0
0
0
0
0
0
0
0
0
0
0
0
0
0
0
0
0
0
0
0
0
0
0
0
0
0
0
0
0
0
0
0
0
0
0
0
0
0
0
0
0
0
0
0
0
0
0
0
0
0
0
0
0
0
0
0
0
0
0
0
0
0
0
0
0
0
0
0
0
0
0
0
0
0
0
0
0
0
0
0
0
0
0
0
0
0
0
0
0
0
0
0
0
0
0
0
0
0
0
0
0
0
0
4.4898300845683741
0
0
0
0
0
0
0
0
2.595108382826294
0
0
1.7417998599082869
507.58916195576717
3.6212480847214792
0
51.10327920893014
0
68.625413828637264
0
0
0.10634632412051617
0
0
0
0
1.7008834850808788e-09
0
0
0
0
0
0.50248397892030594
0
0
0
0
0
0
0
0
0
8.6202372729508576e-12
0
0
0
0
0
0
0
0
0
0
0
0
0
0
0
0
0
0
0
0
0
0
0
0
0
0
0
0
0
0
0
0
0
0
0
0
0
0
0
0
0
0
0
0
0
0
0
0
0
0
0
0
0
0
0
0
0
0
0
0
0
0
0
0
0
0
0
0
0
3.5787624008041958e-11
0
0
0
0
0
0
0
0
0
0
0
0
0
0
0
0
0
0
0
0
0
0
0
0
0
0
0
0
0
0
0
0
0
0
0
0
0
0
0
0
0
0
0
0
0
0
0
0
0
0
0
0
0
0
0
0
0
0
0
0
0
0
0
0
0
0
0
0
0
0
0
0
0
0
0
0
0
0
0
0
0
0
0
0
0
0
0
0
0
0
0
0
0
0
3.7700118925650382e-06
0
0
0
0
0.006726065332858298
0
5.9631087476519203e-12
0
0.58328788588805425
645.20040217727626
0
0
0
1.6088674655522444
1.3086934250458739
0
0
0
0
0.00057432685202131115
0
0
0
0
0
0
0
0
0
0
0
0
0
0
0
0
0
0
0
0
0
0
0
0
0
0
0
0
0
0
0
0
0
0
0
0
0
0
0
0
0
0
0
0
0
0
0
0
0
0
0
0
0
0
0
0
0
0
0
0
0
0
0
0
0
0
0
0
0
0
0
0
0
0
0
0
0
0
0
0
0
0
0
0
0
0
0
0
0
0
0
0
0
0
0
0
0
0
0
0
0
0
0
0
0
0
0
0
0
0
0
0
0
0
0
0
0
0
0
0
0
0
0
0
0
0
0
0
0
0
0
0
0
0
0
0
0
0
0
0
0
0
0
0
0
0
0
0
0
0
0
0
0
0
0
0
0
0
0
0
0
0
0
0
0
0
0
0
0
0
0
0
0
0
0
0
0
0
1.8504264185618858e-11
0
0.096024576218020546
0
0
0.21511336002255277
0
0
0
0
0
0
0
0
0
0
0
0
0
0
0
0
0
0
0
0
0
0
0
0
0
0
0
0
0
0
0
0
0
0
0
0
0
0
0
0
0
0
0
0
0
0
0
0
0
0
0
0
0
0
0
0
0
0
0
0
0
0
0
0
0
0
0
0
0
0
0
0
0
0
0
0
0
0
0
0
0
0
0
0
0
0
0
0
0
0
0
0
0
0
0
0
0
0
0
0
0
0
0
0
0
0
0
0
0
0
0
0
0
0
0
0
0
0
0
0
0
0
0
0
0
0
0
0
0
0
0
0
0
0
0
0
0
0
0
0
0
0
0
0
0
0
0
0
0
0
0
0
0
0
0
0
0
0
0
0
0
0
0
0
0
0
0
0
0
0
0
0
0
0
0
0
0
0
0
0
0
0
0
0
0
0
0
0
0
0
0
0
4.8233588247991506
0
0
0
0
0
0
0
0
1.1756079359020978e-11
0
0
0
0
0.19606376220418387
0
0
0
0
0
0
0
0
0
0
0
0
0
0
0
0
0
0
0
0
0
0
0
0
0
0
0
0
0
0
0
0
0
0
0
0
0
0
0
0
0
0
0
0
0
0
0
0
0
0
0
0
0
0
0
0
0
0
0
0
0
0
0
0
0
0
0
0
0
0
0
0
0
0
0
0
0
0
0
0
0
0
0
0
0
0
0
0
0
0
0
0
0
0
0
0
0
0
0
0
0
0
0
0
0
0
0
0
0
0
0
0
0
0
0
0
0
0
0
0
0
0
0
0
0
0
0
0
0
0
0
0
0
0
0
0
0
0
0
0
0
0
0
0
0
0
0
0
0
0
0
0
0
0
0
0
0
0
0
0
0
0
0
0
0
0
0
0
0
0
0
0
0
0
0
0
0
0
0
4.3383457619998875
0
304.75093496330379
0
0
0
0.081455243147956657
6.2858509619311649e-05
0
0
0
0
0
0
0
0
0
0
0
0
0
0
0
0
0
0
0
0
0
0
0
0
0
0
0
0
0
0
0
0
0
0
0
0
0
0
0
0
0
0
0
0
0
0
0
0
0
0
0
0
0
0
0
0
0
0
0
0
0
0
0
0
0
0
0
0
0
0
0
0
0
0
0
0
0
0
0
0
0
0
0
0
0
0
0
0
0
0
0
0
0
0
0
0
0
0
0
0
0
0
0
0
0
0
0
0
0
0
0
0
0
0
0
0
0
0
0
0
0
0
0
0
0
0
0
0
0
0
0
0
0
0
0
0
0
0
0
0
0
0
0
0
0
0
0
0
0
0
0
0
0
0
0
0
0
0
0
0
0
0
0
0
0
0
0
0
0
0
0
0
0
0
0
0
0
0
0
0
0
0
0
0
0
0
0
0
0
0
0
0
0
0.0022344361236583741
0
0
0
0
0
0
0
0
0
0
0
0
0
0
0
0
0
0
0
0
0
0
0
0
0
0
0
0
0
0
0
0
0
0
0
0
0
0
0
0
0
0
0
0
0
0
0
0
0
0
0
0
0
0
0
0
0
0
0
0
0
0
0
0
0
0
0
0
0
0
0
0
0
0
0
0
0
0
0
0
0
0
0
0
0
0
0
0
0
0
0
0
0
0
0
0
0
0
0
0
0
0
0
0
0
0
0
0
0
0
0
0
0
0
0
0
0
0
0
0
0
0
0
0
0
0
0
0
0
0
0
0
0
0
0
0
0
0
0
0
0
0
0
0
0
0
0
0
0
0
0
0
0
0
0
0
0
0
0
0
0
0
0
0
0
0
0
0
0
0
0
0
0
0
0
0
0
0
0
0
0
0
0
0
0
0
0
0
0
0
0
0
0
0
0
0
0
0
0
0
0
0
0
0
0
0
0
0
0
0
0
0
0
0
0
0
0
0
0
0
0
0
0
0
0
0
0
0
0
0
0
0
0
0
0
0
0
0
0
0
0
0
0
0
0
0
0
0
0
0
0
0
0
0
0
0
0
0
0
0
0
0
0
0
0
0
0
0
0
0
0
0
0
0
0
0
0
0
0
0
0
0
0
0
0
0
0
0
0
0
0
0
0
0
0
0
0
0
0
0
0
0
0
0
0
0
0
0
0
0
0
0
0
0
0
0
0
0
0
0
0
0
0
0
0
0
0
0
0
0
0
0
0
0
0
0
0
0
0
0
0
0
0
0
0
0
0
0
0
0
0
0
0
0
0
0
0
0
0
0
0
0
0
0
0
0
0
0
0
0
0
0
0
0
0
0
0
0
0
0
0
0
0
0
0
0
0
0
0
0
0
0
0
0
0
0
0
0
0
0
0
0
0
0
0
0
0
0
0
0
0
0
0
0
0
0
0
0
0
0
0
0
0
0
0
0
0
0
0
0
0
0
0
0
0
0
0
0
0
0
0
0
0
0
0
0
0
0
0
0
0
0
0
0
0
0
0
0
0
0
0
0
0
0
0
0
0
0
0
0
0
0
0
0
0
0
0
0
0
0
0
0
0
0
0
0
0
0
0
0
0
0
0
0
0
0
0
0
0
0
0
0
0
0
0
0
0
0
0
0
0
0
0
0
0
0
0
0
0
0
0
0
0
0
0
0
0
0
0
0
0
0
0
0
0
0
0
0
0
0
0
0
0
0
0
0
0
0
0
0
0
0
0
0
0
0
0
0
0
0
0
0
0
0
0
0
0
0
0
0
0
0
0
0
0
0
0
0
0
0
0
0
0
0
0
0
0
0
0
0
0
0
0
0
0
0
0
0
0
0
0
0
0
0
0
0
0
0
0
0
0
0
0
0
0
0
0
0
0
0
0
0
0
0
0
0
0
0
0
0
0
0
0
0
0
0
0
0
0
0
0
0
0
0
0
0
0
0
0
0
0
0
0
0
0
0
0
0
0
0
0
0
0
0
0
0
0
0
0
0
0
0
0
0
0
0
0
0
0
0
0
0
0
0
0
0
0
0
0
0
0
0
0
0
0
0
0
0
0
0
0
0
0
0
0
0
0
0
0
0
0
0
0
0
0
0
0
0
0
0
0
0
0
0
0
0
0
0
0
0
0
0
0
0
0
0
0
0
0
0
0
0
0
0
0
0
0
0
0
0
0
0
0
0
0
0
0
0
0
0
0
0
0
0
0
0
0
0
0
0
0
0
0
0
0
0
0
0
0
0
0
0
0
0
0
0
0
0
0
0
0
0
0
0
0
0
0
0
0
0
0
0
0
0
0
0
0
0
0
0
0
0
0
0
0
0
0
0
0
0
0
0
0
0
0
0
0
0
0
0
0
0
0
0
0
0
0
0
0
0
0
0
0
0
0
0
0
0
0
0
0
0
0
0
0
0
0
0
0
0
0
0
0
0
0
0
0
0
0
0
0
0
0
0
0
0
0
0
0
0
0
0
0
0
0
0
0
0
0
0
0
0
0
0
0
0
0
0
0
0
0
0
0
0
0
0
0
0
0
0
0
0
0
0
0
0
0
0
0
0
0
0
0
0
0
0
0
0
0
0
0
0
0
0
0
0
0
0
0
0
0
0
0
0
0
0
0
0
0
0
0
0
0
0
0
0
0
0
0
0
0
0
0
0
0
0
0
0
0
0
0
0
0
0
0
0
0
0
0
0
0
0
0
0
0
0
0
0
0
0
0
0
0
0
0
0
0
0
0
0
0
0
0
0
0
0
0
0
0
0
0
0
0
0
0
0
0
0
0
0
0
0
0
0
0
0
0
0
0
0
0
0
0
0
0
0
0
0
0
0
0
0
0
0
0
0
0
0
0
0
0
0
0
0
0
0
0
0
0
0
0
0
0
0
0
0
0
0
0
0
0
0
0
0
0
0
0
0
0
0
0
0
0
0
0
0
0
0
0
0
0
0
0
0
0
0
0
0
0
0
0
0
0
0
0
0
0
0
0
0
0
0
0
0
0
0
0
0
0
0
0
0
0
0
0
0
0
0
0
0
0
0
0
0
0
0
0
0
0
0
0
0
0
0
0
0
0
0
0
0
0
0
0
0
0
0
0
0
0
0
0
0
0
0
0
0
0
0
0
0
0
0
0
0
0
0
0
0
0
0
0
0
0
0
0
0
0
0
0
0
0
0
0
0
0
0
0
0
0
0
0
0
0
0
0
0
0
0
0
0
0
0
0
0
0
0
0
0
0
0
0
0
0
0
0
0
0
0
0
0
0
0
0
0
0
0
0
0
0
0
0
0
0
0
0
0
0
0
0
0
0
0
0
0
0
0
0
0
0
0
0
0
0
0
0
0
0
0
0
0
0
0
0
0
0
0
0
0
0
0
0
0
0
0
0
0
0
0
0
0
0
0
0
0
0
0
0
0
0
0
0
0
0
0
0
0
0
0
0
0
0
0
0
0
0
0
0
0
0
0
0
0
0
0
0
0
0
0
0
0
0
0
0
0
0
0
0
0
0
0
0
0
0
0
0
0
0
0
0
0
0
0
0
0
0
0
0
0
0
0
0
0
0
0
0
0
0
0
0
0
0
0
0
0
0
0
0
0
0
0
0
0
0
0
0
0
0
0
0
0
0
0
0
0
0
0
0
0
0
0
0
0
0
0
0
0
0
0
0
0
0
0
0
0
0
0
0
0
0
0
0
0
0
0
0
0
0
0
0
0
0
0
0
0
0
0
0
0
0
0
0
0
0
0
0
0
0
0
0
0
0
0
0
0
0
0
0
0
0
0
0
0
0
0
0
0
0
0
0
0
0
0
0
0
0
0
0
0
0
0
0
0
0
0
0
0
0
0
0
0
0
0
0
0
0
0
0
0
0
0
0
0
0
0
0
0
0
0
0
0
0
0
0
0
0
0
0
0
0
0
0
0
0
0
0
0
0
0
0
0
0
0
0
0
0
0
0
0
0
0
0
0
0
0
0
0
0
0
0
0
0
0
0
0
0
0
0
0
0
0
0
0
0
0
0
0
0
0
0
0
0
0
0
0
0
0
0
0
0
0
0
0
0
0
0
0
0
0
0
0
0
0
0
0
0
0
0
)
;

boundaryField
{
    inlet
    {
        type            zeroGradient;
    }
    outlet
    {
        type            zeroGradient;
    }
    wall
    {
        type            zeroGradient;
    }
    wedgeBack
    {
        type            wedge;
    }
    wedgeFront
    {
        type            wedge;
    }
    defaultFaces
    {
        type            empty;
    }
}


// ************************************************************************* //
