/*--------------------------------*- C++ -*----------------------------------*\
  =========                 |
  \\      /  F ield         | OpenFOAM: The Open Source CFD Toolbox
   \\    /   O peration     | Website:  https://openfoam.org
    \\  /    A nd           | Version:  10
     \\/     M anipulation  |
\*---------------------------------------------------------------------------*/
FoamFile
{
    format      ascii;
    class       volScalarField;
    location    "0.11500006";
    object      theta;
}
// * * * * * * * * * * * * * * * * * * * * * * * * * * * * * * * * * * * * * //

dimensions      [0 2 -2 0 0 0 0];

internalField   nonuniform List<scalar> 
7600
(
8.4003933621073437e-11
6.4339376432503962e-13
0
0
0
6.4339376432503932e-13
0
0
1.9301812929751183e-12
0
6.4339376432503932e-13
0
0
1.7796593218112777e-08
0
0
1.0229960852768139e-10
0
0
1.029430022920064e-11
0
0
1.6084844108126006e-12
0
0
5.7905438789253621e-12
0
1.2867875286500805e-12
0
8.3370158452245773e-05
1.4897601979712687
0.00058232779971892433
0
2.3387363333215211e-09
0
1.275849834656557e-09
0
0
0
0
0
0
3.2169688216252011e-13
0
0
0
0
1.6084844108126006e-12
0
0
0
1.4112842220469757e-08
0
0
0
6.4339376432504023e-13
0
0
0.00017630946217658491
9.329209582713049e-12
12.748595937093931
1.0515917138043034
0.00097444891334115828
0
0
0
1.0294300229200681e-11
0
0
0
0
1.0935442115350543e-08
0
0
0
0
0
1.6567389431369723e-10
0
0
0.1193629118581486
0.00026042886035411168
0.00025087435824219833
0.11683960683310224
0.00024552568752659167
0.00024781797466323039
0.000261391018987004
0.017259080543610639
0.0002455930827729711
0.00021092810895010183
0.00021758120925798762
0.00026342060151568611
0.00022561373994884427
0.00024155769766345551
0
0.0001635787455292772
0.00031819954065577435
0.00023069054689856122
0.00023080148362875468
0.0003828381280069305
0.0002728442137060199
0.00024450481706173277
0.00023436469351376758
0.00022204818266820229
0.00030900215020407493
0.00032902489389169219
0.00012674752944224043
0.11619725979208853
0.00021335319533440623
0.31366751663993403
0.39823503953935541
0.22148513921750196
0.43360621226530066
0.014804860637865186
0.00019492441015913912
1.402720569074055e-08
1.0951738488421934e-12
4.3806953953687733e-13
0
0.00019338317944884743
0.00020772471492856864
0
0.00051231370089914344
0.00033304108213688075
0
0.0001555389117811275
0
0.00021023324523683528
0.00016512268438546442
0
0.00034101405070279423
0
0.00022974873287219029
6.7432044220911386e-08
0
0.41941146079656694
0
0.00013361048192524167
0.0057594643708722233
2.9100435291022499
5.4821699912909008
5.935611272141089
0.032358906259349181
0.040130515898790776
0
0.00014406628429733574
0.00017321552936666327
0
0.00024835927835624357
0
0.00037464657018797243
0
0.00027579255137568856
0
2.026302745847106e-05
0
0.00037312132551131313
0
0.00019233629488148822
0
13.256588340328703
13.148405527256562
13.098792975849445
13.100487015185488
13.017783427876632
13.005813460804069
12.926220322864818
13.038940400865481
13.067606688977477
12.963666539151205
13.043355327690207
12.971831190930253
13.132160003904493
12.796536095070088
12.717876196097103
13.008132833637985
12.96608077067607
12.831982296591404
12.618432180765222
12.552753923391402
12.661793140680992
12.416611855573359
12.283335205704669
12.612762806855603
12.667355712789421
12.622427954041152
12.783955068562339
12.812236960106196
12.440293592917007
12.890156298553043
13.710575999446529
12.499547147422303
8.5781772691568303
21.271305040104362
12.889991709146763
0
8.5301782328235927
0
5.9710996971665953
11.768571999100232
12.900883371459818
1.6415169385321301e-12
12.600901930158312
12.342907522815535
12.430637413369103
12.316210582307717
0
12.373699845683984
12.249757907744211
12.234787844825565
11.097625468601295
11.773564644858174
12.011800627689473
12.081494714871781
12.575997098946248
12.501357604249947
12.286459172932672
11.579125731341481
11.60877754816417
15.503438841383206
16.43556481988659
23.679915496820481
22.529210460676886
5.3700581206898628
10.156517288325917
11.353095341308318
13.10273686570881
12.861594611078447
10.450607593190483
0
9.9052608247072644
9.7936466085052167
12.328273094396707
0
12.040249547665896
7.8930150392560847
0
11.943924748205976
12.540758227156132
0
15.280061913861175
15.294190669945786
15.021433512866123
14.959827981396664
14.914764438547085
14.869046741342668
14.703558659879686
14.760881614566259
14.828081193405424
14.873956767862854
14.802183609197563
14.724968012345881
14.726283170618808
14.613546171416001
14.314886597881362
14.377485210753933
11.118834344382039
0
13.979961075329539
14.053530935757303
13.840135611216283
13.880784197804697
13.84852161099692
13.890492259763946
13.747549456578865
13.760725302114846
13.822794875579808
13.656565222470118
13.569229719866813
14.020309081061166
14.139544367164406
13.558748713592362
12.050917898845029
10.196656576013904
11.137658053455548
13.249726891297815
13.175469035786636
13.495936185280389
12.920109202583458
12.911237130073271
13.225023840367772
13.1535688583838
12.85013694816214
12.674119378318021
12.915686806062082
12.947781972760165
12.841008547199989
12.289662720625859
12.7560557959505
11.884114612149123
11.752794284647601
12.450654849514816
12.482892948936598
12.381513332378857
12.652725168362702
12.693470758542889
12.577468751877603
12.440740808186682
11.978866929682306
22.533478613106144
22.872831366664538
19.564257668009027
22.757754880791687
11.109307720074392
11.383432095942757
11.642492396687111
11.697277140457954
11.290844271383378
11.925303870246625
11.964763644458733
0
11.686135504321815
12.165826637376675
0
10.769251464998442
10.598469848704498
0
11.235640575960707
11.877264763096123
11.152245470977205
13.305995352397186
13.154540144319398
13.010242190756728
12.966217441576978
12.898069119882717
12.870456518264737
12.842424327935317
12.824324484014936
12.82340635477877
12.840625627427396
12.780821795039225
12.812043489950808
12.739704143356526
12.645903257727042
12.588288054973519
12.454478127525332
12.230780294644127
12.282239827710077
12.166022162431881
12.059070747640392
12.139556112178866
12.103933330318492
12.045814353420331
11.926444625089193
11.810152527283762
11.724452724849025
11.763760444324793
11.937688374926992
12.067597240567849
12.286894745195452
9.9528243957448286
9.9627201250786008
11.706959619601985
11.380013624159254
8.876630025896052
11.225869949813342
11.105226936072293
11.197881299080594
11.402864506511499
11.516734218334763
11.32321182674451
11.394607306739186
11.362149289285735
11.068266991197666
11.168158992993114
11.150316613202367
10.740792244298639
10.659530291093549
10.641503350117457
10.78549880209594
10.750152374081587
10.734122094403022
11.003458774484862
10.914554088800696
10.647316651384935
10.688769755756198
10.617697772384403
10.514617501842668
10.605497699850106
22.588346538466759
20.30294364157491
18.352711715487231
10.325953804589851
10.569009205708591
10.253368393932272
9.8532576221644117
9.9047301975800117
9.7394170688903046
9.566508911166073
10.095303121042972
9.5495385580096546
10.040103602113099
10.203142481345862
10.143006584161327
10.133725470476264
10.093777656141871
10.180521818026994
10.475066045021389
10.431707674571696
9.9776804637850329
12.611343379586723
12.4484207397539
12.385268023529809
12.294055999701179
12.231014704042472
12.182541425572838
12.174250204077021
9.9194315858519175
12.153488411262844
12.165086227708219
12.164237327094607
9.8975357404216258
11.938323376232399
11.936882893346397
9.6888525982834839
11.83497469514829
11.770880306437565
11.719258287944614
11.592802848384585
11.545158148204841
11.51338380273371
11.465694208476499
11.38362510610029
11.429334099251758
11.470590599176067
11.446721725030521
11.445224594136249
11.457256706840516
7.1933506270337908
11.299736456795463
12.077658618779884
8.6165335653293393
10.97992384671827
10.901315777926447
8.9435925602764215
10.828496001540296
10.862322531439213
10.903878106605415
10.904259638771055
10.86321776481253
10.661143256968096
10.954524411529841
10.817745478963589
6.1816557471290423
10.735713059961563
6.14189186170222
10.588618102169082
10.668631953205708
10.4500958724821
10.514750218898156
10.519692225087269
10.432623875692125
10.246866966224376
10.282071900005548
10.41424307898169
10.388784618071201
10.344389354983102
11.099478872211812
5.0503032021525307
19.750085140912486
19.04267082567344
21.042655768870414
29.068829645971142
5.9979584414050651
4.7408148373109347
1.0478622926066563e-12
9.5122406989364148
9.775318573545233
9.8150775667837777
9.7597764736937656
9.7937585687621826
10.011870163511961
9.9095255601830345
9.6669148076827405
9.3307532683238819
5.2172056348372635
9.2263765119162198
9.7608111347874669
9.5153241034593314
9.5832089940814527
16.633819635739453
16.439666873910895
16.317043754479581
16.231058221196431
16.116017969312995
16.06754435044051
16.02831749918472
16.037451119032621
16.030856981877868
16.014314052571677
15.996549913466209
15.941759724134041
15.88442206065729
15.888652230226826
15.796727722383237
15.757467188119463
15.542795042360122
15.490920353112086
15.482377724515461
15.402294420785372
15.288170249590886
15.230460222887119
15.242748754859489
15.114464527659276
15.101141550860635
15.114591144575456
15.077840921010885
15.173537957072345
12.408281470247539
15.291855107565421
14.773647981575067
15.212253133525348
14.66611413883537
14.380536185846255
14.426353936870116
14.434320876525005
14.320857274128626
12.312987971194307
14.511661116342653
14.377265147425261
14.178199815624936
14.277713100998787
14.318278566122059
14.331756772420299
6.7266579310082477
14.160095728451916
14.205589893002564
7.3658487712096035
13.966494384822786
13.884222571048189
13.636721834422969
12.860339192579968
13.01468848315166
8.9724545875683823
13.831941639952131
13.866214831270366
13.87246626797311
13.680703171614397
9.234892350398507
29.300615620273998
22.23583534892591
18.815310768331223
13.039201043184889
12.86586830487963
12.713627913127599
12.711831595446778
12.952103309153143
13.020131619701703
13.026498712352712
12.814269778951489
12.739832526156505
12.859784410559605
13.027887435108486
12.868833613543771
12.884602662918526
0
12.673230282210762
1.1132310919350596e-12
12.699139947039628
12.490523293687039
21.766961174482109
21.592867628446822
21.505935425410925
21.32019822965022
21.269479710122361
21.207674150963577
21.121554182974634
21.122696515579726
21.160095649180189
21.125850626745649
21.055353520752497
21.048483646746568
20.99894884515928
20.86086760426231
20.71655223509028
20.648443691144085
20.3617476229327
20.215596586137643
19.866988204508356
19.83181352609239
19.742663864775043
19.870093846136751
19.79135475669559
19.630450985906567
19.259849732435331
19.390556788981129
19.581174002813594
15.555704577357726
19.811688414705422
18.31182528144398
19.929354131245905
19.727927893171639
19.082082081897777
17.338024700578586
18.195652464587678
13.067880319777382
18.755064643775405
18.486233124736589
18.821179657662444
19.120365411209693
19.185989011764399
18.929267179811294
18.719476156074673
18.503884430271633
18.114262610801386
18.000108117687756
17.453771442867247
18.588865537671619
18.403087700480469
11.45256022456889
17.827972571069989
17.955769293152784
18.082939776838632
17.930375915213038
17.219925036935102
12.449928233085053
17.645377662209501
17.936143952281054
17.737180905476272
25.636013031886197
21.702293382803564
23.789878671459654
16.407036301460025
17.048179142570092
27.957894260463615
12.054200280219549
17.139678918984579
17.186395631277758
17.016461501841274
9.2046069161402535
17.117794655322164
17.026450917384985
17.022266733929193
9.7317275129242287
16.424122234818373
12.257618902343623
14.50880577281888
0
15.884294971904755
15.382448238915249
16.786093876416317
16.687501599318868
16.481321037661175
16.367984610920363
16.285515745330784
16.224924104493009
16.249463529218541
16.180933851744587
16.166177827451829
16.132639052441839
16.047800227458236
16.002985816486365
15.948247424403307
15.920211898486004
12.172501564395809
15.298151903566321
15.298444429504855
9.7825957322754178
14.957562759383807
14.957398928352996
14.933391944861446
14.945306371500806
14.787758138041205
14.704974624057161
14.702074840654001
11.556609583740862
14.412496749170121
14.459219508532692
14.744050049429605
14.861025517183798
14.512517911640172
14.889649706662031
14.148157449640056
13.548963130093917
13.638627428453304
14.029041716514486
14.054386641297521
14.260751124337235
14.071533292527636
13.437258314461879
13.335067071440973
12.89403588768111
12.017588494289159
12.422898364715515
12.954474716375588
13.360144238417002
13.202262587954786
13.218056154111393
12.957921150510151
12.160598599321695
11.941188569158236
11.991873584696528
11.097685261017546
10.986179766453548
11.779273625767543
7.7399872308857436
11.877796814312129
6.8292337800313945
17.661384389128624
23.273849117647615
19.779703468598552
19.757217199619998
21.712868930384079
11.48917655603146
6.1210434648243179
11.779875828539488
9.7192147983427365e-05
12.127814372427283
12.156852786904164
11.009727075855331
10.828546089591862
10.874289751657702
10.69685414223123
11.640399703812026
11.386254699806452
10.434064177266201
11.372256022224368
11.28770764321904
10.988464663234909
10.714690437672392
17.889395875801139
17.724680043377447
17.627696562109435
17.447499652908984
17.358179841833913
17.303106697437833
17.284035400350621
17.255741966656299
17.226672540870595
17.13682560068634
17.231155190245641
17.098141232055944
17.021058633093919
16.829387214576681
16.757999865012049
11.960466128627795
16.344981288355378
16.180036291023665
16.119121968403167
15.613856926590129
15.216350276513705
15.360248131648127
18.917125691842056
15.467331160019036
15.58984525502324
15.366922803278879
15.47904313101335
12.086144587865856
15.524044199656712
15.662113793356914
13.674915621181976
17.688589142211455
17.323288046978341
11.710144645231926
14.86789550344443
13.725308852237761
14.404356334087538
17.456769721995098
8.8597398532544318
14.004501159492403
13.954448190879223
14.411193167022812
14.277175300599646
13.847163325380148
13.503326725526751
9.4979879273782686
7.3711208256065586
14.274724807146155
14.043014240022544
13.051434855383931
13.357906456628992
13.395743571374778
14.20940921074498
13.788724849900284
13.302972363901683
14.061390498532928
13.997632459311811
12.643767982268653
13.405268296691556
17.685802677318481
19.653557766379627
20.766596697786596
27.165492742527395
12.868872847583015
6.1891147979913459
12.329946336161989
12.130430009834962
13.100231462973587
13.464616200351855
0
13.219096588001664
12.715106845418401
10.117420545111163
13.398711541957415
12.042338382394387
11.278377285406105
10.796008570817202
10.543425188363459
11.216960726045846
10.77790823821546
19.197953482598962
19.019570308371655
18.917740700412008
18.714217833347305
18.612091028346395
18.472050598663902
18.594702746439832
18.609160378990367
18.692703646607093
18.634311447453072
18.473383522432812
18.415444363574217
18.375018806120973
17.98312130669191
17.932305189613071
17.920965433113029
17.646708067675199
17.680774900446135
17.539876251906172
17.306153629380681
16.838784685614712
16.894860430809757
16.958653529032134
16.963766676100079
16.993655287795701
16.84686661860513
16.826676504959561
16.939154495917546
13.814877889854559
19.075730764258033
17.267872642634892
17.088723704499714
16.822428598730255
16.286483919233099
16.419443915732874
16.586165282543021
16.528927327412887
16.895800515667947
16.79501869851779
8.855084090273559
16.065864599926446
16.244120074461144
15.624068884340954
15.295643234706523
15.551145644057078
15.637225717161694
15.349174148622344
15.553520297648934
15.642181494001628
14.615367441917876
5.8943963072279954e-13
7.4713599285112178
7.3217516913165133
15.31720352569126
7.7286066094416794
14.193356417531476
14.299761510893875
12.720383092965626
23.77592820080368
12.889830679200694
21.689558899683426
21.839874222401537
18.533885343986331
11.17492576990124
28.815427501048465
14.87837367121972
14.568477827034235
14.018003225770594
14.398097129819055
14.886329266940088
11.280626354911021
13.849960813765096
13.633873724484092
13.073445589056982
14.005029344074215
14.771469945281559
14.332338715556622
13.840789222739112
12.630447811381035
13.010103849624107
21.37951632966378
21.195510776241925
21.123011387632566
20.928331221015299
20.862351529461108
20.816296668353075
16.21306739147883
20.764189802019263
20.746598274489273
20.637613728276094
20.651221314990551
20.664923716206971
20.545981644135164
20.457868865874456
20.352485248396047
20.192391764008232
20.028462065951089
19.899179985450957
19.844391678282516
19.78516027293777
19.519662670248529
19.357013846989474
18.874949907119035
18.897953293881493
18.839857452196561
19.361078641719327
19.336115041569634
17.613538282790497
19.312484944484488
19.516696433115772
19.773157003345631
19.414701893678082
15.388350138938719
18.454369899251585
18.457399808955746
18.004696361238452
18.200911380397955
17.964920546126343
18.254500918027006
18.385551021147958
17.714306357325302
17.899027136501182
18.181055506410928
18.173949230676236
18.017920918970471
17.886512557712749
1.1629868876321071e-12
15.379740625071582
18.320747607087146
18.170184162399696
17.937943648810386
17.533932288956546
17.618102817569525
14.617100188363164
17.079169241348616
16.41705584037182
17.140969464936589
17.365475153517366
17.405601562601916
21.260869665147951
25.319917315524783
24.688292095731885
26.66970373682484
16.290346844999828
40.869698349486292
15.423245261301783
16.773191217712601
16.731166576068325
16.422519584662481
15.87928925847614
16.0002725602391
16.795178449313251
16.550513345499972
16.431884094277823
16.610684919152678
15.580812432752735
15.706376231363546
16.162607895311009
16.593204037965315
16.114609951111994
21.139228001484639
20.914729497417031
20.788277447058668
20.684779794848779
20.579977625571068
20.521737054229579
20.491006875622471
20.459330817661058
20.473032110831564
20.500202019342296
20.443004420572368
20.137657024197711
20.21462776138933
20.201435644821341
20.024495894910256
19.726003794809248
19.173084044281278
19.345699577786515
19.476589917662814
19.336233182528375
19.116621175736693
19.034587346935574
18.826094735474438
19.066463112693963
18.991805859372281
18.767110462919614
18.910956122172358
18.982968701732307
18.973246148425527
19.19053237687033
16.620097574524177
18.533336908334281
20.691102831796744
18.209736079255819
17.927622433888157
17.526788092180066
14.202376791675871
17.360580266414605
17.588932588291602
17.691254620987888
18.072427229709376
18.254549350010926
10.47472245570952
16.251159776700597
17.274330826642071
9.3088015840423264
17.7953470653563
0
17.47713307195615
17.202735813124377
16.965116744668528
17.412416927144704
17.27361122393625
17.009763760118119
17.101613813692836
16.901428151469215
16.452454551935912
16.401870177896051
37.794899545385661
17.067473209811649
28.986758725120108
17.50494284546091
19.101529046409645
26.577368280127143
33.62089767256753
20.955533175397107
15.701780705877919
16.334140508603816
15.90137536779557
15.809487321649673
16.061712454598123
16.161749485635355
16.175446216413153
16.044350760545345
15.916002692522714
15.75151795493681
16.089183869041154
15.945283989998938
8.1000066603104415
15.767464461595923
16.393734636444858
16.250484367217723
16.147216583732355
15.96463576005068
15.910694315819949
15.836254610913567
15.784923497537795
15.833897505411281
15.842035359873341
15.841382865545702
15.849395921854578
14.907093234250329
15.734971245923553
15.682986129872321
15.507789103177641
15.500575632714257
15.522898316994057
15.345912810293852
12.108027833154992
15.071111680676919
14.876203786129421
15.017182118678754
14.988406190554553
14.945013755876316
13.522261488461536
15.074798301072464
14.97532873167701
15.149356360543932
16.402748235988948
15.174757185178402
15.246019461114622
15.814226849833597
14.533984894036545
14.283088849711577
15.39854788400628
13.935088551097293
14.043831615756577
14.240119138672405
14.280065419703771
14.234088055332565
14.331483726531138
14.349274099478466
14.230432812806983
7.8701497576786963
14.08441285294931
6.2932458804248261
14.058200012559718
14.069431930735654
13.866244547901324
0
13.481926428636788
13.541257017767219
13.533586521660979
13.602882132391139
13.470863881912825
13.140456400022826
12.80420171256716
8.5646096047015927
40.851269806319856
13.783388320127996
26.24232905728946
20.981096122949872
23.313838701693378
32.826366217782876
8.9173124513132613
12.697103107908568
12.79717165910513
12.748293495762768
12.849211133428982
12.974613144036164
12.966276902292778
9.8368053389324288
12.752310723204838
12.535265794420054
0
12.175613077530278
1.1090397471554587e-12
12.594266551965619
12.538155990506493
9.7993947205949148
13.568174307688468
14.687388736841612
10.727111465532662
10.641118864835269
10.599172791419232
10.569604734757172
10.530572044400623
10.508446797454287
10.440066026752772
10.447145755504803
10.471280498025413
10.533655935978262
10.328208750513529
9.866539832457649
10.075565037106077
10.269903021165684
10.123440614932242
10.075607274456502
9.9170146070643987
9.7068054014312075
9.5843278544702706
9.5327739686374589
9.6119871753837476
3.4112422022301048
9.7868605127119501
9.7924619519211831
9.5596281993491896
9.3553671675354853
9.6723967635466401
8.9520622598009183
9.9458563765778099
10.553479602972782
9.546787083695282
7.3361757841004858
8.7419696974718466
9.3579818700336261
7.2331762814217813
8.9827372726726455
6.5602420791305569
9.1406939890090477
9.3426882500001174
9.1629617414245281
9.0867864509275513
8.6748896359130665
8.5038333928436334
8.5034849029281858
8.9459242628907685
8.4854077971471931
8.9487633445456485
8.8256055041522643
0
8.1026001250237272
8.4276237568957022
4.9076640464198951
8.6504479711837376
8.6039200667464826
8.5045304935575992
4.8489149047078524
8.7500613231403026
5.9141971811905929
19.247235973958691
14.199944604721676
17.064092942955558
8.4659613614152285
8.2590112588614542
7.3088196347446566
7.5231398472927902
4.301752301519544
8.2150670254256699
4.6713243031249867
0
7.4421003192260349
4.6343289836982322
8.2693526569380449
6.0345698833266272
6.1029667779244701
7.7659870398579898
8.0916061661585577
8.1261121914286019
0
11.513611818817722
11.438450004482398
11.336859343368953
11.269299488847826
11.178122588597327
11.140203071757778
11.119097989098016
11.094618050234587
11.120871712868844
11.11840702464384
11.109432083848221
11.096797125632177
11.056672106738958
10.943485277026504
10.850624682345225
10.830339528455157
10.74890539824303
10.626086282638127
10.656123477018372
10.615815267730257
10.363489899373532
10.305288569398533
10.139306898291315
9.8891506105327771
9.9114298487967627
10.165644659008658
9.1670664454526332
7.881521020000104
10.287186606285937
10.442840197459006
9.5387083925106886
10.366828089166637
10.105084806078185
9.8797397116298633
9.7314477566340756
9.9665142810520706
9.8012064955189153
6.5946617191628274
9.7396810591091096
9.9181583307082111
10.017045567276327
10.006401573251619
9.6801881197810182
9.3937820416875564
9.6766195189927533
9.4845179320231576
9.5555900576266346
9.4414792752181658
9.3836539201720122
9.6450247734439358
4.9866369111077677
9.4282723416082206
9.3447479876145358
8.9778904002998079
8.7280012807320411
8.0169261457968872
8.3396525772626742
8.7325740741461289
8.8059066650608386
9.2205238491976953
21.5285265483868
14.921290171649662
16.571171700620589
4.6534452446000882
8.0317426188955974
8.8168220425732713
6.8205756775882476
9.0024342345594235
8.5842989790171611
0.0013147334908387527
8.8854572258755589
0.0023183162595670232
8.4158280471200584
8.7165124113888623
7.8454732738626198
8.7030660345874615
9.0105377498271579
9.0874679289094367
8.455852599099412
8.9554908353991483
12.402445569716107
12.287797577000678
12.141354137348104
12.130379062255395
12.060088603521681
11.995953696041132
11.985572884275518
11.905731175801678
5.0402596197054734
12.01649884331059
11.99016021775296
11.099998711411352
11.899926028893246
11.793874018026045
11.782070941286275
11.673170269248773
11.602508238604594
11.526644359796327
11.38892683011311
11.364049822226436
11.282717336402643
11.191211065555946
11.210923010193838
11.145162331336099
10.953758617912108
10.992383840519075
11.11716168608535
11.186058582741607
11.108482225084872
11.145237074193664
10.639656298026397
10.741924158260778
10.396993345354312
8.6246931638449063
10.851844591056564
11.818909360195962
13.080892361037076
10.456760318390035
10.193749227156838
10.034688078107482
10.692155070620551
10.796172073945595
10.452606253444774
10.486767886514647
10.562102715520904
10.484558663215306
10.446676147911873
10.501392098875368
10.299642894497198
10.395609487725665
10.453274040628285
10.447328291789121
10.371825079736167
9.9777846219984561
9.6873319274430809
9.8340422905025076
9.8835250029475787
7.776751494727276
8.1598088941980791
32.136198966298629
25.956547223106796
15.179133475733142
15.382750910599519
26.664315561971545
7.1898377826589241
9.6495970788994878
9.7027555448902643
9.8831665615000741
9.1840314947952919
9.6464259932718921
9.7018730751183746
9.7849340303482748
9.292279837718155
9.2607919716136635
9.5654444007503727
10.371141759197954
9.2732221418625915
9.1393869257072993
9.1441586327301341
9.1497192882720828
5.2679166812979368
5.2300236075858324
5.1195796657768673
5.0374541772851433
4.9508197023545248
4.9550848537277163
4.931634708419022
4.9232705884231756
4.9243090131637324
4.8682655330632549
4.8413712457904339
4.8737556263143125
4.836317528076604
4.7765645640066072
4.7112760620345613
4.5783833218710708
4.4616625702302652
4.5089693677577429
4.3698015229503726
4.3897093846922761
4.3006824825771357
4.239072536215752
4.2712511341393498
4.2973651765915619
4.2224147230307443
4.2421231018203054
4.1870230989275399
4.1747213811878527
4.1903818568377371
4.2130261342510655
4.4358143373226762
4.8684736200662293
8.5599111302452293
4.276764114497948
4.6018004547598865
4.5794698599462436
4.4253539561992739
5.6777239058247311
5.5834921954931147
5.5793314640615916
5.4222817988679655
0.00027332617339742175
5.5425959448743454
5.2712961474641675
5.1895198178132702
5.3403662144645772
5.1939618689651859
4.9014707407757756
5.9762263813576979
4.9811277961622009
4.680678481912051
4.6639910560841447
5.120883015086573
3.8215176062969918
4.9734874541839362
4.8766449109899277
4.8556565341455995
4.8203058253935822
4.7631487851290704
4.7689072979949358
17.247534792028979
15.18507085466066
14.571695931746371
18.599292503864294
6.6018620065136639
5.0967070647346606
6.7477041663192168
6.5562784111309842
6.8349669944986111
6.8073538176822499
6.6812172905671678
6.7254429519462633
6.1797700661519173
6.9772801697262201
6.7268541739910859
6.2958035778897905
6.2321534380611237
3.6541260747216562
0
6.6239476907909403
13.553859171017111
13.340665272562235
13.320864626305383
13.156278640305031
13.13955738262667
13.105866710345447
13.03822941396491
13.06441964511434
13.104644337908301
13.071552227642339
13.089038074266558
13.081213061574351
13.0023387800293
12.888299493771791
12.785496871585453
6.5462534856064849
12.491752434238805
12.330298616947806
12.537425496281449
12.36554965978412
12.240571000268776
12.169079799904022
12.128034117421052
12.14820567442
12.233130366658285
12.186664400983894
12.190616975871583
12.113309721333179
12.103051545069299
12.242524802361441
13.766185517458929
12.657728705601937
12.029975663609841
9.5601396175766027
11.674398052174155
11.543729427374858
11.578905382323601
11.551412248262318
11.546215545315599
11.806187141121491
11.777821748222216
11.648674120975166
11.641293908712766
13.247584840281224
11.571210872283274
11.269451961825098
10.926618878546089
10.949180214798888
11.164383171608007
11.246953227018796
11.398256672289902
11.334449349012974
10.956695322768281
10.638800681351389
10.818980150644109
11.180303677120069
10.921188129705721
9.6404337528851602
36.592738159844103
10.339866879722232
32.93484313562935
21.299842634051036
18.643290224683966
22.836981422473745
10.679692525141526
0
10.181943547793843
0
10.467144707866915
10.740228410981173
10.473243751597115
10.227405237414002
10.654609905648323
10.538018130054089
10.647770049961926
10.513548998223357
9.3936947473918977
9.4796882060062408
10.315334253547702
10.021620032483783
35.478959802046695
35.406491717240812
35.20569816206482
35.399882546424685
33.18245633161829
35.119898832117848
25.858767607424866
25.773157929324743
25.843516748058761
17.89916665395738
25.759746996215693
25.705139120677593
25.712653881508103
1.3009134728526579e-12
25.573156425980393
25.395872106262161
25.332385852272029
25.117655511068541
24.931052711248221
24.759723514184621
24.850636121110696
24.815790546094473
24.812835935445381
24.651481639503682
24.510826160821107
23.762581300263172
23.841792512848826
24.425227819205958
24.090027939722336
24.230884692752689
24.163609628548979
25.056233223783117
21.801369545932374
23.865474694617841
18.00292776192541
17.741938125153197
17.798412422624661
17.715133749227405
17.826899547374946
17.878141393497021
0
17.869029166420439
17.923122868323091
17.008742097776118
16.969667234381681
17.424620170393524
17.711418252746455
16.781726172403026
16.559124413929837
16.531518759490169
16.767244078155063
16.322341336660134
16.243117326550564
16.115452554710028
15.939285208133448
16.285953992618513
16.550217481929586
16.457070720063307
16.589438520226356
46.554505000684372
36.006365933648205
34.137679575404384
22.989358045322529
16.978298717176717
11.50341912108145
11.404758461027708
9.3849931265346047
0
12.184750513897493
12.345599780698434
0
11.526522352201603
0
11.665794235727938
0
0
11.184594055774431
11.670248899020944
11.179313601695073
11.787437036650809
1.3443429129976792e-12
0
0
0
1.4102942701695347e-09
0
0
0
0
0
0
13.444252096055788
0
2.644843220357382
0
0.032715981682983515
3.7349359547501026
0
11.959967191424068
0
0
0
0
0
0
0
0
2.1082587033791547e-08
0
0
0
0
0
0
0
0
0
0
0
0
0
0
0
0
0
0
0
0
0
1.2946921631880224
8.959354998002754e-10
0.077104661262561047
0
0.22725949108695817
0.39484309954879815
0.0018177870229043056
0
8.4675700239345975e-12
2.6917225858410899e-05
2.4923668590367273e-12
0
0
1.900003385336325
2.6384083592424946e-12
5.9490263164591664
0.00085925895145108524
1.5525763448508247e-10
8.9689526309203309
0
1.6139844121731537
6.6494066974295789
0
0
0
7.4897053926123123
0
0
44.176802838004598
0
0
0
0.00093485698605849741
0
5.534561660110644e-09
0
0
0.00019235277398935106
0
0.0014899245420752973
0
0
10.936031007225646
7.7100165574919686
5.767854351382236
2.0802076669940179
7.4917877841273643
8.8922123675828679
0.22835498979291244
0.029126869536325543
0
11.803390213062336
1.5687713102897749
0
0
0
0
0.00011281986049435964
0
0
0
0
0
0
0
0
0
0
0
0
2.0069297555182558e-08
0
0
0
0
0
0
0
0
0
0
248.21471724007387
0.056949078686383214
173.25717293799488
4.6558893027252379
242.08877713314035
6.1023053054118774
14.670128854758294
161.56897840924935
3.2720997900855946
182.01385555048034
12.816826380908669
183.7862403326115
200.74137411508553
5.3116207565256106
181.35338292541601
4.7232809433353377e-09
150.14035146044316
12.220603352346282
11.755461229176483
7.8116068694925825e-12
0
8.0609146645083101
0
0
0
0
2.1691844893092123
0
8.4660993044945947
0
12.789422626628225
0
0
0
0
0
11.830960040432508
10.660268471331539
4.0057766600611192e-13
11.71554626565613
19.65750407494783
13.043633614999377
20.056963478684708
12.277446602214971
16.79604600997278
17.162377668021509
9.7835020313802126
17.247015259297669
0
0.0091924764763051496
0
0
0
0
0
0.0035611448994399436
0
0
0.00040919929297267266
0
0
0
0.00022282644926334964
5.9821049368060149e-09
0
1.4209073198217269e-12
0.00021063404253643479
0
0
0
0
0.00022442891260067381
6.6744066042987061e-08
0
0
0.065026472459576448
0
11.131307527078921
223.63348271786046
5.8624473842744193e-10
188.03039566243848
119.60807500556407
2.4403285214335724
234.53117621707992
221.75399476371146
75.056915164070304
136.35214772093966
250.61596765396112
5.744405078726456
10.943526517404042
191.83520896832724
236.55186895050429
167.47197579401873
1.2116663316761907e-10
205.73681311691954
224.99568980498339
2.8959310046576379
0.16389071116770315
2.4730340959292754
3.3139002103246442
8.6839122046301878
1.7761985493891268
0
1.1453061398993531
0.2043713133249612
0
8.9564591314116364e-12
0
0
0
10.053703214673561
0
9.8727850145692138
4.1093712452907443e-12
13.293957419335372
10.282303730892254
0
11.143167674864241
10.944818889816569
10.8855910149605
11.07744980953486
20.050778186769605
17.964121132920813
6.5835120766257651
0.17413441261346888
0.29842787646539376
3.0605427540290475e-12
3.0045552262124072e-12
0
0.00038327798558490499
0
0
7.6817446620860199
0
8.7842184175700915
0
9.5915394600299742
11.260301889118626
0
13.034762068009933
0.00052862398834093111
0
0
0
0
0
0
0
10.534547837858861
0
5.312829278903484e-13
4.2323601714590092e-08
0
0
0.10728113481998292
4.8852707431958082
108.60505796201059
7.6080947198444955
2.250365686322696
9.4839830722291847
5.0900651378751851
11.174035782437231
21.522611069634277
1.3005313924081481
14.336181769791553
0.16165522527851856
8.3165845099452884
139.21285498589501
10.116793675609719
140.86023434101367
4.9807731044046797
7.3546943024392943
15.15516159685264
2.7448776141931632
12.041809348149853
3.5065936340076749
208.54967574210971
0
256.38645431631323
0
0
170.17212024722699
195.78402887748442
0.13581577059806466
0
0
116.70619962217117
7.2291984175596733
0
0
9.5160539619486215
0
9.3854837472967816
0
9.4885581672632835
9.4314443082316668
7.4332307774715352
9.9114834653378434
6.4738021746693244
9.820926129929374
1.9679604678575881e-12
8.2878548067670241e-13
11.506551350143907
10.079864620849554
20.618080938434986
20.479563622624656
27.077536153847156
17.389407388647356
13.795652254742619
0.084142981835249611
0
8.7759048194328919
9.3431671927127802
0
0
9.5033998016352932
0
10.184068924930841
0
0
0
0
3.9311571270469599
0
0
0
0
0
0
0
0
0
0
3.2721929554722024e-10
183.07830118129044
7.9274555457564677
0.92933840996821782
6.885365101438313
13.413040902057261
150.40707446078309
7.3677904223603452
10.554137285518619
216.50766761637772
239.5391625500441
14.161472227592938
180.00244751970561
141.16200746801223
11.530955126947413
96.057201469610973
4.9120350018955774
124.62343238699279
2.6723449641786834
18.519478058518544
39.761607855822461
0.03350186687823329
197.45765444343388
0
147.91247770165685
159.1813891349824
2.5943736243783647e-10
11.700466935934013
0
0
0.79988291218464147
0
0
0
0
0
0
9.5002148677270206
9.6857466237760619
0
9.5881292077634068
9.5201985475298052
9.5299982072534259
9.6239463371802323
9.539700577868814
15.507876822420329
0
22.979275828088952
18.391000538873453
12.328622453616076
26.729940596601327
17.273664446127139
18.844925907559237
8.8598707026801975
16.592548193888728
15.421032993438164
0
8.8150980564770141
8.8254163808196182
9.0133127716121422
0
8.1594414752016284
8.6060414329530115
0
0
0
0
0
0
0
0
9.8636604997819681
0
8.1002548270793309
0
0.0019889169965844446
1.7251131123828852e-12
0.016799648725560331
9.1400122133431232
7.4354792507042449
284.68779922088999
7.3446585960107473
124.05167142002888
67.94432391826075
97.470057042931487
105.90519589430703
12.679167441286504
5.6542735103244386
3.2728864863395599
1.324181151455843
15.862141479327699
140.78155949981706
11.074831072876188
160.62232836732144
161.6610064145718
185.87274706348552
0.16645243574153928
14.420760820553035
134.68679892684742
0
132.54906417203662
184.67875849303957
154.54344130400236
194.01941514219516
0
7.3841710785956396
0
0
0.033133776281911047
0
0.05124833608291629
0
0
0
0
0
0
12.199322705296126
12.509908151193505
12.421459987648372
12.485822926476557
1.0896812462405055e-12
12.677797295138914
12.552018767876666
0.0022044518393978907
0
9.1947143279568753
7.9221920439520055
12.792363947785885
14.161247719122548
24.489782483386922
15.597615852059612
24.144364822093248
16.845851766263795
13.883865863388298
16.182449137148428
20.439397584165071
8.5274570215145928
8.4002842852299633
0
0
0
0
0
7.615676704856571
0
8.6822494272690154
0.011986286147983964
0.000580518253519653
0
7.9979389528280889
0
7.7589623351992918
0
7.7263194769612014
7.6472218454561247
7.9440577805304127
0
8.4912477576659722
0
9.0257067753960118
6.1527825781168373
24.099322517460806
9.1217484938545805
4.2088929867475589
6.0677174081280425
100.43164335940824
121.19743230112243
143.72432877408608
159.41118168986003
196.79245493956563
200.04247337692618
186.1102549130421
19.006211868876324
166.66830311975599
160.87325752449979
151.20631860442865
155.04814974586225
164.77759987254476
120.85591479631444
115.48941237262349
0
21.888274288320673
349.85547792842175
0
156.15186363397697
0.34490897716752733
0.043244292613734837
0
0
0
0.21754261764357941
0
0.47229398348864854
0
0
0
16.715121559399105
16.208920560016821
15.666724416746881
0
16.04457128941171
16.002390854934951
0
35.613108893666514
0
31.797045579295443
12.294517312123014
19.161034124612613
19.4608406678059
20.544084662951878
18.849248084102598
14.867991667030637
9.3523813690404314
13.268756179991188
7.4109641405379225
2.0218989260934519
0
0.00015781861402210768
0
8.3073975541403868
7.879123711348055
8.2103970036169507
0
7.5874387505702048
8.3951005821756919
0
231.99380205990889
0
0
0
8.6565363967500275
0
7.8995061806994418
0
5.6757817878159154
6.590479769939523
0
220.39357812764214
7.0378295689028976
144.45387065685242
10.883879711757469
7.6414168782193768
175.8083919937682
8.2556726301539758
142.78813409433727
119.11489097347921
1.1901988177114737
8.6056816510669023
122.86621087174798
7.13891558544075
1.8954802254564942
0.75979287502877202
113.8677490026048
111.20942642637512
8.3076827139752716
107.10414249414696
209.99318216800398
138.82258825904239
177.74896954422758
23.329349742884034
14.101085129189459
179.0547269663216
169.602430102856
185.14751507634639
50.163619890593999
9.8509843343874834
294.15429528245846
0.032941977813758898
0
0.7600643975920045
0.44588865260967708
0
0
0
0
0
10.523428586365126
11.105126018103265
11.350795487654098
10.332188958557504
9.5901089473603864
0
16.103713414574763
9.0130890199870528
16.007742663678822
36.290999417605782
0.8005763777204874
31.424421443272916
21.972359729461758
15.517315980464922
23.479454785310566
21.861433655086834
21.250252494303723
5.4594548221905752
20.679110926889443
12.807155613033483
36.837772027790287
0
10.332954045160983
10.962781740162256
10.41261086800213
0
10.593814627822026
11.508161881180868
0
0
0
0
8.4197677043766088
7.6272247127962096
222.07395717931593
8.1653793503392667
7.8155457928895311
8.737207719371332
6.2195824739047891
234.71948930921653
0.19501309297572927
7.3643998995226179
6.6832223372153932
9.1258090921946167
0
19.837875831799455
0
0.045718318505870936
0.032092237114386239
9.9596154952712723
8.2540566207535466
156.83917827121027
131.5254288732454
151.90175894922547
173.04085985048371
187.14282489985487
12.076894313846763
154.6651261971565
16.038278291563209
25.469296978219699
0.036376463248013087
27.498140652184173
4.2076457662502218
226.51989647850141
184.0876424480912
204.22818677540295
200.14323908303874
0.87182543757486508
48.370875408809241
260.54863566837327
251.42000816612136
4.8506611810503992
6.6638353048136043
0.0020224808760247459
1.7974469656305383e-06
8.3647756918046707e-12
0
0
0
0.18449706455310028
10.356168674594649
0
10.595771674647807
0
11.090139484096813
10.176043829668762
0
10.225781203891289
8.9776538983656895
8.8314885161233168
6.8236804963055127
5.4886106365441782e-12
17.11042323094199
17.370758459765767
3.7765995173287323
9.5805708968597925e-13
14.729874436933656
20.259306300275576
11.624194755620831
19.748051323350236
1.4546826769507727e-12
14.469413801457728
14.643001956315455
14.495042696031632
0
0.022575803171444028
0
9.5515602957004688
11.507805976962171
8.766321181288351
0
181.42255028190067
8.8835781875315956
0.15537810023112672
7.3194801462499877
0.65311840660069065
7.1406272841001197
0
7.9809700772565995
0
0
8.4820129656230403
0
0
193.38045353680613
11.418555833334686
9.5207449736940575
1.8111674917209455
17.936864258679947
4.6900640254740456
8.29167258053387
8.6583432363893189e-13
105.63335110109024
0.093255068582074732
0.065603148457484342
132.33726858611908
194.81305325727891
151.27375840600428
0.026394022676266109
22.46327947137992
117.05099082830611
13.172032450806283
9.9545805647553696
5.9079115941829219
0
204.98817531590717
3.21363352515572
23.078666296263716
0
0
21.804350157761892
68.080478328375577
0
0
0
0
0
6.4679196971272743
0
0
12.773268568954107
0
13.522410348942094
13.581257505388388
0
0
5.7756602987067742
11.652314381690232
20.043102375340531
11.900456311060701
22.760097399100211
21.014637219814961
0.22352002945387447
3.2947892206117902e-12
19.474666927571345
11.922194596129694
19.515481355785592
9.4916961420802419
14.064974634420791
16.255246325520314
0.023459573764473874
9.2895953620972467
0.013984054017288087
0.16103026020939265
10.194956909729305
13.638328203559311
216.091214793185
14.032811606748545
8.7389965883076748
216.04085566326322
13.265772524922481
0
0
208.95623592026806
0
2.9210245439142004e-10
0
0
4.5877668272652903
0
0.29981720045431681
18.841804275370588
0
0
0
0
8.1023202335971938
0
188.03041975435892
15.12086987132623
161.60894685543531
5.9515880169514483
183.72568857373182
3.8523909691864207
131.40817623223103
8.3389369852534987
3.3948654371152453e-11
3.6717756245204383
18.101616942468549
4.2001174750313686
258.15451227454815
6.2535038999133725
0
215.46923217575684
0
2.097328662296175e-10
37.627951719687374
3.8227485857081493
189.19203692938478
3.9415580058805716e-12
7.4143909323511368
0
3.1546567561912142
0
0.60903012419613112
0
0
0
8.7782095770013466
0
15.567461609242541
15.543597067123422
16.404225738537669
0
13.190131912851331
13.040716026985489
13.090727154628025
0
12.869282651270924
22.933389050522333
20.056510516388414
3.1014743281599153
11.730764529435435
19.030297444957505
20.120101531548091
16.35763648796528
11.517926500480559
10.432972137910987
12.03448120594423
13.49061447015573
0.30976402397089692
9.2205311228050988
8.9888562764007993
177.13239716606498
0
198.76077304372066
7.6935197699897593
0
0
208.13652331147262
7.7296219353590683
0
225.26385135379661
0
11.462883724448904
206.65398894998404
0
4.6640907268964753
0
0
0
11.127146796572916
10.077842677903675
215.68202339174718
0.0044510930234601433
188.30934215266737
11.304470288187879
27.553922433280828
5.7070243553477491
7.5681440733207443
2.360095637684092
7.3498805028321446
12.907178528926771
23.481162040582397
10.187726580405522
121.26751841750675
96.857277645285095
148.32599438153417
171.65405453013193
8.3165199801561732e-10
132.97499439541468
0.00039654797511446435
23.324132631005913
0
0.057841929008078656
215.99695295382091
224.73370344466701
245.31727743895851
180.16483947885627
194.9196124055353
0.23902262239895719
0
0
45.316149778424538
0.030440173349104212
0
0
0
0
0
0
15.717931403830386
0
16.404164676302738
15.827120535193037
15.324599171600415
14.875780526654593
15.170956594351635
15.24550830105535
0
0.027029560089775369
20.095770869168074
20.370085022328524
162.62346468586907
214.86797309195393
13.453245661466982
0.47731085685779873
316.25152365036359
299.16932824637132
23.605056770839379
185.57504949506253
216.73058994799095
232.33534896555463
0
146.82948728099342
0
4.0577217614119778
186.74266438099133
0.085241382733762749
211.88277322021349
0
210.43687721420659
6.2767311758785143
0
2.2682126966284864e-11
0
220.03911984999334
5.7500176715000766
7.1197792342460016
0
219.88196794536125
0
0.35434430277869483
0
0.28673808000978523
8.6542363066255934
0
238.45034743825425
1.3045140871884269
0.21077985067113289
15.974905038583559
177.78248905279602
0.010078245790172823
5.0317935600010362
174.90570144296643
141.46593894232774
99.278452633838242
177.18249329900777
13.756805525777482
152.56990484369555
1.5374177544974912
7.3934092353691403
172.23316088660289
2.8751433061349854
0
8.0661036403217015
0
84.656861341104587
151.02135902582614
13.634420292394015
200.68702776708577
25.104050610118932
38.213014407402724
9.8470525963688882
0
5.4688104615300359
0
0
0
0
0
12.412715943032369
0
15.589120063034017
14.638144116624574
0
27.58920779195169
0
31.186328703427058
15.436668313728159
20.815555378668972
42.425322394096519
20.723896688376172
176.22280642281771
154.27822942624965
233.91767829933985
214.90416934306424
75.973686037386344
180.40499777993173
19.502731872445398
155.85553955868431
177.68401927040404
0
6.7139254534287476
6.5671292258873413
8.9171229037377007
176.05544658232873
0
9.4054707651270988
196.5090264235231
0
0
0
200.50818238685841
210.18556236981127
0
0
10.65200360936228
4.6101998218043434
0
0.13547617057101211
13.870156236798936
0
215.32745679792558
0
8.150086456805279e-11
180.64942269418671
0
247.17304297497017
0
0.10138970640757942
106.31966617433518
226.70538200829338
0
8.9345437351160193
7.4196098902530343
1.8794375350958381
6.7232082825453971e-10
150.18090831069296
0.00076917619906171188
193.64953123035065
153.61273288335551
209.78365606858063
28.559168065934607
0
174.58863145733781
9.4842329488143502
1.5664155577122381
56.414288344383529
219.69949433933161
245.54784923860475
0
0
0
0
0
235.54357002084512
0
0
0
8.23219725092593
7.9858544381893264
7.4416321421673697
11.426071126153309
10.160274170349096
9.7639948545665547
10.717126752187463
0
0
14.925627736237475
14.269569763618838
14.442567012112416
273.01268792104224
224.17713950449908
260.87757155327859
259.1490499057868
253.95230353893967
251.00002036402213
251.27276930502833
243.45329976583074
0.017873688545642787
209.78358182440732
10.285973364710888
210.41892292117024
173.41416502015645
8.374937034453108
0
5.9066914237289225
6.5454310777773834
0
0
192.00171780303162
5.8452972650492123
7.783594448750069
10.93315571875269
0
10.158841619776652
0
0
7.4281904340345413e-12
0
201.14001649745029
0
12.794962023937012
13.352120612891426
12.5013172061145
11.726841813307029
0.41655682551797757
0
0
0.085150383533725144
6.3733120901659515
139.85906462125592
99.39912832208519
163.00072187143905
189.38895576834312
3.91779274535486
3.8297235769953626
66.969499522092804
0.081567051366010085
0.49831895071986848
0.4191540737477199
229.98256691396728
254.86974698987243
233.24969649389848
207.98758787225375
50.445778042561606
143.03182689167295
14.529128230187734
4.4544561971761079
254.21214960776106
2.1415164402557232
0
0
0
0
0
0
0
0
8.3256168319121091
8.3741657227152722
6.2742541558457052
0
0
0
5.6476725457572385
0
11.576356741549439
11.673187777714666
28.137827505662255
283.69024552502515
79.184376298941942
231.79402541579594
207.07821881810625
247.08250620008499
208.69549758766652
202.57817819468701
210.1400996825484
236.65039061702757
33.58644242223
13.688944333488053
7.8736869957769242
0.0029839318586815551
159.84003985859351
7.8232865526638804
164.05602877335033
0
0
9.8983488045584114
3.5199092092201565
0
0
0
9.3326141890699024
10.20257015585266
0
0
11.796143464310248
0
0
0
206.43860510403715
0
5.412910345974856
0
0.084498972719483603
0
190.64763967106407
19.040052383076183
0.96432402131529726
0.067083607467801107
0
0
1.7585874059615223
4.3344234535647121
214.61725256904205
168.48242425894796
115.88519263451064
1.5572906825380873e-10
212.35895239089083
24.567652164623063
0.11791504677647506
131.95571438050115
0
260.2923083462731
263.50874714206583
147.34209123598708
6.2830135238588651
14.395877532289894
109.84172517847955
0.44564546336218142
19.427672801098463
0
0
0
217.68055774824725
0
0
0
8.5768868355283363
0
8.0889739003741195
0
8.0175327177609539
8.3103486389648538
0
7.8472023460523266
6.7840226460103343
0
193.33683482069924
0.45533024963633967
204.52387455014068
210.2379807569032
187.2734151794254
225.49231762042487
191.82427090893935
172.81053728427463
169.13594894372471
178.55166854404953
251.97296200461699
7.1948650192161052
8.7575198042132154
0
194.27638659416672
13.36724437248988
225.57455901307674
4.4100872612126123
0
0
211.26340724103221
9.6634827903061229
0.0017863463245409244
2.5440078240719312e-10
0
0
0
10.22653379122168
0.86420579100306794
0
13.231410487081623
0
0
0
0
7.4852001405908348
0
224.8580300395063
0
2.5585649792027112e-13
0
11.870425887246727
3.5362318199133753
150.50186557034169
1.7315659246398658
203.50978511586092
6.6837784166960628
15.814994663596897
17.498716081809807
228.83109639338792
216.21558628028183
6.4992319654880442
152.88511268838189
0
167.48822393394133
10.424794520151293
0.28184875096384382
227.36000257196102
9.8944216872354822
207.98149627513945
0
202.31650983786375
0.26126861614248664
0
1.1036034747242157e-11
0
0
0
0
0
6.5129950099861569
0
7.5512397094990966
0
0
9.0881542750443405
0
273.98348351129022
277.20150208379107
298.50436455275872
237.93374092491757
272.116663319358
142.23402124095554
219.27018233587515
207.32797594630551
213.10040406085685
256.63263353069834
207.08584508838763
242.64417355577072
215.99084717859546
0.015063975565906993
235.6501269873296
173.10929695805646
13.653726024225746
3.8807873176419303
0.001886080813050093
13.580674267149133
15.116866791512074
11.555292393373744
11.298383760842748
0
0
0
193.86617910410655
173.41992929802518
0.022809177597274626
0
0
185.42256091455434
0
209.50048324855933
0
0
0
0
0
0
0
0
1.8170983894338153
0.66003537279266145
0
160.04720139318184
16.107601800396672
194.07935336190172
107.42455625963167
0.44798804900845696
149.57816838776102
1.9591139902586681
164.21291973494971
3.2646006114996513e-09
0.32777096829267899
159.16706217436928
15.214696744934527
7.5990159720689912
191.95793090329894
1.0239533683679019
0
216.20059795244876
3.2185382303744077e-09
153.87100188870104
0.33559630800835155
0
0
2.6423020383193678e-12
0
0
0
0
5.9351645912696922
0
10.036807726360937
0
6.4835512517375617
212.76082622610349
10.233865085877147
9.2720349758365632
278.58973094691191
10.13601229710688
0
218.23380778243356
14.497246335057596
8.594731706617706
217.44750865911951
224.09138808345324
215.15619265703745
185.73913368362716
211.22011777326432
257.12896582643202
256.0458944786028
241.32785121582131
0.01812507411487679
239.14648684162955
5.006858653984998
13.667162401333499
13.300167939561311
11.500021373833972
11.260267840350135
0
0
0
7.6782272809219165
0
0
0.69141153895491747
13.2409197068773
0.027147334147658794
0
6.1515831270472074e-10
0
0
0
10.024396504219153
203.25811547237734
0
0
0.21612809762384544
9.8366712177265629
9.1061360650364076
9.975548189751434
0
9.6228479912770268
38.887653243244905
0.73617213889568989
0
21.027516456536215
2.3520233696254748e-11
0.43501240829420168
168.01062944247983
144.19166542398565
2.5936040593037317
1.4342492568421492
0
271.40535008036028
17.698969815577843
6.4093284337628481e-12
0
1.2387191811648475
5.782666515576414e-12
0
238.28477149782307
0
23.200342692641925
0
0
0
0
0
0
0
0
241.99254887210685
260.37952023348248
10.208052348212773
9.8715617886819
9.7378265982280077
269.24183377321145
0
268.90249455938408
271.77812959800247
225.15148975614923
270.0992172210423
183.61048817739226
241.22886168754005
147.36161014510415
192.17400984384378
10.510166927634318
199.98387528719607
183.16824000834316
240.90611369377899
5.0129670992468833
13.481784438825374
196.36948629181634
197.15697926253384
21.137581011978806
11.198409508850313
0
4.9783451581943208
13.733552022967137
14.034646701741902
12.914926321836202
6.1430005455458912e-12
0
13.261316833751771
0
0
3.0587397363757874e-12
10.957845969808568
0
10.687670079117966
12.484999689678189
0
0.071594229672545501
0
0
8.7030653222586682
0
0
0
0
211.68926659465384
0
0
7.3908838834157633
0.034807011243729452
0
7.0290616681121572
159.83814079024566
0
0
16.465994984428605
5.6549844719561735
0
1.9323628027705664e-10
2.8514389204399159e-10
8.9776138761608593
243.0847919660587
0.013636898963849715
229.52658268455303
0.013335437077866833
0
0.28128350131946278
0
0
0
1.1549639685161311e-11
0
0
0
0
0
2.9576886446544717
0
0
0
0
0
0
0
0
0
0
0
0
0
0
0
0
0
1.9139504155265616
0
0
0
0
0
0
7.4825720421227366
0
5.0613679942165346
0
0
0.13902030538012555
0
0
0
0
0
0
0
0
0.28760908357896059
7.7859525952477666
0
0
3.3507903734031268e-11
0
0
0
0
0
0
0
0.18610141782523806
0
2.7923253111692302e-12
0.0014592158909576124
0
4.842035986496124
0
0
0
0
0.011534573739063709
0
0
0
3.5123094024981465e-12
0
0
0
0
0
0
0
0
0
0
0
0
0
0
0
0
0
0
0
0
0
0
0
0
0
0
0
0
0
0
0
7.4883794391292762
0
0
0
201.70271739559746
0
0
0
0
0
4.663872532848595
0
0
0
0
0
0
0
0.28269901023340538
0
0
0
0
0
0
4.7931246547713009
0
4.4489366321706552
0
0
0.0019114724961398584
0
0
0
0
0
0.24606763188002717
0
0
0
7.101289854731599e-12
0
0
0
0
0
0
3.9524701914706095
0
0
0.37560560632916423
0
0
0
0
5.763141355801138
0
0
0
0
0
0
0
0
0
0
0
0
0
0.42392815331171901
0
0
0.092233451418671925
0
0
0
5.2006816945392682
0
0
0
0
0.014247636705965605
0
0
3.8856608167916482
0
0
0
0
0
0
0
0
0
0
0
0
0
0
0
0
0
0
0.44238280711160322
0.0039163165411833338
7.0247166776843448
2.9502344860131657
0.63189313867884922
0
0
0
0
0
0
0
0
3.1440604117647992
0
0
0
0
0
0
0
0
0
0
0
0
0
0
0
0
0
0
0
0
0
0
0
0
0
0.14303839898602777
6.4458527558021661
0
0
0
0
0
0
0
0
0
0
0
0
0
0
0
0
0
0
0
0
5.7402687762577971
0
0
5.3893191867623456
0
0
0
0
0.075951061514814247
0
0
0
0
0
0
0
0
0
0
0
0
0
0
0
0
0
0
0
0
0
0
0
0
0
0
0
0
0
0
0
0
0
0
0
0
0
0
0
0
0
0
0
0
0
0
0
0
0
0
0
0
0
0
0
0
0
0
0
0
0
0
0
0
0
0
0
0
0
0
0
0
0
0
0
0
0
0
0
0
0
0
0
0
0
0
0
0
0
0
0
0
0
0
0
0
0
0
0
0
0
0
0
0
0
0
0
0
0
4.9320519434602597
0
0
0
0
0
0
0
0
0
0
0
0
0
0
0
0
0
0
0
0
0.00097963415863722343
0
4.4071273700161759
0
6.3680370889413718
0
0
6.3235315011743216
0
0
34.723611696739134
609.36287086102175
0
2005.9304056094052
3.1398551944373689e-09
0
5.0167910108796532e-10
310.65234253151272
0
0
0
3.1115971943305061
0.62703882342972117
4.9246031793250313e-05
0
0
0
0
0
0
0
0
0
0
3.4325306199941283
0
0
0
0
0
6.2342789885746086
0
0
0
0
0
0
0
0
0
0
0
0
0
0
0
0
0
0
0
0
0
0
0
0
0
0
0
0
0
2.600888705645729e-11
0
0
0
0
0
0
0
0
0
0
0
0
0
0
0
0
0
0
27.42415247990747
0
0.14361093764274005
0
0
0
0.00015538373283877424
0
0
0
0
0
0
0
0
0
0
0
0
0
0
0.0070993929220021339
0
0
0.041612559760940429
0
0
0
0
0
0
0
0
0
0
0
0
0
0
0
13.013109617922334
0.0066922448782444615
0
0
0
0
0
0
0
0
0
0.00027066329615938053
0
0
0
0
0
0
0
0
5.2996167192814349e-11
0
0
0
0
0
0
0
2.8129513082883853e-11
0
0
0
0
0
0
0
0
11439.771721723033
0
0
0
0
0
0
0
0
0
0
1.6469844615897224
0
3.6951512057241773
0
0
0
0
0
0
0
11.484636771656353
0
0
7.0748562533496778e-11
0
0
0
2.2475704481622056
175.64731056311726
0.11979572414281363
0
0
0
0
0.25962392447583088
0
1374.4785734733236
0.69810365286541909
473.73543428732745
4.9770465119992364
0
0.00040247381658447618
1.192215529805718e-11
4.8462042525395349e-11
0
0
0
0
0
0
0
0
0
0
0
0
0
0
0
1.6480549423170671e-05
7.8650964249033559e-08
0
0
0
0
0
0
81.679260809771918
0
0
0
0
0
0
0
0.037375753876745389
0.00033805876304348942
0
0
0
0.035067504430333137
48.040096067953975
0
4.2250229266162764e-11
0
0
0
0
0
0
0
0.29007605895942101
0
0.00010332154743654816
0
0
0
0.86096046078483857
0
0
0
0
1.4987453544330069
0
1.7900907517109699e-11
0.0031882286737638546
3.6576655002278565e-11
1196.3310662627759
0
0.19753720607994119
0.55309272063384307
0
0
0
0
0
1470.1555619971439
2.7271173950229617
10065.623123735571
6.6068191184867913e-09
11.215070909962826
0
0.0022992521062218437
0
0
0
0
5.2673493111393226e-09
0
0
0
0
0
0
0
0
0.0013211121490551622
2.2637683658057521
0
0
0
0
1.2985564427288673e-11
40.767356123354638
2.1751713162122246
0
0
5.2713958034689952e-05
0
0
0
0
0
0
0
0.015291417634375373
4.589253645710718
0
0
0
0
4931.4854727996053
0
0.41297582985651216
0
33.121091562621594
17.717044702314571
6.4194092194759285e-11
0.16975789063050761
0
0.00042828425027527595
0
0
0.089435017522740634
0
0
0
0
0.0042520696418267478
0
0.90565862734602331
0
0
1814.5656103021563
0
0
1.3162790202507102
0
0.13586650380844098
0
0
0
0
0.95076655693487977
0
391.27580684939198
0
0
0
0
0
0
1.8548152115470198
0
0
497.72894743175675
0.37522241548540769
0.045075815826758958
0.055769843501431611
0.49960828126490164
0.1233204117878294
0
2.2378409666945663e-11
0
103.26373300320782
1.206460659179077
0
0.72497654709577963
1.8524028000376145
94.938380966607383
0
5.4667660259972468
1.5695808314269495
4.8170796688493039e-10
407.20891455750007
624.80192321979268
39.785864411277984
1.7930652883799063
0.0045662797623650447
86.601994402154673
0
5.4222777245327833
0
293.87928237998386
141.84915700354489
0
0
4.7242682865459686
0.012927332795494944
0
0
0
2197.696238296659
0
3.8483230743885795
0.0009694327964932598
0
5.3713102152394594
0
0
0
0.36078129350274812
2.3743541292287685e-05
0
5.7336844641552804e-11
0
0
0
0
0.21712198419547904
0
0
1071.707255365438
0.90090089486675706
0.00060134590291875223
0
0
0
8.7208340035308915e-12
0
0
0
0.15989879220444456
399.75059048507256
0
39.354740785924925
0
0
1.1372212559612782
0
0
0.0055941107975407646
0.83968466568895961
5.2772798789427012e-11
44.42045213250924
0
0.051477781061102477
1.3988806607862136
100.70590231638035
0.098848839941934566
0.0023651351445554449
0
0
0.013482326440517074
13.174806114710947
0
39.768492826163566
0
0
0.018749684610137277
0.001661711845831594
0
0.0082664055081932523
0.73236313349683857
0
0
1.1935772813610193
0
8.8152557503683432e-06
0.065466446744778806
5.1153500800402101e-07
0
16.477965633403013
0.010113166948407675
0
0
0.081632143219831393
0
0
0
0.00015279519416127915
2.2818777821302167
0
0
0
2.1812476203092506
0.0042818911411791121
0
0
0
2.0876491682389227
0
0
0
0
0
0
0.00017707838740654147
0
0
0
0
1.5431194908618686
0
0
0
0
0
0
0
0.97388600533029368
0.48284795368604094
0
0
0
0
0
0
0
0
0
1.49280220518623
0
0
0
0.024848071811400054
0
0
0.17306394101415998
0
0
0
1335.2770200128716
0.90093081303157097
1247.5287044426682
484.7016591776711
0
0
0.2089041233545238
0
0
0
0.01700077673165382
0
2.9230642318780301e-06
0
65.150574355897703
0
0
0.12969220265635165
1644.8654043150118
0
0.11265180756614948
0
0.79171308704918575
1029.2085488145735
1.5518300943039083
0
3.0421859745363755e-11
0
6.1164809125112951
0.39036088880513503
569.21342811647708
0
14.578438278742304
3076.9973175139535
0
5.1532388529926691e-09
2086.965384221457
1500.5548182001787
3.3087110678305814e-11
0
0
0
48.903734958223119
3.4230658157826319e-11
0.037070475545709497
1.8379794901141895
0
1718.533333783558
1.7696816423806344e-10
484.61308256566645
4224.6730116535482
0
0
0
1.7757130805558152
0
0
764.63077726697657
683.7482484388596
0
0
4.163109775302817
2.8113905013517013
0.093257882759505029
0
0
107.59759070877217
0
0
0
0
1.1420911973296084e-11
0
0
0
0
2.8826594487912117e-11
0
0
0
0
0
0
0
0
0
0
771.28264018785319
758.86893649918409
0
0.009634603298798573
0
0
0.31770568851837711
0.66372788767376456
0
0
69.827342651446443
110.20015035698241
97.03288537816367
0.069746146547057158
0.52693577663612334
0
0
0
27.466938330067794
804.28507359110949
0
53.572079614456399
935.53162694416494
7.8692263165610641e-11
0
1.343757780422678e-11
0
0.29136856100269376
786.43811339448189
0
0.15146381858020569
0.14449582189417146
51.925598304250791
5.9061913924921721e-11
0
206.04189998535139
0
0
0
0
2.0055488436177575
0
0
822.38063456613281
0
0.00088819572707871748
0
4.1795555305671126
3.7424243135639506
1.2134451198702561
0
0
0
0
2.4194680131551616
0
0.16027695770452874
0
0
0
0.00095233890773784578
0
0
0
0
0
0
0
0
0.0069001671603384288
0
124.57387026917888
16.666230851818575
0
291.76156810136109
0
0
0
0.02494394098763441
0
0
0.60498796757266682
0
0
784.63292710620533
0
0
0
0
0
674.92190819338441
3.2624875298965574
0
0
0
1.5825900150599221
2.7683042420466763e-05
0.79349885743394633
2.7873685674066316e-11
0
0
1.5787557662480458
0
0
826.58571124696698
0
8.3619266985610192
233.87731771914545
2084.5190229642085
0
0
0
0
0
0
0
0
0
0.31754329317223529
0
0
0
0
52.074967565346206
0
0
0
0
0
0
0
0
0
1.8321249480902185e-11
0
0
0
0
0.42606980474740647
0
1.1409598500522677
0
0
0
0
0
0
0.14259921120494942
0
78.026587023820611
0
0
0
0
0
0
0
0
0
0
0.86105229340069334
0
0
3.0487434167905736
0
9.1415064876399694e-11
0
0
1.0266359153095606
0.99190304524576389
0
0
0
2.7304295862659833
0.42399445429133997
0
0
0.26350817082385403
0.040744765367733693
1.2156913165205825e-11
0
0
0
0
0
0
0
0
0
0
0
0
0.00032652024050330213
0
0.023744787827555118
0
0
0
27.885230178478139
199.16490227440946
0
0.88406778127722174
0
0
926.00384005121873
0
4.2098932657121901
4.1485587401299694e-07
0.3389666023570797
0
0.31163424266917178
0
2.8665493685708623
0
3.7339951143858365
171.77975501155268
2.759262738379856
189.30709764871693
0
0
0.20421259993638421
0
0
0.0039252356863524497
0
0
510.90707944211221
1.5898936254371084e-11
213.04627493145162
0
52.244122382259327
0
0
0.15789939318340251
0
0
0.39495024520602906
1147.5237550429638
0
0
0
0
0
0.00067607323743589952
0
0.92971943514290023
0
0
0
2.4804553315469193
0
2.0771637943832932e-11
0
0
0
0
1.0934321752892886e-11
1.1045715951363722e-11
1.8499876723338586
0
0
0
0
0
0
0
0
0
0
0
0
0
0
0
0
0
1.1639978849866637e-07
0
0
0
0
0
0
0.055595997003914287
0
0
0.012060033078268501
0
0
0
0
0
0
1.3728592121658543
0
0
0
0
0
0
0
0
0
0.030375548273411317
0
0
0
0
0.10112743236929812
0
0
0
0
0
0
0
1.8617222603674432e-11
0
0
0
0.43168599291495902
0
0
0
0
0
0
0
0
0
6.2107005105262122e-11
0
0
0.15922252917459526
0
0
0
0
0
0.23865254825860033
0
0
0
0
0.00036449333287496172
0
0
0
0
0
0
0.054012176722911615
0
0
0
0
0
0
0
0
0
0
0
0
0
0
0
0
0
0
0
0
0
0.0022264043489773873
0.075292507795452032
0
0
0
0
0
0
0
0
0
0
14.199985727746357
0.44008559774747935
0
3.3849373953544344
0.0065996642080574331
0.54894820781966214
2.830834096135071e-05
0
1.6655135969929355e-11
2.224354685830912
0
0
0
1.6907252792827674
0
0
0
0
2.1364350902118225
1.3003901507932199e-11
0
0
0.5497677888170871
538.09641200638021
0.097860041971975203
0
0.46455807465471077
0
0
0.028090030313917495
0.071376260606220251
0
2.5943156667481033
0
0.57838307558183977
1082.6233593316181
0
0
0.63501753166952946
5.5601748254334803e-06
1.7048771546702013e-11
1244.3760943315606
0
0
2.9642018759565691
0
0
0
2.036166763749657
0
0.042447360601689604
0
0
0
0
0
0
0
0
0
0
0
0
0
0
0
0
0
0
0
0
0
0
0
0
0
0
0
0
0.166714812776457
0
0
0
0
0
0
0
0
0
0
0
0
0
0
0
0
0
0.12142031031190878
0
0
0
0
0
0
0
0
0
0
0
0
0
0
7.0137744869383761e-11
0
0
0
0
0
0
0
0
0
1.9040059974761549e-11
0
0
0
0
0
0
0
0
0
0
0
0
0
0
0
0
0
0
0
0
0
0
0
0
0
0
0
0
0
0
0
0
0
0
0
0
0
0
0
0
0
0
0
0
0
0
0
0
0
0
0
0
0
0
0
0
0
0
0
0
0
0
0
0
0
0
4.1780325204441464
0
0
0
0
0
0
0
0
0
0
0.7427496384408756
0
0
0
0
6.8742790958106913e-05
0.00020223912143496508
0
0
0
6.0756643624628844e-12
0
0
0.947468805044138
0
3.5229707378460691
0
0
0
0.008196061641799212
0
0.57871952233622181
0.098933737532806848
0.018968453160245136
0
0.013525427680145171
1.5182966899032518e-11
17.916699036083237
0
0
0
0
1108.5694553130847
2.027074810046135e-09
0
269.64695521550948
0.76230806529887873
0
0
0
0
0
0
0
0
0
0.0028449416632027559
0
0
0
0
0
0
0
0
0
0
0
0
0
0
0
0
0
0
0
0
0
0
0
0
0
0
0
0
0
0
0
0
0
0
0
0
0
0
0
0
0
0
0
0
0
0
0
0
0
0
0
0
0
0
0
0
0
0
0
0
0
0
0
0
0
0
0
0
0
0
0
0
0
0
0
0
0
0
0
0
0
0
0
0
0
0
0
0
0
0
0
0
0
0
0
0
0
0
0
0
0
0
0
0
0
0
0
0
0
0
0
0
0
0
0
0
0
0
0
0
0
0
0
0
0
0
0
0
0
0
0
0
0
0
0
0
0
0
0
0
0
0
0
0
4.4898300845683741
0
0
0
0
0
0
0
0
2.595108382826294
0
0
1.7417998599082869
507.58916195578252
3.6212480847214792
0
51.103279208972339
0
68.625413828587583
0
0
0.10634632412051617
0
0
0
0
1.7008834850808788e-09
0
0
0
0
0
0.50248397892030594
0
0
0
0
0
0
0
0
0
8.6202372729508576e-12
0
0
0
0
0
0
0
0
0
0
0
0
0
0
0
0
0
0
0
0
0
0
0
0
0
0
0
0
0
0
0
0
0
0
0
0
0
0
0
0
0
0
0
0
0
0
0
0
0
0
0
0
0
0
0
0
0
0
0
0
0
0
0
0
0
0
0
0
0
3.5787624008041958e-11
0
0
0
0
0
0
0
0
0
0
0
0
0
0
0
0
0
0
0
0
0
0
0
0
0
0
0
0
0
0
0
0
0
0
0
0
0
0
0
0
0
0
0
0
0
0
0
0
0
0
0
0
0
0
0
0
0
0
0
0
0
0
0
0
0
0
0
0
0
0
0
0
0
0
0
0
0
0
0
0
0
0
0
0
0
0
0
0
0
0
0
0
0
0
3.7700118925650382e-06
0
0
0
0
0.006726065332858298
0
5.9631087476519203e-12
0
0.58328788588805425
645.20040217731992
0
0
0
1.6088674655522444
1.3086934250458739
0
0
0
0
0.00057432685202131115
0
0
0
0
0
0
0
0
0
0
0
0
0
0
0
0
0
0
0
0
0
0
0
0
0
0
0
0
0
0
0
0
0
0
0
0
0
0
0
0
0
0
0
0
0
0
0
0
0
0
0
0
0
0
0
0
0
0
0
0
0
0
0
0
0
0
0
0
0
0
0
0
0
0
0
0
0
0
0
0
0
0
0
0
0
0
0
0
0
0
0
0
0
0
0
0
0
0
0
0
0
0
0
0
0
0
0
0
0
0
0
0
0
0
0
0
0
0
0
0
0
0
0
0
0
0
0
0
0
0
0
0
0
0
0
0
0
0
0
0
0
0
0
0
0
0
0
0
0
0
0
0
0
0
0
0
0
0
0
0
0
0
0
0
0
0
0
0
0
0
0
0
0
0
0
0
0
0
1.8504264185618858e-11
0
0.096024576218020546
0
0
0.21511336002255277
0
0
0
0
0
0
0
0
0
0
0
0
0
0
0
0
0
0
0
0
0
0
0
0
0
0
0
0
0
0
0
0
0
0
0
0
0
0
0
0
0
0
0
0
0
0
0
0
0
0
0
0
0
0
0
0
0
0
0
0
0
0
0
0
0
0
0
0
0
0
0
0
0
0
0
0
0
0
0
0
0
0
0
0
0
0
0
0
0
0
0
0
0
0
0
0
0
0
0
0
0
0
0
0
0
0
0
0
0
0
0
0
0
0
0
0
0
0
0
0
0
0
0
0
0
0
0
0
0
0
0
0
0
0
0
0
0
0
0
0
0
0
0
0
0
0
0
0
0
0
0
0
0
0
0
0
0
0
0
0
0
0
0
0
0
0
0
0
0
0
0
0
0
0
0
0
0
0
0
0
0
0
0
0
0
0
0
0
0
0
0
0
4.8233588247991506
0
0
0
0
0
0
0
0
1.1756079359020978e-11
0
0
0
0
0.19606376220418387
0
0
0
0
0
0
0
0
0
0
0
0
0
0
0
0
0
0
0
0
0
0
0
0
0
0
0
0
0
0
0
0
0
0
0
0
0
0
0
0
0
0
0
0
0
0
0
0
0
0
0
0
0
0
0
0
0
0
0
0
0
0
0
0
0
0
0
0
0
0
0
0
0
0
0
0
0
0
0
0
0
0
0
0
0
0
0
0
0
0
0
0
0
0
0
0
0
0
0
0
0
0
0
0
0
0
0
0
0
0
0
0
0
0
0
0
0
0
0
0
0
0
0
0
0
0
0
0
0
0
0
0
0
0
0
0
0
0
0
0
0
0
0
0
0
0
0
0
0
0
0
0
0
0
0
0
0
0
0
0
0
0
0
0
0
0
0
0
0
0
0
0
0
0
0
0
0
0
0
4.3383457619998875
0
304.75093496329907
0
0
0
0.081455243147956657
6.2858509619311649e-05
0
0
0
0
0
0
0
0
0
0
0
0
0
0
0
0
0
0
0
0
0
0
0
0
0
0
0
0
0
0
0
0
0
0
0
0
0
0
0
0
0
0
0
0
0
0
0
0
0
0
0
0
0
0
0
0
0
0
0
0
0
0
0
0
0
0
0
0
0
0
0
0
0
0
0
0
0
0
0
0
0
0
0
0
0
0
0
0
0
0
0
0
0
0
0
0
0
0
0
0
0
0
0
0
0
0
0
0
0
0
0
0
0
0
0
0
0
0
0
0
0
0
0
0
0
0
0
0
0
0
0
0
0
0
0
0
0
0
0
0
0
0
0
0
0
0
0
0
0
0
0
0
0
0
0
0
0
0
0
0
0
0
0
0
0
0
0
0
0
0
0
0
0
0
0
0
0
0
0
0
0
0
0
0
0
0
0
0
0
0
0
0
0
0.0022344361236583741
0
0
0
0
0
0
0
0
0
0
0
0
0
0
0
0
0
0
0
0
0
0
0
0
0
0
0
0
0
0
0
0
0
0
0
0
0
0
0
0
0
0
0
0
0
0
0
0
0
0
0
0
0
0
0
0
0
0
0
0
0
0
0
0
0
0
0
0
0
0
0
0
0
0
0
0
0
0
0
0
0
0
0
0
0
0
0
0
0
0
0
0
0
0
0
0
0
0
0
0
0
0
0
0
0
0
0
0
0
0
0
0
0
0
0
0
0
0
0
0
0
0
0
0
0
0
0
0
0
0
0
0
0
0
0
0
0
0
0
0
0
0
0
0
0
0
0
0
0
0
0
0
0
0
0
0
0
0
0
0
0
0
0
0
0
0
0
0
0
0
0
0
0
0
0
0
0
0
0
0
0
0
0
0
0
0
0
0
0
0
0
0
0
0
0
0
0
0
0
0
0
0
0
0
0
0
0
0
0
0
0
0
0
0
0
0
0
0
0
0
0
0
0
0
0
0
0
0
0
0
0
0
0
0
0
0
0
0
0
0
0
0
0
0
0
0
0
0
0
0
0
0
0
0
0
0
0
0
0
0
0
0
0
0
0
0
0
0
0
0
0
0
0
0
0
0
0
0
0
0
0
0
0
0
0
0
0
0
0
0
0
0
0
0
0
0
0
0
0
0
0
0
0
0
0
0
0
0
0
0
0
0
0
0
0
0
0
0
0
0
0
0
0
0
0
0
0
0
0
0
0
0
0
0
0
0
0
0
0
0
0
0
0
0
0
0
0
0
0
0
0
0
0
0
0
0
0
0
0
0
0
0
0
0
0
0
0
0
0
0
0
0
0
0
0
0
0
0
0
0
0
0
0
0
0
0
0
0
0
0
0
0
0
0
0
0
0
0
0
0
0
0
0
0
0
0
0
0
0
0
0
0
0
0
0
0
0
0
0
0
0
0
0
0
0
0
0
0
0
0
0
0
0
0
0
0
0
0
0
0
0
0
0
0
0
0
0
0
0
0
0
0
0
0
0
0
0
0
0
0
0
0
0
0
0
0
0
0
0
0
0
0
0
0
0
0
0
0
0
0
0
0
0
0
0
0
0
0
0
0
0
0
0
0
0
0
0
0
0
0
0
0
0
0
0
0
0
0
0
0
0
0
0
0
0
0
0
0
0
0
0
0
0
0
0
0
0
0
0
0
0
0
0
0
0
0
0
0
0
0
0
0
0
0
0
0
0
0
0
0
0
0
0
0
0
0
0
0
0
0
0
0
0
0
0
0
0
0
0
0
0
0
0
0
0
0
0
0
0
0
0
0
0
0
0
0
0
0
0
0
0
0
0
0
0
0
0
0
0
0
0
0
0
0
0
0
0
0
0
0
0
0
0
0
0
0
0
0
0
0
0
0
0
0
0
0
0
0
0
0
0
0
0
0
0
0
0
0
0
0
0
0
0
0
0
0
0
0
0
0
0
0
0
0
0
0
0
0
0
0
0
0
0
0
0
0
0
0
0
0
0
0
0
0
0
0
0
0
0
0
0
0
0
0
0
0
0
0
0
0
0
0
0
0
0
0
0
0
0
0
0
0
0
0
0
0
0
0
0
0
0
0
0
0
0
0
0
0
0
0
0
0
0
0
0
0
0
0
0
0
0
0
0
0
0
0
0
0
0
0
0
0
0
0
0
0
0
0
0
0
0
0
0
0
0
0
0
0
0
0
0
0
0
0
0
0
0
0
0
0
0
0
0
0
0
0
0
0
0
0
0
0
0
0
0
0
0
0
0
0
0
0
0
0
0
0
0
0
0
0
0
0
0
0
0
0
0
0
0
0
0
0
0
0
0
0
0
0
0
0
0
0
0
0
0
0
0
0
0
0
0
0
0
0
0
0
0
0
0
0
0
0
0
0
0
0
0
0
0
0
0
0
0
0
0
0
0
0
0
0
0
0
0
0
0
0
0
0
0
0
0
0
0
0
0
0
0
0
0
0
0
0
0
0
0
0
0
0
0
0
0
0
0
0
0
0
0
0
0
0
0
0
0
0
0
0
0
0
0
0
0
0
0
0
0
0
0
0
0
0
0
0
0
0
0
0
0
0
0
0
0
0
0
0
0
0
0
0
0
0
0
0
0
0
0
0
0
0
0
0
0
0
0
0
0
0
0
0
0
0
0
0
0
0
0
0
0
0
0
0
0
0
0
0
0
0
0
0
0
0
0
0
0
0
0
0
0
0
0
0
0
0
0
0
0
0
0
0
0
0
0
0
0
0
0
0
0
0
0
0
0
0
0
0
0
0
0
0
0
0
0
0
0
0
0
0
0
0
0
0
0
0
0
0
0
0
0
0
0
0
0
0
0
0
0
0
0
0
0
0
0
0
0
0
0
0
0
0
0
0
0
0
0
0
0
0
0
0
0
0
0
0
0
0
0
0
0
0
0
0
0
0
0
0
0
0
0
0
0
0
0
0
0
0
0
0
0
0
0
0
0
0
0
0
0
0
0
0
0
0
0
0
0
0
0
0
0
0
0
0
0
0
0
0
0
0
0
0
0
0
0
0
0
0
0
0
0
0
0
0
0
0
0
0
0
0
0
0
0
0
0
0
0
0
0
0
0
0
0
0
0
0
0
0
0
0
0
0
0
0
0
0
0
0
0
0
0
0
0
0
0
0
0
0
0
0
0
0
0
0
0
0
0
0
0
0
0
0
0
0
0
0
0
0
0
0
0
0
0
0
0
0
0
0
0
0
0
0
0
0
0
0
0
0
0
0
0
0
0
0
0
0
0
0
0
0
0
0
0
0
0
0
0
0
0
0
0
0
0
0
0
0
0
0
0
0
0
0
0
0
0
0
0
0
0
0
0
0
0
0
0
0
0
0
0
0
0
0
0
0
0
0
0
0
0
0
0
0
0
0
0
0
0
0
0
0
0
0
0
0
0
0
0
0
0
0
0
0
0
0
0
0
0
0
0
0
0
0
0
0
0
0
0
0
0
0
0
0
0
0
0
0
0
0
0
0
0
0
0
0
0
0
0
0
0
0
0
0
0
0
0
0
0
0
0
0
0
0
0
0
0
0
0
0
0
0
0
0
0
0
0
0
0
0
0
0
0
0
0
0
0
0
0
0
0
0
0
0
0
0
0
0
0
0
0
0
0
0
0
0
0
0
0
0
0
0
0
0
0
0
0
0
0
0
0
0
0
0
0
0
0
0
0
0
0
0
0
0
0
0
0
0
0
0
0
0
0
0
0
0
0
0
0
0
0
0
0
0
0
0
0
0
0
0
0
0
0
0
0
0
0
0
0
0
0
0
0
0
0
0
0
0
0
0
0
0
0
0
0
0
0
0
0
0
0
0
0
0
0
0
0
0
0
0
0
0
0
0
0
0
0
0
0
0
0
0
0
0
0
0
0
0
0
0
0
0
0
0
0
0
0
0
0
0
0
0
0
0
0
0
0
0
0
0
0
0
0
0
0
0
0
0
0
0
0
0
0
0
0
0
0
0
0
0
0
0
0
0
0
0
0
0
0
0
0
0
0
0
0
0
0
0
0
0
0
0
0
0
0
0
0
0
0
0
0
0
0
0
0
0
0
0
0
0
0
0
0
)
;

boundaryField
{
    inlet
    {
        type            zeroGradient;
    }
    outlet
    {
        type            zeroGradient;
    }
    wall
    {
        type            zeroGradient;
    }
    wedgeBack
    {
        type            wedge;
    }
    wedgeFront
    {
        type            wedge;
    }
    defaultFaces
    {
        type            empty;
    }
}


// ************************************************************************* //
