/*--------------------------------*- C++ -*----------------------------------*\
  =========                 |
  \\      /  F ield         | OpenFOAM: The Open Source CFD Toolbox
   \\    /   O peration     | Website:  https://openfoam.org
    \\  /    A nd           | Version:  10
     \\/     M anipulation  |
\*---------------------------------------------------------------------------*/
FoamFile
{
    format      ascii;
    class       volVectorField;
    location    "0.00027";
    object      U;
}
// * * * * * * * * * * * * * * * * * * * * * * * * * * * * * * * * * * * * * //

dimensions      [0 1 -1 0 0 0 0];

internalField   nonuniform List<vector> 
100
(
(0.90967294033648 -1.4618748083078e-22 -1.4618748083078e-22)
(0.90966519881437 1.4101090925352e-22 1.4101090925352e-22)
(0.90966371818858 3.8389123299361e-22 3.8389123299361e-22)
(0.90965789604512 4.3184834452576e-22 4.3184834452576e-22)
(0.90965037704729 3.4011337110165e-22 3.4011337110165e-22)
(0.90963848700591 -2.4589248408304e-23 -2.4589248408304e-23)
(0.909622329008 -2.5101507832253e-22 -2.5101507832253e-22)
(0.90960815101933 -2.1696228491018e-22 -2.1696228491018e-22)
(0.90959967557072 9.0610292218476e-23 9.0610292218476e-23)
(0.90959543173153 7.6997608643914e-23 7.6997608643914e-23)
(0.90959359554884 -4.6056413722799e-23 -4.6056413722799e-23)
(0.90959289464258 -1.360266262672e-22 -1.360266262672e-22)
(0.90959265498894 -5.6704948121918e-23 -5.6704948121918e-23)
(0.90959258071185 2.4885587846795e-22 2.4885587846795e-22)
(0.90959255964283 2.3571013213581e-22 2.3571013213581e-22)
(0.90959255413097 2.2687072809092e-22 2.2687072809092e-22)
(0.90959255279233 -7.862672556343e-23 -7.862672556343e-23)
(0.90959255248874 -1.553156710597e-22 -1.553156710597e-22)
(0.90959255242431 4.1843244177099e-23 4.1843244177099e-23)
(0.90959255241143 -1.7015514950891e-22 -1.7015514950891e-22)
(0.90959255240894 -1.5142058597427e-22 -1.5142058597427e-22)
(0.90959255240851 1.5044466901958e-23 1.5044466901958e-23)
(0.90959255240846 -1.6472800344626e-23 -1.6472800344626e-23)
(0.90959255240848 2.4505613935949e-22 2.4505613935949e-22)
(0.90959255240847 1.4301018614261e-22 1.4301018614261e-22)
(0.90959255240847 -2.3148071917148e-22 -2.3148071917148e-22)
(0.90959255240847 -3.2224094857214e-22 -3.2224094857214e-22)
(0.90959255240847 -2.0254766770372e-22 -2.0254766770372e-22)
(0.90959255240844 8.6503219124174e-23 8.6503219124174e-23)
(0.90959255240846 8.1769903610859e-23 8.1769903610859e-23)
(0.90959255240846 2.0703806433624e-23 2.0703806433624e-23)
(0.90959255240847 -6.0772817754918e-23 -6.0772817754918e-23)
(0.90959255240846 9.0508046754009e-23 9.0508046754009e-23)
(0.90959255240847 6.4578303971435e-23 6.4578303971435e-23)
(0.90959255240844 -1.9141171492498e-22 -1.9141171492498e-22)
(0.90959255240847 6.1955405278646e-23 6.1955405278646e-23)
(0.90959255240846 3.6027701112723e-22 3.6027701112723e-22)
(0.90959255240847 -7.058965671776e-23 -7.058965671776e-23)
(0.90959255240846 -2.2029899985562e-22 -2.2029899985562e-22)
(0.90959255240848 1.3640386670655e-22 1.3640386670655e-22)
(0.90959255240845 2.5801760338844e-22 2.5801760338844e-22)
(0.90959255240846 8.7483583175811e-24 8.7483583175811e-24)
(0.90959255240847 -1.3612324254008e-22 -1.3612324254008e-22)
(0.90959255240847 -1.7893194563538e-22 -1.7893194563538e-22)
(0.90959255240846 -2.1397307294426e-22 -2.1397307294426e-22)
(0.90959255240848 -2.3262630360367e-22 -2.3262630360367e-22)
(0.90959255240845 1.0561300554557e-22 1.0561300554557e-22)
(0.90959255240846 2.3587079172992e-22 2.3587079172992e-22)
(0.90959255240847 1.8097949913086e-22 1.8097949913086e-22)
(0.90959255240847 2.4583449336078e-22 2.4583449336078e-22)
(0.90959255240847 3.2000558953138e-23 3.2000558953138e-23)
(0.90959255240847 4.2053856526492e-23 4.2053856526492e-23)
(0.90959255240847 3.0249769768905e-23 3.0249769768905e-23)
(0.90959255240847 7.249584064362e-23 7.249584064362e-23)
(0.90959255240847 1.0025436397586e-22 1.0025436397586e-22)
(0.90959255240847 -1.606252621703e-22 -1.606252621703e-22)
(0.90959255240846 -3.6987103983318e-22 -3.6987103983318e-22)
(0.90959255240846 -4.6884554046849e-22 -4.6884554046849e-22)
(0.90959255240845 3.5634406323731e-23 3.5634406323731e-23)
(0.90959255240846 3.5819708649271e-22 3.5819708649271e-22)
(0.90959255240844 -5.7560182952341e-23 -5.7560182952341e-23)
(0.90959255240846 -9.2830021165716e-23 -9.2830021165716e-23)
(0.90959255240844 1.0863726945845e-22 1.0863726945845e-22)
(0.90959255240846 1.0853105674992e-22 1.0853105674992e-22)
(0.90959255240844 -7.6803521459883e-24 -7.6803521459883e-24)
(0.90959255240846 -3.3306012056649e-22 -3.3306012056649e-22)
(0.90959255240844 -2.0766888773587e-22 -2.0766888773587e-22)
(0.90959255240845 -7.5551042799752e-24 -7.5551042799752e-24)
(0.90959255240844 -9.7511470934185e-23 -9.7511470934185e-23)
(0.90959255240846 4.2559000642007e-22 4.2559000642007e-22)
(0.90959255240844 4.3453264682831e-22 4.3453264682831e-22)
(0.90959255240846 -3.4304904646907e-22 -3.4304904646907e-22)
(0.90959255240847 -1.837649100401e-22 -1.837649100401e-22)
(0.90959255240846 5.1241262209715e-23 5.1241262209715e-23)
(0.90959255240844 1.6967207728032e-22 1.6967207728032e-22)
(0.90959255240846 5.3729266384797e-22 5.3729266384797e-22)
(0.90959255240847 1.1548347483067e-22 1.1548347483067e-22)
(0.90959255240842 -2.7033073376985e-22 -2.7033073376985e-22)
(0.90959255240807 -1.3646217672818e-22 -1.3646217672818e-22)
(0.90959255240593 -1.0340961469949e-22 -1.0340961469949e-22)
(0.90959255239374 -1.7474111721848e-22 -1.7474111721848e-22)
(0.90959255232854 -7.5580140577348e-23 -7.5580140577348e-23)
(0.90959255199894 -1.761059467597e-23 -1.761059467597e-23)
(0.90959255043158 -2.2487791816022e-22 -2.2487791816022e-22)
(0.90959254343297 -7.9608917245978e-23 -7.9608917245978e-23)
(0.90959251424876 3.7024723693096e-23 3.7024723693096e-23)
(0.90959240115929 1.3035838056679e-22 1.3035838056679e-22)
(0.90959199631982 2.0012811038355e-22 2.0012811038355e-22)
(0.90959066639939 -3.7254311392781e-23 -3.7254311392781e-23)
(0.90958668785758 -8.5406043784129e-24 -8.5406043784129e-24)
(0.90957594617943 -7.5084081998806e-23 -7.5084081998806e-23)
(0.90955002284945 -2.2842098096412e-23 -2.2842098096412e-23)
(0.90949472182232 7.1879509150645e-23 7.1879509150645e-23)
(0.90939153430339 5.361017792416e-23 5.361017792416e-23)
(0.90922510212358 2.0792836576058e-22 2.0792836576058e-22)
(0.90899148042058 2.9228939203902e-23 2.9228939203902e-23)
(0.90870806605272 -1.3880440221994e-22 -1.3880440221994e-22)
(0.90835976975391 -1.1576535329017e-22 -1.1576535329017e-22)
(0.9081637033122 -2.9499855568534e-22 -2.9499855568534e-22)
(0.90733888161123 -4.3451787751724e-22 -4.3451787751724e-22)
)
;

boundaryField
{
    left
    {
        type            zeroGradient;
    }
    right
    {
        type            zeroGradient;
    }
    sides
    {
        type            empty;
    }
}


// ************************************************************************* //
