/*--------------------------------*- C++ -*----------------------------------*\
  =========                 |
  \\      /  F ield         | OpenFOAM: The Open Source CFD Toolbox
   \\    /   O peration     | Website:  https://openfoam.org
    \\  /    A nd           | Version:  10
     \\/     M anipulation  |
\*---------------------------------------------------------------------------*/
FoamFile
{
    format      ascii;
    class       volVectorField;
    location    "0.00027";
    object      Us;
}
// * * * * * * * * * * * * * * * * * * * * * * * * * * * * * * * * * * * * * //

dimensions      [0 1 -1 0 0 0 0];

internalField   nonuniform List<vector> 
100
(
(0.9049630632536 -1.0536172616423e-22 -1.0536172616423e-22)
(0.9049487819484 8.8236811165169e-23 8.8236811165169e-23)
(0.90494553960564 2.9264459486549e-22 2.9264459486549e-22)
(0.90493592781012 3.3248401803423e-22 3.3248401803423e-22)
(0.90492511352849 2.5777102103253e-22 2.5777102103253e-22)
(0.90491275274807 -4.563053287528e-23 -4.563053287528e-23)
(0.90490189207126 -1.1968692699377e-22 -1.1968692699377e-22)
(0.9048949831111 -9.5372966141734e-23 -9.5372966141734e-23)
(0.90489146626079 -6.8324905284262e-23 -6.8324905284262e-23)
(0.90488991892097 1.2648954135294e-22 1.2648954135294e-22)
(0.90488931895931 1.5192328479257e-22 1.5192328479257e-22)
(0.90488911079275 -9.7938132427667e-23 -9.7938132427667e-23)
(0.90488904539509 -1.2598907483119e-22 -1.2598907483119e-22)
(0.90488902661118 1.0331689966258e-22 1.0331689966258e-22)
(0.9048890216397 1.5152757703292e-22 1.5152757703292e-22)
(0.9048890204193 1.6010387528985e-22 1.6010387528985e-22)
(0.90488902013982 7.7598487280531e-23 7.7598487280531e-23)
(0.9048890200798 -5.7773165193973e-23 -5.7773165193973e-23)
(0.9048890200677 -8.1147677160502e-23 -8.1147677160502e-23)
(0.9048890200654 -1.6208162429133e-22 -1.6208162429133e-22)
(0.90488902006499 -8.8607126194271e-23 -8.8607126194271e-23)
(0.90488902006492 4.6280026199868e-23 4.6280026199868e-23)
(0.90488902006492 4.8285780755402e-23 4.8285780755402e-23)
(0.90488902006493 5.7678830725299e-23 5.7678830725299e-23)
(0.90488902006492 -1.0081976263644e-22 -1.0081976263644e-22)
(0.90488902006492 -2.0723281377494e-22 -2.0723281377494e-22)
(0.90488902006492 -1.0563946558117e-22 -1.0563946558117e-22)
(0.90488902006492 -2.5596694787687e-23 -2.5596694787687e-23)
(0.9048890200649 1.0908325100523e-23 1.0908325100523e-23)
(0.90488902006491 6.9098673617633e-23 6.9098673617633e-23)
(0.90488902006491 1.2562211865623e-22 1.2562211865623e-22)
(0.90488902006492 -3.1490444177472e-23 -3.1490444177472e-23)
(0.90488902006491 4.9108538671247e-23 4.9108538671247e-23)
(0.90488902006492 7.3694828881062e-23 7.3694828881062e-23)
(0.9048890200649 -2.4633313622457e-22 -2.4633313622457e-22)
(0.90488902006492 -5.9961601344447e-23 -5.9961601344447e-23)
(0.90488902006491 2.5231717351371e-22 2.5231717351371e-22)
(0.90488902006492 5.562571418837e-23 5.562571418837e-23)
(0.90488902006491 2.3380329676315e-23 2.3380329676315e-23)
(0.90488902006493 2.5779384029494e-22 2.5779384029494e-22)
(0.90488902006491 2.180620838785e-22 2.180620838785e-22)
(0.90488902006491 -2.459126376438e-22 -2.459126376438e-22)
(0.90488902006492 -2.468990517039e-22 -2.468990517039e-22)
(0.90488902006492 -4.7199825530906e-23 -4.7199825530906e-23)
(0.90488902006491 -1.0199918526664e-22 -1.0199918526664e-22)
(0.90488902006492 -1.4761745056049e-22 -1.4761745056049e-22)
(0.90488902006491 5.1261372424205e-25 5.1261372424205e-25)
(0.90488902006491 1.3435407136093e-22 1.3435407136093e-22)
(0.90488902006492 1.5160774087068e-22 1.5160774087068e-22)
(0.90488902006492 7.7242738124131e-23 7.7242738124131e-23)
(0.90488902006492 -5.0431819111989e-23 -5.0431819111989e-23)
(0.90488902006492 3.7211215685482e-23 3.7211215685482e-23)
(0.90488902006492 1.8244873746252e-22 1.8244873746252e-22)
(0.90488902006492 2.1756147779259e-22 2.1756147779259e-22)
(0.90488902006492 1.0119018093758e-22 1.0119018093758e-22)
(0.90488902006492 -1.5444771898588e-22 -1.5444771898588e-22)
(0.90488902006491 -3.7031779874396e-22 -3.7031779874396e-22)
(0.90488902006491 -3.2001837652855e-22 -3.2001837652855e-22)
(0.9048890200649 -7.0748281308452e-23 -7.0748281308452e-23)
(0.90488902006491 7.4461981560895e-23 7.4461981560895e-23)
(0.9048890200649 4.7598824200418e-23 4.7598824200418e-23)
(0.90488902006491 -5.9241110514343e-23 -5.9241110514343e-23)
(0.9048890200649 -7.7662933457844e-24 -7.7662933457844e-24)
(0.90488902006491 1.5405588665144e-22 1.5405588665144e-22)
(0.9048890200649 -1.7947157327564e-23 -1.7947157327564e-23)
(0.90488902006491 -2.6788632330148e-22 -2.6788632330148e-22)
(0.9048890200649 -1.2363874114654e-22 -1.2363874114654e-22)
(0.90488902006491 -1.0250382786253e-22 -1.0250382786253e-22)
(0.9048890200649 -1.1097393559409e-22 -1.1097393559409e-22)
(0.90488902006491 3.6994064900663e-22 3.6994064900663e-22)
(0.90488902006489 3.8053056039488e-22 3.8053056039488e-22)
(0.90488902006491 -3.3167931653521e-23 -3.3167931653521e-23)
(0.90488902006492 -8.2269726005056e-23 -8.2269726005056e-23)
(0.90488902006491 -4.8141332997627e-23 -4.8141332997627e-23)
(0.9048890200649 1.5781261477732e-22 1.5781261477732e-22)
(0.90488902006491 3.1346558683679e-22 3.1346558683679e-22)
(0.90488902006492 5.276901153326e-24 5.276901153326e-24)
(0.90488902006491 -1.2163612971893e-22 -1.2163612971893e-22)
(0.90488902006485 6.2698811610298e-24 6.2698811610298e-24)
(0.90488902006452 -5.7901627531673e-23 -5.7901627531673e-23)
(0.90488902006246 -9.620538808597e-23 -9.620538808597e-23)
(0.90488902005088 -5.2508962526031e-23 -5.2508962526031e-23)
(0.90488901998938 -1.3139226538606e-22 -1.3139226538606e-22)
(0.90488901968186 -1.8662441820482e-22 -1.8662441820482e-22)
(0.90488901823236 -6.2456390624205e-23 -6.2456390624205e-23)
(0.9048890118265 -6.7645158496813e-24 -6.7645158496813e-24)
(0.90488898540286 3.4896685092353e-23 3.4896685092353e-23)
(0.90488888419628 1.1904865636839e-22 1.1904865636839e-22)
(0.90488852637643 1.682702220584e-23 1.682702220584e-23)
(0.9048873663781 -7.88938976086e-23 -7.88938976086e-23)
(0.90488394493548 -1.26670373805e-22 -1.26670373805e-22)
(0.90487484083082 3.0545114980441e-23 3.0545114980441e-23)
(0.90485319570997 1.0239224962547e-22 1.0239224962547e-22)
(0.90480763513808 3.4219040752943e-23 3.4219040752943e-23)
(0.90472372564186 1.1701701569595e-22 1.1701701569595e-22)
(0.90458813583079 1.2426479569882e-22 1.2426479569882e-22)
(0.90440090605004 1.6909868445736e-23 1.6909868445736e-23)
(0.90415088228178 -1.7571598914059e-22 -1.7571598914059e-22)
(0.90400385223558 -3.174073259056e-22 -3.174073259056e-22)
(0.88543455958518 -3.4571256689381e-22 -3.4571256689381e-22)
)
;

boundaryField
{
    left
    {
        type            zeroGradient;
    }
    right
    {
        type            zeroGradient;
    }
    sides
    {
        type            empty;
    }
}


// ************************************************************************* //
